5.629999999999924
0.0
0.0
-0.01
-12.209999999999907
-12.91999999999989
-15.679999999999836
-0.0500000000000001
33.549999999999876
0.0
-1.2700000000000007
-5.339999999999957
-11.720000000000145
-1.7799999999997906
7.329999999999556
5.680000000000195
42.54999999999909
0.0
1.4500000000000848
-9.52999999999977
-9.110000000000037
0.3500000000000206
-6.820000000000073
-42.96000000000106
-15.05999999999993
0.0
-6.060000000000003
-7.970000000000113
10.750000000000018
-20.789999999999928
6.290000000000481
22.549999999999503
1.2100000000000009
-0.06999999999999999
35.79000000000033
-11.629999999999763
15.069999999998615
0.4099999999999861
14.999999999999659
8.999999999999623
6.980000000000084
19.579999999999675
31.410000000000043
-18.049999999999706
2.77000000000002
0.36000000000004334
1.6899999999999997
18.43999999999997
-1.0600000000000005
-0.01
