0.2700000000000001
0.0
0.0
0.0
0.0
0.0
0.0
0.0
0.0
0.0
0.0
0.0
0.0
0.0
0.0
0.0
0.0
0.0
0.0
0.0
0.0
0.0
-0.05
0.2799999999999999
-0.21
-0.03999999999999991
-0.03999999999999997
0.05
0.06
-0.07
0.0
0.0
0.0
0.0
-0.12000000000000001
-0.47000000000000003
-0.15000000000000024
0.04000000000000001
0.30999999999999994
-0.06999999999999997
0.10999999999999995
0.6399999999999999
0.23
0.13999999999999999
0.5700000000000002
0.12999999999999998
0.0
0.0
-0.01
-0.15
0.43999999999999984
0.23999999999999969
0.5900000000000001
0.12999999999999998
0.07000000000000002
-0.43
0.16999999999999982
0.05999999999999988
0.5299999999999995
0.6700000000000004
0.15
0.0
0.0
-0.03
-0.44000000000000006
0.29999999999999993
0.39999999999999974
0.3999999999999999
0.05999999999999991
-0.43999999999999934
-0.19999999999999996
-0.19999999999999993
-0.5999999999999999
0.3699999999999997
0.6600000000000003
0.060000000000000005
0.0
0.0
-0.03
-0.21999999999999995
-0.25000000000000006
-0.10999999999999995
0.48000000000000026
0.12999999999999995
-0.17000000000000007
-0.24999999999999986
-0.6400000000000001
-0.6900000000000001
-0.09999999999999992
0.30000000000000004
0.0
0.0
0.0
-0.08
-0.32999999999999985
0.2299999999999995
0.4499999999999996
0.20999999999999996
-0.06000000000000018
-0.7999999999999998
0.21
0.04999999999999989
0.19999999999999982
-0.31000000000000005
-0.07
0.0
0.0
0.0
-0.009999999999999988
-0.48
-0.2500000000000002
0.4600000000000005
0.42999999999999977
-0.22999999999999968
-0.49
-0.11999999999999991
-0.1699999999999998
-0.06000000000000007
-0.32
-0.16
-0.03
0.0
0.0
-0.03999999999999998
-0.27999999999999997
-0.43999999999999984
-0.05000000000000011
-0.9000000000000002
-0.1599999999999999
0.04999999999999995
0.2799999999999999
-0.14999999999999972
0.3900000000000002
-0.12000000000000004
-0.01
0.0
0.0
0.0
0.3899999999999999
0.4700000000000003
0.18999999999999972
0.29999999999999905
-0.04000000000000012
0.1600000000000007
0.30999999999999983
0.22999999999999962
0.27
0.1299999999999999
-0.16999999999999998
0.0
0.0
0.0
-0.03
0.12
1.0600000000000007
0.25
-0.33
0.1399999999999998
0.08000000000000004
0.13
-0.09999999999999992
0.5199999999999995
-0.6200000000000002
-0.03
0.0
0.0
0.0
-0.02
-0.1
-0.08
-0.41000000000000014
-0.30999999999999983
0.3700000000000003
0.2799999999999999
-0.07000000000000009
-0.059999999999999956
-0.09999999999999996
-0.08
-0.01
0.0
0.0
0.0
0.0
0.0
-0.01
0.010000000000000004
0.29
0.07999999999999997
-0.019999999999999997
-0.06
-0.03
0.0
0.0
0.0
0.0
0.0
0.0
