0.5200000000000002
0.0
0.0
0.0
0.0
0.0
0.0
0.0
0.0
0.0
0.0
0.0
0.0
0.0
0.0
0.0
0.0
0.0
0.0
0.0
0.0
-0.05
-0.25
0.04
0.6000000000000003
-0.03999999999999998
-0.12999999999999998
-0.019999999999999997
-0.03
0.01
0.0
0.0
0.0
0.0
0.09
0.06999999999999997
-0.5500000000000003
0.16999999999999985
0.10999999999999995
0.020000000000000205
0.1299999999999995
0.29999999999999993
0.11999999999999984
0.019999999999999955
0.2200000000000001
-0.01
0.0
-0.04
-0.19
-0.38
0.24000000000000002
-0.5200000000000004
0.03999999999999976
0.4399999999999997
-0.0499999999999997
-0.17
-0.16000000000000003
1.0000000000000002
0.9500000000000002
1.1700000000000008
0.04
0.0
-0.05
0.07999999999999999
-0.16000000000000003
0.45000000000000007
1.1449174941446927E-16
0.04999999999999976
-0.04000000000000004
-0.30000000000000004
0.12000000000000019
-0.2000000000000001
-0.06999999999999974
0.2299999999999999
0.27999999999999997
0.0
0.0
-0.01
0.18999999999999997
0.0699999999999999
0.97
0.25999999999999995
0.2099999999999999
0.13999999999999999
-0.8500000000000001
-0.5000000000000006
-0.9099999999999997
-1.600000000000001
-0.7400000000000002
-0.07
0.0
0.0
0.0
0.12
0.6300000000000003
0.5599999999999997
0.2699999999999999
0.8700000000000006
0.009999999999999842
-0.5199999999999994
-0.85
0.48
-0.53
-0.4699999999999999
-0.05
0.0
0.0
0.0
0.18999999999999992
-0.9600000000000005
-0.059999999999999984
0.35999999999999965
0.25999999999999973
-0.34999999999999976
-0.8500000000000004
-0.3299999999999994
0.29000000000000037
0.2899999999999998
-0.5100000000000001
-0.060000000000000005
0.0
0.0
0.12999999999999998
0.09
0.3500000000000001
-0.6100000000000004
-0.39999999999999913
-0.4699999999999989
-0.2900000000000004
0.33999999999999925
-0.1699999999999998
0.3299999999999998
-0.15000000000000013
-0.040000000000000084
-0.12
0.0
0.0
0.15000000000000002
0.09999999999999995
0.59
0.05000000000000013
0.3700000000000007
-0.2699999999999994
0.3999999999999989
0.37
0.49000000000000005
0.5900000000000004
-0.08999999999999991
0.43000000000000027
0.0
0.0
0.0
0.46000000000000013
-0.14
0.14999999999999974
0.49000000000000105
0.12999999999999945
0.7899999999999999
-0.4599999999999998
0.1999999999999996
0.07999999999999985
0.06999999999999995
0.24000000000000024
0.44000000000000006
0.05
0.0
0.0
0.0
-0.11000000000000007
0.3
-0.14999999999999936
-0.18000000000000022
0.15999999999999995
0.3399999999999998
0.4799999999999995
-0.2900000000000001
0.03999999999999997
0.19
0.13
0.0
0.0
0.0
0.0
0.0
0.0
-0.07
0.05
0.14
0.16000000000000003
0.02000000000000001
-0.13999999999999999
-0.07999999999999999
0.0
0.0
0.0
0.0
0.0
