1.9369999999998975
0.0
0.0
0.0
0.4770000000000004
0.5300000000000004
0.10500000000000165
0.7340000000000005
1.114000000000022
-1.1560000000000008
-0.23900000000000016
0.15000000000000197
-0.2860000000000011
0.013000000000002319
0.0710000000000003
-0.03300000000000507
1.029999999999996
0.0
-0.5760000000000004
0.2560000000000004
0.10800000000001583
-0.2139999999999999
-0.2489999999999996
-0.14199999999999752
0.009999999999999967
0.0
0.00500000000000023
-0.13400000000000112
0.1600000000000001
-0.2780000000000003
-0.07699999999999285
0.26900000000000024
-0.19300000000000128
-0.003
-0.5379999999999999
0.021000000000001812
0.10299999999999052
0.07000000000001401
0.202
0.042000000000002216
1.2269999999999939
-0.001
0.2670000000000001
-0.09200000000000003
0.04599999999999983
0.3360000000000002
0.34400000000000014
-0.2650000000000002
0.0
0.0
