0.1300000000000001
0.0
0.0
0.0
0.0
0.0
0.0
0.0
0.0
-0.002
0.0
0.0
0.0
0.0
0.0
0.0
0.0
0.0
0.0
0.0
0.0
0.0
0.04600000000000003
-0.004
-0.07200000000000005
-0.022000000000000006
0.015000000000000001
0.03600000000000002
0.01800000000000001
-0.013000000000000005
0.0
0.0
0.0
-0.012
-0.05
0.05300000000000002
-0.043
-0.04099999999999998
0.03200000000000003
-0.06400000000000003
0.044
-0.014999999999999986
0.023999999999999945
0.060000000000000026
0.026000000000000002
-0.006
0.0
0.0
-0.03500000000000002
-0.053000000000000005
-0.006999999999999988
-0.04699999999999989
0.08800000000000001
0.02699999999999997
-0.07400000000000005
-0.06500000000000006
0.1260000000000001
-0.009999999999999992
0.23600000000000018
0.1330000000000001
0.013000000000000008
0.0
-0.002
-0.004999999999999998
-0.1570000000000001
0.16000000000000011
-0.04800000000000004
0.043000000000000024
-0.06000000000000001
-0.05600000000000002
-0.063
-0.04300000000000001
0.061000000000000054
0.05400000000000002
0.11600000000000006
0.004
0.0
-0.003
0.005
0.11700000000000008
0.09500000000000003
0.10700000000000005
0.09300000000000005
-0.08000000000000006
-0.09700000000000006
-0.10700000000000007
-0.11400000000000005
-0.19400000000000014
-0.12600000000000008
-0.015000000000000006
0.0
0.0
-0.001
-0.018000000000000002
0.034000000000000016
-0.003999999999999924
0.06700000000000003
0.1530000000000001
0.064
-0.04600000000000011
-0.11200000000000006
-0.05499999999999998
-0.028000000000000056
-0.1500000000000001
-0.028000000000000018
0.0
0.0
0.0
-0.05800000000000003
-0.04200000000000001
0.012999999999999972
0.10900000000000006
-0.08900000000000005
-0.01800000000000009
-0.08000000000000006
-0.06900000000000003
0.04900000000000006
0.07200000000000002
-0.12200000000000008
-0.035000000000000024
0.0
0.0
-0.004
-0.033999999999999975
0.05700000000000001
-0.11500000000000005
-0.09100000000000007
0.010999999999999985
-0.07900000000000003
-0.019000000000000006
0.06400000000000006
-0.00399999999999991
0.1660000000000001
0.06600000000000002
-0.024000000000000007
0.0
0.0
-0.03600000000000002
-0.025999999999999975
0.1350000000000001
0.034000000000000016
0.08000000000000002
-0.04899999999999993
0.040000000000000036
-0.004999999999999986
-0.007999999999999924
0.04300000000000001
-0.029000000000000057
-0.07000000000000003
-0.004
0.0
0.0
-0.01800000000000001
-0.07300000000000005
0.05600000000000012
0.11800000000000005
0.03299999999999992
0.1660000000000001
-0.06399999999999999
0.046999999999999986
-0.0019999999999999983
-0.078
0.046999999999999986
0.00599999999999999
-0.001
0.0
0.0
-0.004
0.05000000000000003
-0.016000000000000018
-0.059000000000000025
0.06100000000000001
0.034999999999999976
0.09300000000000005
-0.017000000000000022
0.11400000000000006
-0.013999999999999959
0.11500000000000007
0.017000000000000008
0.0
0.0
0.0
0.0
0.0
0.05800000000000004
0.05000000000000003
0.09200000000000007
0.07100000000000005
0.023000000000000007
0.056000000000000036
0.07200000000000005
-0.02700000000000001
-0.029000000000000015
0.0
0.0
0.0
0.0
