18.200000000000045
0.0
0.0
-0.13
-11.210000000000273
-9.200000000000088
-31.669999999999533
3.4299999999999624
22.909999999998632
-1.8200000000000014
-23.150000000000684
-8.099999999999444
2.3100000000001035
-8.189999999999154
19.16999999999829
2.4999999999999907
12.34999999999949
-9.11999999999985
-9.20999999999998
-5.579999999999909
8.020000000000401
-5.469999999999336
-15.300000000002388
-31.589999999994724
-44.60000000000036
-0.2900000000000001
-15.07999999999876
14.390000000002146
16.419999999997742
-28.309999999996325
-23.609999999994766
21.06999999999838
-14.56999999999986
3.2599999999999745
44.85000000000336
-29.910000000004178
16.289999999999132
2.919999999999806
9.770000000000053
9.180000000000938
36.32000000000006
-0.37000000000000016
51.76000000000219
-21.0499999999988
7.020000000000066
3.169999999999919
-4.3600000000002455
13.98999999999973
0.0
0.0
