0.017000000000000008
0.0
0.0
0.0
0.0
0.0
0.0
0.0
0.0
0.0
0.0
0.0
0.0
0.0
0.0
0.0
0.0
0.0
0.0
0.0
0.0
0.0
0.0
0.0
0.0
0.0
0.0
0.0
0.0
0.0
0.0
0.0
0.0
0.0
0.0
0.0
0.0
0.0
0.0
0.0
0.0
0.0
0.0
0.0
0.0
0.0
0.0
0.0
0.0
0.0
0.0
0.0
0.0
0.0
0.0
0.0
0.0
0.0
0.0
0.0
0.0
0.0
0.0
0.0
0.0
0.0
0.0
0.0
0.0
0.0
0.0
-0.006
-0.005
-0.004
-0.004
-0.002
-0.004
0.0
0.0
0.0
0.0
0.0
0.0
0.0
0.0
0.0
0.0
0.0
0.0
0.0
0.0
0.0
0.0
0.0
0.0
0.0
0.0
0.0
0.0
-0.003
-0.004
-0.008
0.001
0.004
0.0
-0.003
-0.007
0.0
-0.009000000000000001
0.003
-0.002
0.004
0.006
0.0
0.0
0.0
0.0
0.0
0.0
0.0
0.0
0.0
0.0
-0.002
-0.009000000000000001
-0.007
0.0
-0.010000000000000002
0.015
0.009000000000000001
-0.011000000000000001
-0.004
-0.004
-0.013000000000000008
0.004
0.015999999999999993
-0.005999999999999999
0.004
0.018000000000000002
0.014000000000000002
0.009000000000000001
0.005
0.0
0.0
0.0
0.0
0.0
0.0
0.0
0.0
0.0
-0.002
-0.011000000000000001
-0.006
0.02600000000000001
0.012000000000000004
0.0
0.003
0.011
0.014999999999999993
0.022000000000000006
-0.018000000000000002
-0.01
0.005000000000000004
0.002
0.003
-0.0019999999999999983
0.019000000000000003
0.016
0.017
0.014000000000000004
0.008
0.0
0.0
0.0
0.0
0.0
0.0
0.0
-0.002
-0.006
0.003
0.001
0.019000000000000003
-0.004999999999999999
-0.002
-0.013000000000000001
0.0
-0.011
-0.009000000000000005
0.005
-0.02500000000000001
-0.024000000000000014
-0.011000000000000006
0.004
0.010000000000000002
0.001
-0.007000000000000001
0.016
0.014
0.013999999999999999
0.0
0.0
0.0
0.0
0.0
0.0
0.0
-0.002
0.003
0.006
-0.002
-0.018000000000000002
-0.007000000000000004
-0.003
0.007
0.002
-0.010000000000000005
0.007000000000000001
-0.012000000000000005
0.013999999999999993
-0.004
-0.014000000000000007
-0.01800000000000001
-0.003
0.033000000000000015
0.032000000000000015
0.024000000000000007
0.04200000000000002
0.02700000000000001
0.006
0.002
0.0
0.0
0.0
0.0
0.0
-0.008
0.001
0.001
0.003
0.003
0.018000000000000002
-0.009000000000000011
0.002
-0.004
0.007000000000000001
-0.004000000000000001
-0.01899999999999999
0.02700000000000001
-0.018000000000000002
0.0
0.004
0.008
0.009000000000000003
0.009999999999999998
-0.006
0.02800000000000001
0.017
0.006
0.002
0.0
0.0
0.0
-0.002
-0.004
-0.006
0.003
0.005
0.02500000000000001
0.0029999999999999983
0.014000000000000005
0.020999999999999998
0.008
0.025000000000000015
0.011000000000000001
-0.001
0.010000000000000004
-0.009000000000000006
-0.008
-0.007000000000000007
0.002
0.004
0.005
0.009999999999999998
0.007
0.014000000000000004
0.020000000000000004
0.0
0.0
0.0
0.0
0.0
-0.002
-0.002
-0.004
-0.003
0.004
0.01
0.013000000000000006
-0.011000000000000003
0.027000000000000003
0.009000000000000008
0.020000000000000018
0.020999999999999998
0.005999999999999997
0.0020000000000000035
-0.031000000000000007
-0.009000000000000008
-0.014000000000000007
-0.013999999999999993
-0.008999999999999998
-0.022000000000000013
-0.012
-0.013000000000000005
0.0
0.006
0.0
0.0
0.0
0.0
0.0
0.0
-0.004
0.002
-0.001
0.009999999999999997
0.013000000000000001
0.017
-0.001
0.02700000000000001
-0.004000000000000004
0.006
0.001
0.01
-0.007000000000000008
-0.009000000000000001
-0.004000000000000001
-0.01800000000000001
-0.033000000000000015
-0.03400000000000002
-0.024000000000000007
-0.02600000000000001
0.001
-0.002
0.0
0.0
0.0
0.0
0.0
0.0
0.0
0.0
0.005
-0.007
0.006
-0.004
0.001
0.016
-0.004
0.016000000000000007
0.006
-0.003
0.029000000000000012
-0.006
0.009000000000000001
-0.008000000000000005
-0.014000000000000002
-0.00599999999999999
-0.006
-0.007000000000000001
-0.02500000000000001
0.005
-0.016
0.0
0.0
0.0
0.0
0.0
0.0
0.0
0.0
0.006
0.006
-0.019000000000000003
0.01
0.024000000000000007
0.020000000000000004
-0.004999999999999997
0.020000000000000004
0.013000000000000001
0.010000000000000002
0.011000000000000008
-0.006
-0.016
-0.017
-0.010000000000000005
-0.002
0.016000000000000007
-0.007000000000000001
-0.015000000000000003
-0.012
-0.014000000000000002
0.0
0.0
0.0
0.0
0.0
0.0
0.0
0.0
0.006
0.0
0.0
0.009000000000000001
0.021000000000000005
0.0020000000000000018
0.03200000000000002
0.0069999999999999975
-0.002
0.021000000000000005
0.009000000000000001
0.007
0.001999999999999999
-0.007000000000000004
0.007
-0.007
0.009000000000000001
-0.003
-0.019000000000000003
-0.004
-0.006000000000000001
0.0
0.0
0.0
0.0
0.0
0.0
0.0
0.004
0.006
-0.016
-0.018000000000000002
-0.010000000000000002
0.018000000000000002
0.002
-0.002
-0.004
0.002000000000000001
-0.019000000000000003
-0.019000000000000003
-0.011
-0.011000000000000008
-0.005
-0.023
-9.999999999999992E-4
-0.015000000000000003
0.005999999999999997
-0.008
-0.004000000000000001
-0.006
0.0
-0.002
0.0
0.0
0.0
0.0
0.0
0.0
0.007
-0.002
0.002
-0.005
-0.021000000000000005
-0.010999999999999985
0.007
0.018000000000000002
-0.006000000000000004
-0.013000000000000008
-0.010000000000000002
-0.016000000000000007
-0.015000000000000005
0.0
-0.019999999999999997
-0.006999999999999998
0.0
-0.01
0.006
-0.006
-0.002
0.0
0.0
0.0
0.0
0.0
0.0
0.0
0.003
-0.003
-0.003
0.017000000000000008
-0.017
-0.0050000000000000044
-0.020000000000000004
-0.021000000000000005
-0.045000000000000026
-0.012000000000000002
-0.013000000000000008
-0.015000000000000003
0.001
0.018000000000000002
-0.001
0.009000000000000005
-0.007999999999999993
0.004
0.01
-0.015000000000000001
0.015000000000000001
0.001
0.0
0.0
0.0
0.0
0.0
0.0
0.0
-0.004
-0.006
0.002
0.01900000000000001
0.021000000000000005
-0.014000000000000005
-0.002
-0.003
-0.006999999999999998
-0.019000000000000003
-0.018000000000000002
-0.001
-0.013999999999999999
0.019000000000000003
-0.002
0.022000000000000013
-0.023000000000000007
0.008
0.006
-0.006
0.010000000000000002
0.008
0.0
0.0
0.0
0.0
0.0
0.0
0.0
-0.004
-0.008000000000000002
0.016
0.008
0.005
0.02700000000000001
0.016
-0.018000000000000002
0.007999999999999998
0.022000000000000006
-0.0029999999999999983
-0.003
0.010000000000000002
0.009999999999999998
0.013000000000000006
0.02700000000000001
-0.005000000000000001
0.017
-0.003
0.013000000000000001
0.01
0.005
0.0
0.0
0.0
0.0
0.0
0.0
0.0
-0.004
-0.009000000000000001
-0.005000000000000001
0.008000000000000004
0.017
0.0
0.009000000000000003
0.0
0.014000000000000002
0.010000000000000002
-0.004
0.012999999999999994
0.014000000000000002
-0.009
-0.009999999999999998
-0.003
0.01900000000000001
-0.011000000000000001
0.006
-0.011000000000000001
0.0
0.013000000000000001
0.0
0.0
0.0
0.0
0.0
0.0
0.0
-0.001
-0.002
-0.01
-0.020000000000000004
0.022000000000000006
0.030000000000000013
0.013
0.009999999999999998
-0.006000000000000004
-0.009000000000000001
-0.018000000000000002
-0.02600000000000001
-0.008000000000000005
-0.011
-0.017999999999999995
0.007
0.0029999999999999966
0.009999999999999997
-0.008
0.0
0.0
0.013000000000000001
0.0
0.0
0.0
0.0
0.0
0.0
0.0
-0.002
-0.008
-0.002
-0.004
-0.003
0.001
0.020000000000000004
0.025
0.005000000000000008
-0.008
-0.010000000000000002
0.015000000000000008
0.022000000000000006
0.001
0.016000000000000007
0.011000000000000003
-0.014000000000000002
0.003
-0.002
-0.002
0.006
0.004
0.0
0.0
0.0
0.0
0.0
0.0
0.0
0.0
-0.002
-0.008000000000000002
0.01
-0.007999999999999998
-0.003000000000000001
0.007999999999999998
0.007000000000000001
0.020000000000000004
0.011999999999999999
-0.008
0.002
0.005999999999999993
0.01499999999999999
-0.007
0.0
0.013000000000000001
0.0
0.009000000000000001
0.003
0.0
0.004
0.0
0.0
0.0
0.0
0.0
0.0
0.0
0.0
-0.002
0.001
0.001
0.001
-0.003
-0.002
0.020000000000000004
0.025
0.008000000000000004
0.005
0.018000000000000002
-0.001
-0.015
0.001
-0.006
0.004
0.004
-0.002
0.002
0.004
0.0
0.0
0.0
0.0
0.0
0.0
0.0
0.0
0.0
0.0
0.0
-0.002
0.001
-0.004
0.006
-0.001
0.005
0.0
0.002
-9.999999999999992E-4
-0.012000000000000002
-0.007
-0.003
0.001
0.0
0.0
0.0
0.0
0.0
0.0
0.0
0.0
0.0
0.0
0.0
0.0
0.0
0.0
0.0
0.0
0.0
0.0
0.0
0.0
0.002
0.002
0.002
0.002
0.0
0.001
0.001
0.0
0.006
0.0
0.0
0.0
0.0
0.0
0.0
0.0
0.0
0.0
0.0
0.0
