0.22300000000000017
0.0
0.0
0.0
0.0
0.0
0.0
0.0
0.0
0.0
0.0
0.0
0.0
0.0
0.0
0.0
0.0
0.0
0.0
0.0
-0.02600000000000001
-0.04600000000000001
0.10000000000000007
0.09100000000000007
-0.035
-0.10700000000000005
-0.03500000000000001
0.04700000000000003
0.04900000000000004
0.060000000000000046
0.0
0.0
0.0
-0.06800000000000005
-0.035
-0.1510000000000001
0.0700000000000001
-0.05899999999999997
0.056999999999999995
-0.05300000000000013
0.07800000000000003
-0.028999999999999897
0.07500000000000007
0.04999999999999995
0.11000000000000008
0.03400000000000002
0.0
-0.03000000000000002
-0.21000000000000016
0.06100000000000001
0.09900000000000006
0.027000000000000017
-0.023000000000000072
0.08700000000000004
0.02700000000000008
-0.1540000000000001
0.2450000000000002
-0.07699999999999993
0.23100000000000018
0.11700000000000008
-0.031000000000000017
0.0
-0.017000000000000008
-0.027999999999999976
0.009000000000000008
0.08500000000000005
0.027000000000000014
0.028999999999999963
-0.08800000000000005
-0.08700000000000005
-0.10200000000000006
-0.08100000000000003
-0.12300000000000008
0.1520000000000001
0.20800000000000016
0.006
0.0
-0.015000000000000006
0.05800000000000002
0.00699999999999997
0.075
0.10600000000000005
0.17400000000000013
-0.04099999999999997
-0.06900000000000002
-0.07600000000000007
-0.047
-0.2930000000000002
-0.09900000000000006
-0.03500000000000001
0.0
0.0
0.0
0.076
0.09600000000000004
0.041999999999999926
-0.0020000000000000243
0.16800000000000012
0.06600000000000002
-0.13400000000000012
-0.06700000000000002
-0.03199999999999997
-0.05000000000000002
-0.02500000000000001
-0.006
0.0
0.0
0.0
0.06399999999999997
-0.1560000000000001
-0.04400000000000001
0.15900000000000009
0.023000000000000107
0.07300000000000005
-0.060000000000000026
-0.05500000000000002
-0.07900000000000001
0.11300000000000003
-0.05700000000000001
-0.039999999999999994
0.0
0.0
0.0
-0.1590000000000001
0.0030000000000000703
-0.054000000000000006
-0.10800000000000014
-0.17600000000000013
-0.1370000000000001
0.0010000000000000763
-0.001999999999999962
0.0030000000000001267
0.058000000000000024
-0.030000000000000044
-0.045000000000000005
0.0
0.0
0.05000000000000001
0.10000000000000006
0.22700000000000015
0.07800000000000006
0.011
0.12500000000000006
0.04700000000000004
0.011999999999999953
-0.005999999999999964
0.09600000000000002
-0.03399999999999996
-0.009000000000000005
0.04300000000000004
-0.004
0.0
0.034000000000000016
-0.061000000000000026
0.04400000000000007
0.11400000000000005
0.011000000000000149
0.031000000000000083
-0.015999999999999924
0.08800000000000002
-0.12700000000000009
0.012999999999999949
0.008000000000000021
0.09200000000000004
-0.02600000000000001
0.0
0.0
-0.004
-0.025000000000000043
0.026999999999999982
0.025000000000000057
-0.015000000000000008
0.068
0.04000000000000008
9.999999999999827E-4
0.003999999999999927
0.06300000000000003
0.05900000000000004
-0.004999999999999979
0.0
0.0
0.0
-0.001
0.0
0.07000000000000005
0.024000000000000007
0.1370000000000001
-0.016999999999999994
-0.03900000000000002
0.06000000000000004
-0.047000000000000014
-0.09300000000000005
-0.07400000000000004
-0.032000000000000015
0.0
0.0
0.0
