2.089999999999881
0.0
0.0
-0.006
0.08800000000000005
0.3150000000000002
0.028999999999999526
0.43700000000000033
0.4870000000000003
0.005
-1.7259999999999207
-0.08499999999999731
-0.009999999999999513
-0.08800000000001225
0.019000000000003653
0.042999999999998643
0.7730000000000006
-0.46500000000000036
0.020000000000000566
0.09699999999999967
0.09600000000001122
-0.1429999999999924
-0.15699999999999958
-0.18899999999999983
-0.1620000000000001
-0.014000000000000005
-0.05200000000000119
0.00700000000000102
0.1369999999999998
-0.18300000000000016
0.010999999999998787
0.16099999999998305
-0.09900000000000901
-0.10600000000000007
0.11800000000001834
-0.054999999999999064
0.14199999999999846
-0.003999999999992423
0.039000000000000666
0.15100000000001118
0.3990000000000002
1.1660000000000403
0.43600000000000033
-0.11500000000000184
0.17799999999999988
0.10699999999999404
0.1450000000000001
-0.05300000000000048
-0.7480000000000006
-0.001
