0.03300000000000002
0.0
0.0
0.0
0.0
0.0
0.0
0.0
0.0
0.0
0.0
0.0
0.0
0.0
0.0
0.0
0.0
0.0
0.0
0.0
0.0
0.0
0.0
0.0
0.0
0.0
0.0
0.0
0.0
0.0
0.0
0.0
0.0
0.0
0.0
0.0
0.0
0.0
0.0
0.0
0.0
0.0
0.0
0.0
0.0
0.0
0.0
0.0
0.0
0.0
0.0
0.0
0.0
0.0
0.0
0.0
0.0
0.0
0.0
0.0
0.0
0.0
0.0
0.0
0.0
0.0
0.0
0.0
-0.004
-0.004
0.0
0.0
0.0
0.0
-0.002
-0.001
-0.002
0.0
0.0
0.0
0.0
0.0
0.0
0.0
0.0
0.0
0.0
0.0
0.0
0.0
0.0
0.0
0.0
0.0
0.0
0.0
-0.006
-0.004
-0.004
-0.003
0.003
0.016
0.013000000000000001
0.002
-0.002
-0.006
-0.006
0.001
0.002
0.005
0.01
0.004
0.0
0.0
0.0
0.0
0.0
0.0
0.0
0.0
0.0
0.0
-0.004
-0.004
-0.006
0.007
0.011000000000000003
-0.009000000000000001
0.006
-0.017
-0.029000000000000012
-0.013000000000000006
0.0070000000000000045
0.005
-0.011999999999999999
-0.003
0.015000000000000006
0.016999999999999987
-0.018000000000000002
0.022000000000000006
0.015
0.004
0.014
0.0
0.0
0.0
0.0
0.0
0.0
0.0
-0.004
-0.002
-0.012000000000000002
0.001
0.013
-0.008000000000000002
-0.019000000000000003
-0.002
0.016999999999999994
0.02099999999999999
0.022000000000000006
-0.012000000000000007
0.012000000000000004
0.006
0.017999999999999995
0.012000000000000004
-0.016
0.026000000000000002
-0.002999999999999999
0.011999999999999997
0.008000000000000002
0.023000000000000007
0.006
0.0
0.0
0.0
0.0
0.0
0.0
-0.008
-0.003
-0.006000000000000002
0.003
0.020000000000000004
0.007000000000000004
0.005000000000000001
-0.004
-0.007
-0.010999999999999992
-0.013999999999999992
-0.004
-0.011999999999999993
-0.002
-0.016999999999999994
0.017000000000000008
0.02000000000000001
0.022000000000000006
0.021000000000000005
0.03500000000000002
0.04000000000000002
0.03500000000000002
0.008
-0.002
0.0
0.0
-0.002
0.0
-0.002
-0.01
-0.008
-0.004
-0.019999999999999997
0.007
-0.02800000000000001
-0.008
0.013000000000000001
0.014
-0.0020000000000000018
-0.019999999999999997
0.006999999999999993
0.033000000000000015
-0.005999999999999998
-0.0020000000000000035
-0.0019999999999999966
-0.010999999999999992
0.006000000000000002
0.0
0.021000000000000005
0.04700000000000003
0.05900000000000004
0.004
0.002
0.0
0.0
0.0
0.0
-0.003
-0.009000000000000001
-0.006
-0.021000000000000005
-0.004999999999999997
0.014000000000000004
-0.012
0.022000000000000006
-0.0030000000000000035
-0.003
0.033000000000000015
0.002000000000000001
-0.014000000000000002
0.001
0.009000000000000003
0.008
-0.011999999999999999
0.0040000000000000105
0.003
0.029000000000000012
0.035000000000000024
0.033000000000000015
0.02600000000000001
0.012
0.006
0.0
0.0
0.0
0.0
-0.003
-0.008
-0.002
-0.003
-0.003
-0.0049999999999999975
0.017
-0.0030000000000000035
-0.007000000000000004
0.011999999999999995
9.999999999999966E-4
0.003000000000000002
-0.006
-0.023000000000000013
-0.07000000000000005
-0.027000000000000003
-0.007000000000000001
-0.006
0.009000000000000001
0.01199999999999999
0.004
0.029000000000000012
0.033000000000000015
0.022000000000000006
0.0
0.0
0.0
0.0
0.0
-0.002
-0.007
-0.005000000000000001
0.005
0.009000000000000001
0.02500000000000001
-0.007
0.022000000000000013
0.004
0.003000000000000007
0.017999999999999988
-0.005999999999999997
0.011000000000000001
-0.03600000000000002
0.003999999999999993
-0.007000000000000004
-0.035000000000000024
-0.003999999999999995
-0.022000000000000006
-0.034000000000000016
0.002
0.032000000000000015
0.02500000000000001
0.0
0.0
0.0
0.0
0.0
0.0
-0.003
-0.001
-0.015
0.021000000000000005
0.017000000000000008
0.010000000000000007
0.018000000000000002
0.028000000000000004
-0.010999999999999992
0.05100000000000003
-0.0010000000000000035
0.004000000000000002
0.004000000000000002
0.009000000000000005
-0.04700000000000003
-0.01900000000000001
-0.02800000000000001
-0.02800000000000001
-0.04800000000000003
-0.03900000000000002
-0.02800000000000001
-0.023000000000000007
0.002
0.0
0.0
0.0
0.0
0.0
0.0
-0.001
0.003
0.0
-0.001
0.007000000000000004
-0.012000000000000004
0.009000000000000008
0.021000000000000005
0.020999999999999998
0.04800000000000003
0.010999999999999994
0.03400000000000002
-0.023000000000000013
-0.011000000000000006
-0.012000000000000004
-0.04000000000000003
-0.034000000000000016
0.0019999999999999966
0.005000000000000001
-0.021000000000000005
0.006
-0.005000000000000001
0.016
0.0
0.0
0.0
0.0
0.0
-0.002
-0.001
0.001
-0.005
0.002
0.015000000000000001
-0.004999999999999993
0.044000000000000025
0.004999999999999997
0.02600000000000003
0.013999999999999986
-0.008999999999999998
0.023
0.004999999999999979
-0.02000000000000001
0.0019999999999999966
0.004999999999999999
-0.006
-0.013999999999999995
0.001
-0.005000000000000001
-0.010000000000000002
-0.006
0.0
0.0
0.0
0.0
0.0
0.0
0.0
-0.001
-0.003
-0.010000000000000002
-0.024000000000000007
-0.008999999999999998
0.016
0.008000000000000004
0.030000000000000006
0.006
0.03200000000000001
0.003999999999999987
-0.006000000000000004
-0.0020000000000000035
0.009999999999999992
-0.01500000000000001
0.012999999999999994
-0.006
0.007000000000000002
0.016
-0.020000000000000004
-0.002
0.001
0.0
0.0
0.0
0.0
0.0
0.0
0.0
-0.001
-0.012
-0.02500000000000001
-0.013000000000000001
-0.03000000000000002
-0.008
-0.022
-9.999999999999983E-4
0.0030000000000000044
-0.003999999999999997
-0.02600000000000001
0.007000000000000004
-0.017999999999999988
-0.007999999999999998
-0.008999999999999998
-0.03800000000000002
0.030000000000000006
0.002
-0.02100000000000001
0.002
0.004000000000000001
0.001
0.006
-0.01
0.0
0.0
0.0
0.0
-0.002
-0.004
-0.003
-0.02500000000000001
-0.011
-0.017
0.012
-0.008999999999999998
-0.016
0.0020000000000000035
-0.033000000000000015
-0.0050000000000000044
-0.019000000000000017
-0.008999999999999994
-0.0030000000000000027
-0.0029999999999999966
-0.008
-0.021000000000000005
0.013000000000000006
0.001
-0.014999999999999993
0.013000000000000003
0.011
0.008
0.0
0.0
0.0
0.0
0.0
-0.001
-0.003
-0.008
-0.008
0.032000000000000015
0.016999999999999994
-0.028000000000000018
-0.019000000000000017
0.0010000000000000035
-0.008999999999999996
-0.008999999999999998
-0.008000000000000002
0.003999999999999996
0.008
-0.011000000000000001
0.0
9.999999999999966E-4
-0.01
0.004
0.01900000000000001
-0.009000000000000001
0.01
0.008
0.003
0.0
0.0
0.0
0.0
0.0
0.0
0.002
0.001
0.010000000000000002
0.024000000000000007
0.007000000000000001
-0.011999999999999993
-0.00800000000000001
-0.023000000000000013
-0.015000000000000006
-0.05600000000000004
-0.024000000000000014
0.0
-0.0019999999999999966
0.023000000000000007
0.014999999999999993
0.015
-0.005
0.011000000000000003
0.006
-0.007
0.015000000000000001
0.004
0.006
0.0
0.0
0.0
0.0
0.0
0.002
-0.002
-0.006
-0.004
0.012999999999999998
0.011999999999999995
-0.008000000000000002
0.008
-0.001
-0.006000000000000002
0.04100000000000002
-0.010000000000000002
-0.013999999999999999
0.001
0.018000000000000002
0.016999999999999994
0.023000000000000007
-0.010000000000000002
-3.469446951953614E-18
0.02700000000000001
0.007000000000000001
0.023000000000000007
-0.002
0.006
-0.008
0.0
0.0
0.0
0.0
0.004
0.008
0.015
-0.009000000000000001
0.001
0.027000000000000003
0.04000000000000002
0.019000000000000017
-0.002
0.011999999999999997
-0.008000000000000004
-0.01
-0.01899999999999999
0.008
-0.03200000000000002
-0.024000000000000007
0.033000000000000015
0.007999999999999998
3.469446951953614E-18
0.020000000000000004
0.002
0.017
0.009000000000000001
-0.004
-0.004
0.0
0.0
0.0
0.0
-0.002
0.007
-0.004
0.008000000000000004
-0.02100000000000001
0.011
0.019000000000000003
0.021000000000000005
0.031000000000000014
-0.012000000000000005
-0.013999999999999992
-0.006
-0.009000000000000001
0.002
-0.013000000000000006
0.008
0.020000000000000004
0.015
0.013000000000000003
-0.014999999999999996
0.001
0.006
-0.004
-0.008
-0.008
0.0
0.0
0.0
0.0
-0.002
-0.001
0.009000000000000001
-0.015
-0.009999999999999998
-0.0039999999999999975
0.0030000000000000035
0.019000000000000003
0.001999999999999993
0.016
-0.023
-9.999999999999966E-4
0.0029999999999999983
0.017
0.03800000000000002
0.0
0.012000000000000007
-0.001
-0.013000000000000001
0.0
0.001
0.014
-0.004
0.0
0.0
0.0
0.0
0.0
0.0
-0.002
-0.002
0.006
-0.014000000000000002
0.006
-0.003
0.006000000000000004
-0.001
0.005
0.010000000000000005
0.019000000000000003
0.02700000000000001
0.001
-0.012999999999999987
0.015999999999999993
-0.001
0.01
-0.011
0.002
-0.003
0.014
-0.006
0.0
0.0
0.0
0.0
0.0
0.0
0.0
0.0
0.0
0.01
0.003
-0.009000000000000001
0.009000000000000001
0.014000000000000005
-0.018000000000000002
0.010000000000000002
0.016999999999999994
0.008999999999999998
0.001
0.006000000000000004
-0.011
-0.017
0.001999999999999999
-0.015
-0.001
0.003
0.006
-0.001
-0.002
0.0
0.0
0.0
0.0
0.0
0.0
0.0
0.0
0.0
0.0
0.008
0.013000000000000001
0.005
0.004
0.012000000000000002
0.002
0.005
0.001
-0.0010000000000000009
0.014000000000000002
0.009000000000000001
-0.002
-0.003
-0.003
0.01
-0.001
-0.001
-0.002
0.0
0.0
0.0
0.0
0.0
0.0
0.0
0.0
0.0
0.0
0.0
0.0
0.0
-0.002
-0.005
-0.005
0.004
0.006
0.004
0.003
-0.006
-0.003
-0.006
-0.003
-0.003
-0.001
-0.001
-0.002
0.0
0.0
0.0
0.0
0.0
0.0
0.0
0.0
