15.389999999999716
0.0
0.0
0.0
0.0
0.0
0.0
0.0
0.0
0.0
0.0
0.0
0.0
0.0
0.0
0.0
0.0
0.0
0.0
0.0
-0.25999999999999995
-4.479999999999985
-1.3600000000000012
-3.0799999999999947
-2.4199999999999897
-8.139999999999906
-2.489999999999992
-3.6100000000000025
0.20999999999999958
9.659999999999876
0.0
0.0
0.0
-0.41000000000000014
0.16000000000000036
2.1299999999999986
0.5800000000000026
0.7500000000000059
4.230000000000063
-2.2999999999999896
2.4000000000000092
-4.960000000000324
0.8799999999999859
4.470000000000019
-2.550000000000023
-0.1400000000000003
0.0
-0.02
-4.079999999999982
-6.699999999999968
-2.060000000000005
0.7200000000000111
1.0299999999999971
0.32999999999999774
0.04000000000000431
-0.3999999999999904
2.579999999999853
-2.359999999999879
5.599999999999591
9.399999999999672
-1.6100000000000012
0.0
-0.6900000000000004
-0.5199999999999988
4.539999999999957
-0.39000000000000307
5.010000000000078
-6.860000000000098
6.859999999999478
-4.900000000000406
2.5500000000000496
-3.2199999999999798
-2.3399999999999554
-5.370000000000022
21.939999999999912
4.789999999999942
0.0
-0.46000000000000024
-3.749999999999959
0.5500000000000018
-0.2299999999999999
4.300000000000171
6.68999999999987
-1.9799999999999995
-1.129999999999988
-4.589999999999896
-6.43999999999998
-1.869999999999929
-3.5999999999996724
0.8599999999999997
0.0
0.0
-0.25000000000000006
4.870000000000024
3.5600000000000502
1.1400000000000026
0.5299999999999984
1.479999999999999
5.3500000000002546
-8.02000000000079
6.229999999999972
-4.550000000000044
0.4400000000000007
2.210000000000004
-0.6700000000000002
-0.7600000000000005
0.0
-0.4400000000000002
-1.5400000000000011
-6.810000000000018
0.3899999999999995
6.8399999999999075
-2.939999999999952
2.0200000000000027
-0.7599999999999979
-7.399999999999921
-0.09999999999999916
3.0800000000000254
-7.339999999999964
4.020000000000073
-0.7800000000000005
0.0
-1.490000000000001
1.2200000000000004
4.379999999999612
-1.4599999999999684
-8.77999999999988
-0.09999999999999988
-7.600000000000044
-0.4400000000000037
2.6900000000000373
0.3000000000000106
3.3999999999998374
-1.0800000000000005
-1.1200000000000028
-0.7600000000000005
0.0
4.009999999999959
11.519999999999854
4.219999999999885
-8.199999999999966
3.610000000000253
-1.9099999999999255
7.039999999999588
-1.2399999999999878
-1.3100000000000243
-0.7299999999999874
0.8800000000000012
0.3899999999999998
5.219999999999984
-0.09
0.0
7.519999999999935
11.170000000000002
3.6200000000000783
-0.9000000000000015
4.559999999999997
-0.7600000000000031
-2.7399999999998816
2.020000000000054
5.010000000000157
-7.5800000000001475
1.3299999999999976
6.439999999999966
-3.7399999999999904
0.0
0.0
-0.3100000000000001
7.6799999999999224
1.9200000000000021
2.5599999999999925
-1.500000000000002
0.8500000000000058
4.000000000000051
-4.309999999999973
0.609999999999992
3.610000000000048
-1.6500000000000008
-0.5000000000000003
0.0
0.0
0.0
-0.01
0.0
-1.6200000000000014
-6.2299999999999525
2.9900000000000047
-7.379999999999964
0.3199999999999982
-2.409999999999998
-1.210000000000001
-1.1300000000000003
-3.3300000000000023
-0.10999999999999999
0.0
0.0
0.0
