1.5539999999999397
0.0
0.0
-0.08000000000000006
0.1100000000000001
0.3080000000000002
0.35400000000000026
0.8410000000000006
0.44300000000000034
-0.5380000000000004
-0.9860000000000008
0.06799999999999004
-0.023000000000001283
-0.020999999999998107
0.04000000000000581
0.0909999999999575
0.39900000000000024
-0.6050000000000004
-0.15200000000000008
0.11900000000000999
0.1110000000000266
-0.1870000000000005
-0.23800000000000004
-0.24399999999999994
-0.3780000000000003
-0.11300000000000009
0.037999999999999534
0.05500000000000657
0.20600000000000013
-0.203
-0.04200000000000628
0.18699999999999944
0.029999999999999125
-0.17000000000000012
0.010000000000004183
-0.06799999999995353
0.14400000000000035
0.015999999999996625
-0.013999999999997537
0.07799999999999169
0.016999999999999973
-0.1550000000000001
0.4670000000000004
-0.19900000000000012
0.1519999999999997
0.20900000000000002
-0.015999999999999157
0.38600000000000023
-0.009000000000000001
0.0
