-18247.34900325872
0.0
0.0
0.0
0.0
0.0
0.0
0.0
0.0
0.0
0.0
0.0
0.0
0.0
0.0
0.0
0.0
0.0
0.0
0.0
0.0
0.0
0.0
0.0
0.0
0.0
0.0
0.0
0.0
0.0
0.0
0.0
0.0
0.0
0.0
0.0
0.0
0.0
0.0
0.0
-19.959999999999816
-19.95900000000141
-49.8970000000069
-49.89300000000689
-69.89800000001154
-79.85500000000079
-49.92400000000691
-19.959999999999816
0.0
-19.957999999999817
-29.937000000000726
-29.93700000000073
-19.957999999999817
0.0
0.0
0.0
0.0
0.0
0.0
0.0
0.0
0.0
0.0
0.0
0.0
-19.959999999999816
-19.959999999999816
-39.92400000000283
-69.90000000001153
-159.71500000012554
-239.52800000050664
-389.2540000003405
-598.8359999982808
-678.6599999957427
-958.1249999898712
-1137.6749999852238
-1227.5439999828295
-1027.8979999875712
-698.5629999955275
-329.32400000027116
-179.63600000021054
-69.8570000000116
-19.957999999999817
0.0
0.0
0.0
0.0
0.0
0.0
0.0
0.0
0.0
0.0
-59.87600000002721
-69.85799999999756
-119.76000000000413
-229.59700000044734
-439.15300000048853
-758.566999994431
-1028.0099999874344
-1367.4059999795213
-1936.2909999660415
-2575.1759999853257
-3044.0860000030334
-3024.1370000097336
-2754.7110000032853
-2285.587999973972
-1407.2789999784384
-848.4679999920526
-319.4940000003473
-129.79699999997567
-49.9320000000232
19.961999999999815
0.0
0.0
0.0
0.0
0.0
0.0
0.0
-19.957999999999817
-49.92700000000691
-179.68100000017031
-299.42100000052756
-529.0000000001409
-948.2099999898736
-1607.1929999741444
-2345.8029999751707
-3344.0690000232303
-4402.120000123927
-5570.035000380048
-6468.449000563126
-6877.3690006547195
-6857.36900065248
-6198.813000518966
-5190.669000304073
-3962.850000044232
-2365.7779999741474
-988.4909999888431
-299.60600000064403
199.4830000002608
139.69499999999093
19.983999999999803
0.0
0.0
0.0
0.0
0.0
-19.957999999999817
-59.896000000027236
-69.89699999999759
-419.21200000045934
-778.6179999934625
-1397.4489999789025
-2265.8859999724505
-3803.13600002991
-4951.443000244776
-6019.5710004967605
-7417.02400078927
-9073.923001133475
-9702.944001285794
-10960.474001524344
-10721.119001482815
-9912.388001307503
-8604.66600101645
-6388.731000550354
-4322.592000097682
-2425.933999972392
-1058.5719999881399
-279.6790000006734
19.88400000000424
109.75799999994692
19.91799999999984
0.0
0.0
0.0
0.0
-19.957999999999817
-119.76999999990227
-299.4740000005275
-678.835999995942
-1686.9279999725018
-2565.4409999872005
-4092.837000073442
-5699.977000413264
-7656.975000811697
-8884.903001087432
-11360.221001579095
-13047.251001926952
-13915.256002121445
-13656.132002094664
-13775.777002103743
-12767.625001898456
-11210.187001564438
-8675.089001035145
-6169.638000481946
-3554.2910000070715
-1827.1479999699754
-199.88400000011706
309.31600000048894
269.43800000055376
9.966999999999919
-39.95800000000287
0.0
0.0
0.0
-19.957999999999817
-249.55300000050718
-708.7949999959922
-1257.5959999823303
-2395.6009999776106
-3873.076000048442
-6348.927000510111
-8285.417000930749
-10231.972001333073
-12727.552001835558
-14424.34700219288
-15183.185002367849
-16101.17600255358
-15791.742002502104
-15791.8890025062
-15193.143002385123
-13815.68600209601
-11769.351001655721
-8056.266000882382
-4652.071000168074
-2326.2739999701835
-549.3210000014624
369.18000000018617
489.0280000009682
59.865000000052525
-29.979000000000728
0.0
0.0
-19.95599999999982
-79.8250000000008
-409.2730000005446
-1087.9769999862579
-1906.3259999666102
-3214.161000018017
-5090.69500027073
-7217.151000713359
-9533.012001200928
-11718.975001649722
-12887.090001912977
-13386.47500203376
-13905.488002130473
-13795.586002111455
-14144.954002174965
-15023.29300235134
-14225.02700221842
-14573.93200226401
-12817.361001891675
-9253.744001152321
-6159.508000479372
-3234.8859999990113
-1108.4409999868033
209.43300000046256
399.1950000004369
39.88200000000529
-19.983999999999803
0.0
0.0
-29.932000000000727
-159.6670000000798
-399.22500000006613
-1157.8539999844184
-2345.600999976714
-3713.180000041929
-5430.192000360809
-7177.163000740561
-10122.000001334638
-11898.906001711372
-12607.881001867177
-12997.333001934765
-12737.778001865916
-12597.760001833669
-13476.17100200738
-14224.637002176496
-14714.058002296759
-14933.228002341908
-13256.439001993915
-10112.075001346842
-6329.063000555692
-3753.7340000304225
-1347.9309999803625
-179.80699999996864
209.63100000032486
19.947999999999823
0.0
0.0
0.0
-29.933000000000728
-99.80099999998156
-369.24900000018624
-1077.9099999861587
-2275.9579999753723
-3463.844000054471
-5130.815000309856
-7187.293000742991
-10561.487001406733
-11030.398001545154
-12258.731001758497
-11260.613001544147
-10840.889001441465
-10741.25500143791
-12039.164001718545
-13226.637001992125
-15282.785002411456
-15851.597002522205
-13845.174002111175
-10701.203001458618
-6628.467000601477
-3614.0440000267467
-1627.4209999741956
-289.6590000005529
109.85399999994675
-9.981000000000094
0.0
0.0
0.0
-19.95399999999982
-89.8139999999824
-309.38900000041434
-1078.0049999865405
-2026.556999963621
-3064.6190000414235
-5600.18900037796
-7357.2090007637435
-9443.202001200307
-10521.674001418427
-10292.300001353295
-10142.87200129336
-10072.669001284155
-9882.978001302596
-11729.83600168965
-14613.842002267798
-17019.51600275082
-16599.99900266712
-13545.711002056794
-10701.122001439771
-6498.666000553732
-3154.8740000058338
-1417.9749999792225
-459.48000000052343
-80.00999999999493
19.95499999999982
0.0
0.0
0.0
0.0
-79.83999999999533
-309.42600000063766
-868.4029999913026
-1776.985999969008
-3424.193000033664
-5520.2510003622565
-7047.793000711961
-8994.353001123134
-10411.991001384478
-9463.797001191515
-9483.938001175922
-10401.8250013795
-11370.46800162331
-14115.199002176165
-17707.94500288196
-18107.66300297788
-15941.3180025528
-13246.143001990245
-9652.708001219326
-5690.170000372123
-2715.688999987962
-1068.5139999868127
-499.3289999998216
-179.823000000171
-0.014
0.0
0.0
0.0
0.0
-0.004
-259.5680000005517
-768.6009999937638
-1727.1679999705448
-3504.151000031635
-5729.999000411298
-7447.224000803861
-9433.538001199027
-10371.832001376106
-10791.39500143674
-10861.237001469784
-13506.085002019521
-13715.740002131844
-16710.03300272739
-19354.90200324493
-17947.78400297674
-15602.021002484407
-12507.462001819158
-8624.679000994618
-5161.116000257299
-2556.0869999813835
-1238.1699999826499
-609.1799999974925
-219.72500000035416
-0.014
0.0
0.0
0.0
0.0
0.0
-169.7560000001467
-658.8039999963602
-2006.728999964686
-3883.4390000454346
-5710.204000433495
-8116.070000932891
-9553.359001244009
-10950.785001510436
-12378.539001780451
-14414.385002195104
-16030.978002567244
-16230.86400266227
-18945.475003194057
-19354.943003264816
-17099.11800282448
-15262.38500240818
-11539.111001613493
-7317.177000751575
-4901.503000218415
-2665.5009999872914
-1507.7269999764771
-639.1789999971973
-159.76400000012575
0.0
0.0
0.0
0.0
0.0
0.0
-119.82100000000413
-559.1099999988746
-2066.774999964301
-4083.0570000699495
-6129.448000518022
-8175.85000096155
-9633.099001284143
-11669.376001677665
-14045.052002130025
-15990.721002544698
-16739.65900274585
-18356.29800307438
-19723.788003337566
-18177.578003029364
-16221.192002644935
-14663.812002274462
-10860.551001476397
-7516.898000775341
-5230.976000270756
-2945.14999999963
-1727.3799999712587
-738.9149999948563
-159.7870000001259
-89.86499999998232
0.0
0.0
0.0
0.0
-39.938000000002845
-269.5780000005583
-738.7919999948592
-2286.3169999715274
-4202.99100008151
-5899.901000471539
-8215.73000096529
-10521.594001443653
-12757.492001886152
-14424.132002223314
-15741.281002511381
-17068.778002803996
-18017.07000300188
-18665.700003114333
-16969.701002782007
-15602.034002487933
-13006.783001948152
-10551.372001412212
-7077.336000707459
-4871.523000232892
-2964.9420000027612
-1647.4059999729827
-778.9069999932784
-219.64300000038685
-49.923000000006915
0.0
0.0
0.0
0.0
-59.89800000002724
-299.44500000052756
-988.3999999894039
-2026.7069999638218
-3104.9500000312128
-5730.31200041296
-8046.114000910673
-9663.268001270115
-12278.161001780816
-13436.076002026326
-14563.574002267389
-17009.149002760943
-17138.607002805744
-16540.137002687217
-16001.599002560815
-14364.50100221392
-12128.417001752365
-9972.464001290955
-6997.701000681542
-5070.915000252847
-3034.9049999992903
-1717.3009999711255
-968.4969999888555
-289.46000000051237
-49.895000000006895
0.0
0.0
0.0
0.0
-29.94000000000073
-309.4180000004143
-998.3469999882807
-1727.280999970462
-3095.240000009244
-5021.665000270625
-7377.493000758692
-9423.820001193855
-10901.023001513382
-12178.286001778632
-14663.398002261883
-15242.594002405032
-16250.40800261463
-15891.27400253668
-15362.498002415843
-13126.75700196086
-10551.244001444302
-9004.023001097925
-6359.015000551566
-4092.82800009802
-2765.494999999753
-1787.097999969827
-908.5229999905931
-229.6210000004791
-49.8980000000069
0.0
0.0
0.0
0.0
-89.8059999999618
-369.268000000032
-1217.790999982534
-1856.884999967016
-2945.2370000103238
-4502.620000165607
-6469.156000571765
-8186.099000970652
-9873.015001327216
-11939.207001731174
-13385.878002028841
-14743.484002308225
-15442.153002457708
-14823.563002334458
-14593.92900225838
-12208.363001771853
-10261.890001369475
-8245.60700093896
-5630.369000406874
-3833.4110000561896
-2156.4109999692364
-1457.5919999776522
-908.516999991049
-199.69100000029823
-39.93600000000284
0.0
0.0
0.0
0.0
-59.862000000001856
-578.8659999987054
-1237.8109999818778
-1966.7309999641245
-2775.6810000200458
-4442.493000163841
-6658.685000603434
-8964.462001087602
-10292.261001389777
-12458.124001830813
-13655.787002091914
-15531.957002459052
-15791.497002518301
-14274.747002225482
-13855.543002102899
-12158.729001732063
-8854.406001088604
-6718.479000653684
-5111.239000277908
-3054.9410000185
-1856.84599996776
-1038.285999987012
-618.9179999971816
-229.65000000041593
-10.003999999999895
0.0
0.0
0.0
0.0
-99.80699999998154
-409.21400000034987
-1167.7259999843795
-1806.8879999683854
-2775.486000015469
-4063.5070001184627
-5930.142000494515
-8186.210000952772
-10950.959001507124
-13136.709001956806
-14653.645002276591
-15521.897002456255
-14793.599002322324
-13645.727002083655
-12877.105001878737
-9862.84100127013
-7337.506000768961
-5790.272000418742
-3853.5090000481746
-2426.0409999776
-1297.7909999813276
-758.7179999944274
-359.38600000012974
-109.82999999998951
-59.90500000002725
0.0
0.0
0.0
0.0
-69.85800000001159
-259.5200000005517
-708.6899999956053
-1567.2389999749585
-2615.653999993003
-4163.125000105558
-5640.224000446735
-7996.518000920648
-10162.48500136377
-11649.783001680331
-13486.297002036135
-13645.946002068935
-12488.081001847051
-11769.449001668967
-9433.810001186466
-7577.274000793618
-5431.215000361015
-4033.423000063684
-2695.659999986465
-1657.3029999731348
-968.3569999901414
-359.39300000041584
-219.62400000038676
-49.95100000000693
-39.93400000000284
0.0
0.0
0.0
0.0
-39.92000000000282
-159.72000000003453
-409.27700000054455
-998.3819999889711
-1767.061999970203
-3394.133000016274
-5340.895000330933
-7267.336000755879
-8694.861001066134
-9633.035001273665
-10811.117001489609
-11140.115001544418
-9902.591001299701
-8714.941001034007
-7177.819000710069
-5540.858000354322
-3963.314000039933
-2515.970999988283
-1657.187999972638
-808.7429999925662
-449.25500000061925
-159.78400000012587
-99.79799999994881
-19.961999999999815
-19.961999999999815
0.0
0.0
0.0
0.0
0.0
-39.964000000002876
-169.7770000001468
-429.39800000036684
-818.7449999926087
-1956.7249999659314
-3154.586000005822
-4072.681000113121
-5340.398000370275
-6199.029000538218
-7177.023000684386
-6667.8930006043765
-6248.764000512367
-5590.189000358998
-4192.657000093941
-3164.2270000129884
-2525.5259999770083
-1637.1379999733406
-938.3799999891341
-579.0279999979866
-309.48000000048864
-179.6790000001703
-39.914000000002815
0.0
0.0
0.0
0.0
0.0
0.0
0.0
-19.963999999999814
-49.92000000000691
-109.8950000000323
-449.3270000006192
-1028.2169999879663
-1627.0749999731013
-2136.080999968337
-2575.3120000019735
-2824.7160000135873
-2944.4460000076097
-2984.412000003194
-2874.6170000061948
-2465.3379999865147
-1986.2639999643889
-1507.2009999763065
-1107.9339999861925
-618.9239999969586
-479.2349999995666
-309.46800000033954
-239.58700000044624
-69.8520000000116
-39.92600000000283
0.0
0.0
0.0
0.0
0.0
0.0
0.0
-19.96999999999981
-29.953000000000728
-29.95400000000073
-199.63800000026154
-608.8199999979541
-858.2759999909565
-1257.4779999823331
-1327.3849999800968
-1317.3869999805775
-1257.5859999823306
-1157.702999984541
-1277.4509999817801
-1287.5089999817171
-918.186999990008
-658.677999996363
-449.1180000003914
-189.66200000034996
-189.68600000027345
-119.78600000005507
-89.868000000003
-39.91200000000281
0.0
0.0
0.0
0.0
0.0
0.0
