65.96999999999684
0.0
0.0
-0.08
2.9200000000000847
-21.050000000001365
-21.830000000000464
-1.3500000000000008
17.989999999998233
2.099999999999727
-16.289999999999743
-0.3999999999999758
2.0700000000007006
-3.85999999999881
-1.759999999999606
-3.640000000001015
14.070000000000174
3.5999999999999672
-1.0000000000000089
-1.7699999999999545
2.2800000000000225
-2.2599999999994895
-6.329999999999791
-13.30000000000053
-10.699999999999193
-4.3599999999999515
0.35000000000002673
2.6400000000001445
3.8599999999981187
-8.480000000000482
-0.029999999999953675
6.369999999997847
-6.489999999998615
-0.12000000000006318
8.539999999992563
-4.660000000000814
6.619999999998837
-0.09000000000000628
1.1799999999998314
2.3700000000003554
-0.339999999999965
19.929999999999666
18.79999999999746
-14.159999999998593
6.93000000000078
-1.3699999999999941
-1.7399999999999611
-1.1699999999999768
-0.5400000000000003
-0.01
