0.7400000000000004
0.0
0.0
0.0
0.0
0.0
0.0
0.0
0.0
0.0
0.0
0.0
0.0
0.0
0.0
0.0
0.0
0.0
0.0
0.0
0.0
0.0
0.0
0.0
0.0
0.0
0.0
0.0
0.0
0.0
0.0
0.0
0.0
0.0
0.0
0.0
0.0
0.0
0.0
0.0
0.0
0.0
0.0
0.0
0.0
0.0
0.0
0.0
0.0
-0.01
-0.01
-0.01
0.0
0.0
0.0
0.0
0.0
0.0
0.0
0.0
0.0
0.0
0.0
0.0
0.0
0.0
0.0
0.0
0.0
0.0
0.0
-0.07
-0.09999999999999999
-0.09999999999999999
-0.09
-0.03
-0.04
-0.05
-0.01
-0.01
-0.01
0.0
0.0
0.0
0.0
0.0
0.0
0.0
0.0
0.0
0.0
0.0
0.0
0.0
-0.01
-0.01
-0.01
-0.09
-0.09
0.04
0.08
0.05
0.05
0.060000000000000005
-3.469446951953614E-18
-0.10999999999999999
3.469446951953614E-18
0.05
-0.03
0.07
0.09999999999999999
0.09999999999999999
0.03
0.0
0.0
0.0
0.0
0.0
0.0
0.0
0.0
0.0
-0.08
-0.09
-0.22000000000000006
0.019999999999999997
-0.060000000000000005
-0.07
-0.10999999999999999
-0.20000000000000004
0.07
-0.11999999999999998
0.12999999999999998
0.06000000000000001
-0.08
-0.060000000000000005
-0.060000000000000005
0.2800000000000001
0.04
0.019999999999999997
-3.469446951953614E-18
0.04
0.0
0.0
0.0
0.0
0.0
0.0
0.0
0.0
-0.04
-0.09
-0.09
-0.019999999999999997
0.09999999999999999
-0.09999999999999999
0.009999999999999997
-0.08
0.2800000000000001
-0.060000000000000005
-0.019999999999999997
-0.18000000000000002
-3.469446951953614E-18
0.25000000000000006
0.2800000000000001
0.16
-0.09
0.15
0.05
0.09
-0.05
-0.05000000000000001
-0.04
0.0
0.0
0.0
0.0
0.0
-0.01
-0.07
-0.09
-0.17
-0.16
0.22000000000000006
-0.009999999999999997
3.469446951953614E-18
0.16
-0.09
-0.12999999999999998
-0.17
-0.09
-0.09
0.019999999999999997
-0.10999999999999999
0.05
-0.019999999999999997
0.15
-0.009999999999999997
0.3100000000000001
0.34000000000000014
0.05
-0.05
-0.02
0.0
0.0
0.0
0.0
-0.08
-0.2900000000000001
-0.10999999999999999
-0.3100000000000001
-0.13999999999999999
0.020000000000000004
0.04
-0.09
-0.10999999999999999
0.15
0.11999999999999998
-0.12999999999999998
-0.09999999999999999
0.13999999999999999
-0.16
-0.21000000000000002
3.469446951953614E-18
0.05
0.019999999999999997
0.10999999999999999
0.3000000000000001
0.4200000000000002
0.24000000000000007
-0.12999999999999998
-0.02
0.0
0.0
0.0
0.0
-0.09999999999999999
-0.2900000000000001
-0.08
-0.34000000000000014
-0.16
0.25000000000000006
0.10999999999999999
-0.05
0.019999999999999997
0.009999999999999997
-3.469446951953614E-18
-0.08
-0.09999999999999999
-0.060000000000000005
0.09
0.37000000000000016
0.04000000000000001
-0.030000000000000006
0.04
0.24000000000000005
0.2900000000000001
0.4300000000000002
0.4400000000000002
-0.060000000000000005
0.01
0.0
0.0
0.0
0.0
-0.02
-0.01
0.04000000000000001
-0.15
0.13999999999999999
0.18000000000000002
0.05
0.17
-0.08
0.2
0.09999999999999999
-0.17
-0.07
-0.3100000000000001
-0.34000000000000014
-0.22000000000000003
0.08
-0.09999999999999999
0.25000000000000006
0.15
0.2700000000000001
0.6000000000000003
0.5800000000000003
0.04
0.01
0.0
0.0
0.0
0.0
-0.01
0.04
-0.19000000000000003
-3.469446951953614E-18
-0.010000000000000004
0.04
-0.04
0.26000000000000006
0.4100000000000002
0.09
0.11999999999999998
-0.10999999999999999
-0.020000000000000004
-0.4800000000000002
-0.060000000000000005
-0.10999999999999999
-0.23000000000000004
-0.3000000000000001
-0.4100000000000002
-0.25000000000000006
-0.12999999999999998
0.25000000000000006
0.3900000000000002
0.0
0.0
0.0
0.0
0.0
0.0
0.0
0.09999999999999999
-0.09
0.35000000000000014
-0.07
0.17
-0.08
0.17
0.11999999999999998
0.18000000000000002
-0.030000000000000006
0.35000000000000014
-0.13999999999999999
-0.08
-0.16
-0.09999999999999999
-0.3300000000000001
-0.34000000000000014
-0.45000000000000023
-0.46000000000000024
-0.24000000000000007
-0.04
-0.019999999999999997
0.0
0.0
0.0
0.0
0.0
0.0
-0.01
0.08
-0.11999999999999998
0.3100000000000001
0.04000000000000001
-0.010000000000000004
0.05
-0.2900000000000001
0.15
0.3300000000000001
0.05
0.09999999999999999
-0.21000000000000002
-0.25000000000000006
-0.03
-0.15
-0.13999999999999999
-0.08
3.469446951953614E-18
-0.20000000000000004
0.020000000000000004
-0.04
0.09999999999999999
0.0
0.0
0.0
0.0
0.0
0.0
-0.01
0.09
-0.03
0.13999999999999999
0.17
-0.10999999999999999
0.18000000000000002
0.019999999999999997
0.26000000000000006
-0.03
0.05
0.22000000000000003
-0.22000000000000003
-0.3200000000000001
0.07
-0.020000000000000004
-0.18000000000000002
-0.15
0.16
-0.16
-0.13999999999999999
0.020000000000000004
-0.03
0.0
0.0
0.0
0.0
0.0
0.0
-0.01
0.07
-0.12999999999999998
-0.26000000000000006
-0.10999999999999999
0.18000000000000002
0.09
0.35000000000000014
0.19000000000000003
0.07
0.18000000000000002
0.12999999999999998
-0.10999999999999999
0.020000000000000004
0.019999999999999997
0.3000000000000001
0.009999999999999997
0.15
-0.10999999999999999
-0.08
0.04000000000000001
-0.009999999999999997
-0.07
-0.04
0.0
0.0
0.0
0.0
0.0
0.01
0.04
-0.009999999999999997
-0.010000000000000004
-0.18000000000000002
-0.10999999999999999
0.10999999999999999
0.20000000000000004
-0.18000000000000002
0.18000000000000002
-0.37000000000000016
-0.019999999999999997
-0.21000000000000002
-0.24000000000000005
-0.25000000000000006
-0.2800000000000001
0.019999999999999997
-0.09999999999999999
0.12999999999999998
-0.060000000000000005
-0.12999999999999998
0.020000000000000004
0.060000000000000005
-0.05
0.0
0.0
0.0
0.0
-0.01
0.0
0.12999999999999998
-0.09
-0.060000000000000005
-0.12999999999999998
-0.13999999999999999
-0.3200000000000001
0.12999999999999998
-0.18000000000000002
3.469446951953614E-18
0.23000000000000007
-0.03
0.15
-0.22000000000000003
0.030000000000000006
-0.010000000000000004
-0.17
0.18000000000000002
0.23000000000000004
-0.11999999999999998
0.04
0.019999999999999997
0.060000000000000005
-0.04
0.0
0.0
0.0
0.0
-0.01
0.0
0.030000000000000006
-0.09
0.4000000000000002
0.20000000000000004
-0.13999999999999999
-0.21000000000000002
-0.09
-0.13999999999999999
-0.19000000000000003
-0.09
-0.2800000000000001
0.07
-0.2700000000000001
-0.009999999999999997
-0.04
-0.26000000000000006
0.38000000000000017
0.34000000000000014
-0.05
0.3100000000000001
0.020000000000000004
0.09
-0.04
0.0
0.0
0.0
0.0
0.04
0.03
0.17
0.26000000000000006
0.019999999999999997
0.12999999999999998
-0.26000000000000006
0.020000000000000004
-0.12999999999999998
-0.060000000000000005
-0.26000000000000006
-0.060000000000000005
-0.12999999999999998
-0.15
0.12999999999999998
0.21000000000000005
0.3900000000000002
-0.019999999999999997
0.060000000000000005
-0.09
-0.009999999999999997
0.05
-0.09
0.12999999999999998
-0.04
0.0
0.0
0.0
0.0
0.13999999999999999
0.26000000000000006
0.18000000000000002
0.03
0.18000000000000002
0.09999999999999999
0.19000000000000003
0.25000000000000006
-0.23000000000000004
0.12999999999999998
0.11999999999999998
0.060000000000000005
0.019999999999999997
-0.16
0.03
0.3200000000000001
0.18000000000000002
-0.060000000000000005
-0.15
0.16
0.04
0.19000000000000003
0.08
0.09999999999999999
-0.03
0.0
0.0
0.0
0.0
0.13999999999999999
0.11999999999999998
-0.030000000000000006
0.13999999999999999
-0.05000000000000001
0.34000000000000014
0.10999999999999999
0.060000000000000005
0.12999999999999998
-0.10999999999999999
-0.060000000000000005
0.03
0.13999999999999999
-0.08
-0.13999999999999999
-0.20000000000000004
-0.09999999999999999
0.17
-0.19000000000000003
-0.13999999999999999
-0.19000000000000003
-0.010000000000000004
0.09999999999999999
-0.04
-0.03
0.0
0.0
0.0
0.0
-0.05
-0.060000000000000005
0.37000000000000016
0.16
-0.12999999999999998
0.13999999999999999
0.2700000000000001
-0.010000000000000004
0.07
0.15
0.05
-0.009999999999999997
-0.03
0.20000000000000004
0.15
0.10999999999999999
0.15
-0.09999999999999999
0.18000000000000002
-0.07
0.11999999999999998
0.060000000000000005
0.009999999999999997
-0.03
-0.03
0.0
0.0
0.0
0.0
0.0
-0.02
-0.08
-0.05
-0.009999999999999997
0.09
-0.19000000000000003
0.13999999999999999
0.18000000000000002
0.15999999999999998
0.05
-0.21000000000000005
0.10999999999999999
0.09999999999999999
0.04
-0.17
-0.23000000000000007
0.11999999999999998
0.12999999999999998
0.060000000000000005
0.11999999999999998
0.19000000000000003
0.0
0.0
0.0
0.0
0.0
0.0
0.0
0.0
-0.01
-0.05
-0.019999999999999997
0.09
-0.15
0.21000000000000005
-0.08
0.030000000000000006
0.21000000000000005
0.009999999999999997
0.009999999999999997
0.17
-3.469446951953614E-18
0.09999999999999999
0.12999999999999998
0.019999999999999997
0.019999999999999997
0.12999999999999998
-0.060000000000000005
0.19000000000000003
-0.009999999999999997
0.07
0.0
0.0
0.0
0.0
0.0
0.0
0.0
-0.01
-0.02
0.009999999999999997
-3.469446951953614E-18
-0.15
-0.09999999999999999
-0.16
0.17
0.17
0.23000000000000004
0.08
0.13999999999999999
0.15
-0.11999999999999998
0.34000000000000014
0.18000000000000002
0.09999999999999999
0.13999999999999999
0.05
0.11999999999999998
0.05
0.0
0.0
0.0
0.0
0.0
0.0
0.0
0.0
0.0
0.0
-0.01
-0.09999999999999999
-0.05
0.019999999999999997
0.09999999999999999
0.09999999999999999
0.09999999999999999
-0.04
0.03
-0.019999999999999997
0.09999999999999999
0.10999999999999999
-0.030000000000000006
-0.05
-0.009999999999999997
-0.03
-0.02
-0.02
0.0
0.0
0.0
0.0
0.0
0.0
0.0
0.0
0.0
0.0
-0.01
-0.01
-0.01
0.0
-0.02
-0.02
-0.01
-0.01
-0.01
-0.03
-0.04
0.0
-0.04
-0.07
-0.07
-0.060000000000000005
-0.02
-0.02
0.0
0.0
0.0
0.0
0.0
0.0
0.0
0.0
