27.840000000001552
0.0
0.0
0.0
0.0
0.0
0.0
0.0
-0.09999999999999999
-0.09999999999999999
0.0
0.0
0.0
0.0
0.0
0.0
0.0
0.0
0.0
0.0
-3.1600000000000024
-11.899999999999869
-2.9199999999999986
-2.379999999999979
-7.549999999999915
-11.36999999999984
-5.12999999999996
5.819999999999972
3.799999999999963
13.329999999999808
0.0
0.0
0.0
-1.8700000000000012
-8.079999999999947
14.419999999999785
-7.419999999999789
-2.419999999999955
3.090000000000127
-7.679999999999897
6.239999999999704
-8.250000000000398
0.3100000000000001
-2.780000000000032
3.1100000000000767
3.4399999999999706
0.0
-0.17
-12.239999999999926
0.7499999999999862
-3.2199999999997297
3.620000000000022
2.769999999999577
-2.309999999999857
3.760000000000166
-4.399999999999782
11.019999999999628
3.479999999999952
6.6900000000003805
10.609999999999594
-7.799999999999765
0.0
-4.399999999999951
-9.72999999999989
-3.8200000000000376
2.27000000000002
1.7099999999994284
-4.520000000000134
-0.5099999999999774
-0.940000000000053
-2.0799999999999694
-0.2299999999999987
-10.680000000000321
1.319999999999999
27.310000000000482
8.14999999999987
0.0
0.0
-4.759999999999925
3.429999999999925
-0.3799999999999909
4.059999999999907
5.409999999999665
3.430000000000046
-6.460000000000542
-5.129999999999816
-9.340000000000483
-3.6899999999998507
-4.099999999999845
-5.28999999999989
0.0
0.0
0.0
-12.189999999999769
-4.7399999999999425
4.559999999999979
2.19999999999964
2.299999999999959
2.4100000000000774
-7.630000000000937
3.6899999999989976
0.4900000000000052
-5.180000000000139
-3.099999999999876
-3.379999999999972
0.0
0.0
0.0
-1.8099999999999414
-1.5900000000000054
-0.44999999999999607
3.5399999999996776
6.0599999999998975
-2.7399999999998212
-1.669999999999997
-10.719999999999988
1.620000000000007
1.2999999999999683
-0.49000000000004307
4.5199999999999365
-0.3200000000000001
0.0
-1.0900000000000007
-11.68000000000021
9.739999999999494
-14.50000000000019
0.7700000000000047
-7.400000000001617
-11.510000000000156
-2.9499999999995845
5.089999999999258
0.1199999999999952
1.3000000000000056
-1.8700000000000088
-6.109999999999935
0.0
0.0
12.349999999999929
11.549999999999747
19.72999999999965
-0.4499999999999928
0.5800000000000103
0.8299999999999965
6.729999999999385
4.130000000000164
-1.7699999999999776
5.540000000000115
1.6600000000000248
-3.2999999999999234
9.349999999999847
-0.4200000000000002
0.0
7.499999999999947
3.50000000000002
-7.140000000000899
3.4700000000002604
-0.10999999999999871
-2.2600000000000287
-4.81999999999965
6.280000000000261
-1.7799999999999923
-4.189999999999556
10.360000000000229
13.899999999999896
-9.42999999999992
0.0
0.0
-0.6700000000000004
7.060000000000054
6.380000000000031
-2.6299999999999666
-5.649999999999994
8.690000000000229
1.2299999999999893
-2.3000000000002205
-0.6699999999999975
4.330000000000102
-2.4800000000000297
0.41999999999999593
-0.02
0.0
0.0
-0.6200000000000003
0.0
2.270000000000157
-10.599999999999852
2.550000000000024
-3.4500000000000277
-5.319999999999891
-7.430000000000075
-5.179999999999928
-1.9600000000000009
-3.5700000000000025
0.0
0.0
0.0
0.0
