0.05000000000000004
0.0
0.0
0.0
0.0
0.0
0.0
0.0
0.0
0.0
0.0
0.0
0.0
0.0
0.0
0.0
0.0
0.0
0.0
0.0
0.0
0.0
0.0
0.0
0.0
0.0
0.0
0.0
0.0
0.0
0.0
0.0
0.0
0.0
0.0
0.0
0.0
0.0
0.0
0.0
0.0
0.0
0.0
0.0
0.0
0.0
0.0
0.0
0.0
0.0
0.0
0.0
0.0
0.0
0.0
0.0
0.0
0.0
0.0
0.0
0.0
0.0
0.0
0.0
0.0
0.0
0.0
0.0
-0.004
-0.004
0.0
-0.007
-0.011000000000000001
-0.011000000000000001
-0.007
-0.001
-0.002
-0.001
-0.002
-0.002
-0.003
-0.002
0.0
0.0
0.0
0.0
0.0
0.0
0.0
0.0
0.0
0.0
0.0
0.0
0.0
0.0
-0.004
-0.004
-0.006
-0.005
0.016
0.004
-0.013000000000000003
-0.002
-0.001
-0.001
-0.013000000000000003
-0.020000000000000004
-0.013000000000000001
-0.004
0.005
0.016
0.006
0.0
0.0
0.0
0.0
0.0
0.0
0.0
0.0
0.0
-0.006
-0.008
-0.018000000000000002
-0.023000000000000007
-0.004
-0.006
0.012999999999999998
-0.004
-0.003
-0.018000000000000002
0.009999999999999998
-0.008000000000000004
-0.015999999999999993
-0.006999999999999998
-0.001
9.999999999999948E-4
-0.015000000000000008
0.022000000000000006
0.03500000000000002
0.005
0.016
0.0
0.0
0.0
0.0
0.0
0.0
0.0
-0.006
-0.008
-0.03700000000000002
-0.010000000000000005
0.020999999999999998
-0.008
0.014
-0.017
-0.006999999999999997
0.020000000000000004
0.024
-0.011
-0.015
0.020999999999999998
0.031000000000000014
0.015000000000000006
0.02600000000000001
0.022999999999999993
-0.003999999999999997
0.011999999999999993
-0.0039999999999999975
0.002
-0.008
0.0
0.0
0.0
0.0
0.0
-0.002
-0.015000000000000001
-0.024000000000000007
-0.02100000000000001
-0.001
0.019000000000000003
-0.007000000000000004
-0.015000000000000001
0.012
-0.026999999999999996
-0.014999999999999986
-0.040000000000000015
-0.03000000000000002
-0.009000000000000006
-0.0029999999999999792
-0.012000000000000007
-0.002999999999999995
0.03800000000000003
0.0
-0.030000000000000013
0.019000000000000003
0.03900000000000002
0.033000000000000015
0.011000000000000001
-0.006
0.0
0.0
0.0
0.0
-0.001
-0.044000000000000025
-0.020000000000000004
-0.02600000000000001
0.005999999999999999
-0.010999999999999992
-0.022
-0.0029999999999999966
0.029000000000000012
-0.004000000000000005
-0.020999999999999998
0.003
0.009999999999999993
0.04000000000000003
-0.010000000000000002
-0.011000000000000003
0.002
0.009999999999999988
0.022999999999999993
0.010000000000000002
0.02900000000000002
0.024000000000000007
0.04800000000000003
-0.004
-0.01
0.0
0.0
0.0
0.0
-0.024000000000000007
-0.032000000000000015
0.002
-0.006
0.0
0.026000000000000016
0.005999999999999997
0.011999999999999988
0.010999999999999992
0.009000000000000011
0.03600000000000001
-0.024
-0.017000000000000008
0.017
-0.004
-0.02600000000000001
0.008000000000000004
0.024000000000000007
-0.010000000000000009
0.05400000000000003
0.05000000000000003
0.03700000000000002
0.06100000000000004
-0.009000000000000001
0.0
0.0
0.0
0.0
0.0
-0.016
-0.031000000000000014
-0.003000000000000001
0.010999999999999996
0.02500000000000001
-0.03200000000000002
0.020000000000000004
0.002
-0.02800000000000001
0.029000000000000005
0.017000000000000015
-0.006000000000000014
-0.01999999999999999
-0.05600000000000004
-0.08400000000000005
-0.022000000000000013
-0.002
-0.033000000000000015
-0.005
0.02700000000000001
0.024000000000000007
0.04100000000000002
0.07900000000000006
-0.003
0.0
0.0
0.0
0.0
0.0
0.0
-0.004
-0.005
-0.001
0.009999999999999995
0.03500000000000002
-0.02599999999999999
0.043000000000000024
-0.004999999999999989
0.021000000000000005
0.020000000000000004
-0.0069999999999999975
-0.011
-0.013999999999999993
-0.017000000000000008
-0.015999999999999993
-0.03500000000000002
-0.04900000000000004
-0.045000000000000026
-0.009000000000000008
-0.005999999999999994
0.03900000000000002
0.05200000000000003
0.008
0.0
0.0
0.0
0.0
0.0
0.0
0.0
-0.02600000000000001
0.03900000000000002
-0.020000000000000004
0.015000000000000001
0.011000000000000005
0.038
0.006000000000000014
0.018000000000000002
0.009000000000000011
0.007999999999999983
-0.006999999999999993
0.013999999999999985
-0.043000000000000024
-0.0010000000000000096
-0.013000000000000006
-0.04700000000000003
-0.04900000000000003
-0.06100000000000004
-0.001
0.015999999999999997
0.003
0.012
0.0
0.0
0.0
0.0
0.0
0.0
0.004
-0.012
0.031000000000000014
-0.015999999999999997
0.013000000000000012
0.007999999999999997
0.009999999999999992
0.025000000000000015
0.030000000000000013
0.016000000000000018
0.024000000000000007
-1.3877787807814457E-17
0.012
-0.026000000000000023
-0.031000000000000028
-0.03600000000000002
-0.02700000000000001
-0.032000000000000015
-0.02500000000000001
0.020000000000000004
-0.013000000000000006
-0.004
0.0
0.0
0.0
0.0
0.0
0.0
0.0
0.0
0.015
-0.007
0.010999999999999987
0.018999999999999996
0.03700000000000002
0.006999999999999997
0.015000000000000006
0.019999999999999983
0.00799999999999999
0.02600000000000001
-0.010000000000000023
-0.017000000000000015
-0.008
-0.035000000000000024
-0.006
-0.016000000000000007
0.009000000000000001
-0.043000000000000024
-0.012
-0.003
-0.01
0.0
0.0
0.0
0.0
0.0
0.0
0.0
-0.012
-0.015000000000000001
-0.010999999999999998
0.012999999999999994
0.029000000000000005
0.036000000000000025
0.045000000000000026
0.015999999999999986
0.0
0.003
0.011999999999999999
0.0019999999999999966
-0.003
0.006000000000000015
0.014000000000000009
-0.016999999999999994
0.02700000000000001
0.008
-0.019000000000000003
-0.017
-0.003
-0.004
-0.002
0.0
0.0
0.0
0.0
0.0
0.008
-0.008
-0.02700000000000001
-0.014000000000000005
-0.010000000000000009
0.012000000000000005
9.999999999999966E-4
0.03300000000000002
-0.01999999999999999
0.018000000000000016
-0.010999999999999994
0.023000000000000013
-0.001999999999999993
-0.030000000000000013
-0.003
-0.03500000000000002
0.012999999999999989
-0.02800000000000001
0.006
0.020000000000000004
-0.02700000000000001
0.0
0.005
-0.002
0.0
0.0
0.0
0.0
0.0
0.005
0.001
-0.002000000000000001
0.002
0.004999999999999998
-0.02900000000000002
-0.033000000000000015
0.013999999999999986
-9.540979117872439E-18
-0.004999999999999997
-0.002
-0.004999999999999997
-0.010000000000000005
-0.03700000000000001
0.004
-0.007999999999999986
-0.017000000000000015
0.007999999999999997
0.017
-0.004999999999999997
-0.016
0.003
0.007
-0.001
0.0
0.0
0.0
0.0
0.0
0.006
-0.009000000000000001
-0.012
0.04300000000000002
-0.003999999999999997
-0.022999999999999993
-0.05400000000000004
-0.02600000000000001
-0.026000000000000002
-0.011
-0.01499999999999998
-0.022000000000000006
-0.009999999999999995
-0.05700000000000004
-0.010999999999999998
0.00399999999999999
0.022000000000000006
0.02600000000000001
0.04600000000000002
-0.030000000000000013
-0.0010000000000000009
-0.001
0.003
-0.001
0.0
0.0
0.0
0.0
0.0
-0.002
-0.021000000000000005
0.01900000000000001
0.011999999999999999
0.005999999999999993
-0.016
0.013
0.009999999999999988
-0.006000000000000007
-0.014000000000000002
-0.03800000000000001
0.013999999999999986
-0.009000000000000008
0.03600000000000001
0.018000000000000002
0.018000000000000002
-0.011000000000000003
-0.015
-0.006000000000000004
-0.004999999999999998
0.005
-0.006
0.004
-0.002
0.0
0.0
0.0
0.0
0.0
-0.004
-0.015000000000000001
0.016
0.03600000000000002
0.023
0.033000000000000015
0.016999999999999994
0.0010000000000000035
-0.014
0.014999999999999987
-0.0030000000000000053
-0.02100000000000001
0.01899999999999999
0.023000000000000013
0.05800000000000003
0.02800000000000001
-0.009999999999999993
0.003999999999999993
0.03300000000000002
0.013000000000000003
0.014999999999999996
0.009
0.01
0.0
0.0
0.0
0.0
0.0
0.0
0.004
0.006
-0.008
0.027000000000000003
0.058000000000000024
0.0020000000000000018
0.031000000000000014
0.01800000000000001
-0.002000000000000007
0.017999999999999995
0.0029999999999999905
-0.026000000000000016
0.001000000000000007
-0.031000000000000014
-0.04300000000000004
0.009000000000000001
0.001999999999999993
-0.007000000000000001
0.02500000000000001
-0.01
0.001
0.031000000000000014
0.0
0.0
0.0
0.0
0.0
0.0
0.0
0.006
0.017
-0.015000000000000001
-0.03700000000000002
0.01899999999999999
-0.004000000000000012
0.03000000000000002
0.019000000000000003
-3.469446951953614E-18
0.015999999999999986
-0.007999999999999997
-0.006999999999999979
0.01900000000000001
-0.011999999999999997
-0.005000000000000004
0.018999999999999996
0.003999999999999998
0.022000000000000006
-0.0019999999999999966
-0.001
0.016
0.015
-0.004
0.0
0.0
0.0
0.0
0.0
0.0
-0.004
0.004
-0.018000000000000002
0.012999999999999989
0.003999999999999994
0.02099999999999999
-0.004000000000000008
0.026000000000000002
0.009999999999999998
-0.016000000000000007
-0.013000000000000008
0.02300000000000002
0.028000000000000018
0.01900000000000001
0.006000000000000014
-0.008000000000000002
0.03200000000000001
-0.034000000000000016
-0.0010000000000000009
0.015
0.007
0.008
0.0
0.0
0.0
0.0
0.0
0.0
0.0
0.0
-0.008
-0.029000000000000012
0.005
0.009999999999999997
0.06000000000000003
0.007999999999999997
-0.006999999999999997
0.01200000000000001
0.012999999999999998
0.019999999999999983
0.005000000000000021
-0.008999999999999998
0.023000000000000007
0.023
0.002
0.014000000000000002
0.030000000000000013
-0.003
0.002
-0.009000000000000001
0.014
0.0
0.0
0.0
0.0
0.0
0.0
0.0
0.0
0.0
0.002
-0.022000000000000006
-0.003
-0.020000000000000004
-0.03700000000000002
0.023000000000000007
-0.001
0.042000000000000016
0.013000000000000013
-0.004
-0.005999999999999997
-0.012000000000000002
-0.003000000000000001
0.007000000000000001
0.003
-0.002000000000000001
0.0
0.001
0.006
0.0
0.0
0.0
0.0
0.0
0.0
0.0
0.0
0.0
0.0
0.0
0.002
0.002
-0.002
0.0
-0.001
0.016
0.011
0.006
0.004
0.005
0.02800000000000001
0.008
0.006
0.002
-0.004
-0.004
-0.008
0.0
0.0
0.0
0.0
0.0
0.0
0.0
0.0
0.0
0.0
0.0
0.0
0.0
0.0
-0.008
-0.01
-0.001
-0.002
0.004
0.002
0.001
-0.005
-0.008
-0.009000000000000001
0.002
-0.004
-0.004
-0.008
0.0
0.0
0.0
0.0
0.0
0.0
0.0
0.0
