2.7089999999998127
0.0
0.0
-0.004
0.09200000000000025
0.14300000000000018
0.3150000000000002
-0.08900000000000004
0.47000000000000036
-0.3100000000000002
-0.6670000000000005
0.047000000000004864
-0.061000000000011045
-0.017999999999998354
0.1330000000000613
0.011999999999997499
0.6390000000000005
-0.4290000000000003
0.01799999999999901
0.09299999999998754
0.09099999999999911
-0.1390000000000014
-0.17899999999999694
-0.22399999999999992
-0.2820000000000002
-0.001
-0.22599999999999998
-0.02199999999999787
0.08400000000002564
-0.25800000000000006
-0.038000000000009644
0.14900000000000002
-0.07300000000000059
0.4040000000000003
0.06700000000001477
-0.06299999999998221
0.1710000000000026
-0.07399999999999757
0.02600000000001354
0.11299999999999812
-2.5439719775199876E-15
1.019000000000002
0.22700000000000053
0.025999999999999544
0.08399999999999033
0.11200000000000032
-0.0940000000000017
0.4520000000000003
-0.1520000000000001
0.0
