23.260000000000836
0.0
0.0
0.0
0.0
0.0
0.0
0.0
0.0
0.0
0.0
-0.06
-0.03
0.0
0.0
0.0
0.0
0.0
0.0
0.0
-0.06
-0.07
-1.0899999999999994
-8.800000000000265
-8.820000000000375
-21.91999999999986
-8.25999999999991
-6.48999999999995
-2.1899999999999977
-0.22000000000000014
0.0
0.0
0.0
-0.40000000000000013
-7.459999999999937
-6.949999999999977
-13.120000000000081
0.3000000000000056
3.1700000000006017
-2.199999999999597
-5.24999999999999
4.579999999999842
-16.070000000000125
8.660000000000421
-2.9400000000000723
-8.089999999999872
0.0
-2.1699999999999977
-13.269999999999804
2.2599999999996245
-5.42999999999933
1.8400000000000047
-0.7900000000000069
-0.5100000000000249
-6.620000000000678
3.9300000000001134
-5.260000000000072
-0.24999999999999453
17.439999999999696
14.339999999999776
-6.439999999999907
0.0
-3.3099999999999734
-2.980000000000039
0.6799999999999924
-6.690000000000355
0.5199999999999733
5.219999999999595
2.180000000000003
-8.11000000000035
4.170000000000427
-5.4200000000002735
-12.250000000000316
5.440000000000013
36.86000000000062
4.41999999999995
0.0
-1.1000000000000008
-9.579999999999929
-3.370000000000009
1.30999999999998
2.120000000000023
6.559999999999201
-4.920000000000541
-0.6599999999999764
-11.72000000000013
-4.9500000000000375
-19.750000000000373
5.5900000000003685
-4.519999999999939
0.0
0.0
-0.01
3.729999999999921
4.270000000000161
-4.3500000000000165
4.230000000000046
0.7000000000000436
2.1999999999999598
-11.630000000000354
4.979999999999614
-1.5900000000000036
-6.72999999999995
-1.1600000000000013
7.24999999999989
0.0
0.0
0.0
-0.25000000000000044
-14.869999999999823
5.160000000000008
15.169999999999726
-8.080000000000654
5.460000000000307
-3.540000000000512
-17.489999999999743
-4.260000000000209
10.030000000000527
-7.309999999999868
2.389999999999993
0.0
0.0
4.689999999999931
2.1699999999999973
3.629999999999841
-15.140000000000184
-14.679999999999652
-7.410000000001687
-12.770000000000264
-6.6799999999995485
12.91999999999958
3.949999999999939
2.2299999999996776
-9.92999999999938
-3.780000000000064
0.0
0.0
5.479999999999937
29.02999999999835
29.029999999996743
2.5200000000000555
1.629999999999997
1.0599999999999938
11.069999999999519
-1.859999999999972
9.950000000000008
-2.7900000000001253
22.959999999999006
-3.2700000000000196
2.199999999999997
0.0
0.0
16.709999999999717
8.820000000000258
2.3400000000000527
3.830000000000755
1.989999999999843
5.850000000000696
-12.749999999999613
9.690000000000252
-2.5399999999995297
1.5599999999999754
6.020000000000123
10.920000000000085
0.0
0.0
0.0
-0.17
8.539999999999722
11.539999999999782
-7.150000000000215
0.26999999999999846
7.220000000000237
13.119999999999797
-2.119999999999739
6.379999999999643
-5.869999999999913
0.13999999999999913
0.0
0.0
0.0
0.0
-0.8900000000000006
0.0
-3.989999999999957
-5.279999999999976
-5.459999999999953
-5.56000000000001
-1.1500000000000021
-8.950000000000108
0.49999999999999994
1.930000000000002
-1.2300000000000009
-0.7000000000000004
0.0
0.0
0.0
