0.06900000000000005
0.0
0.0
0.0
0.0
0.0
0.0
0.0
0.0
0.0
0.0
0.0
0.0
0.0
0.0
0.0
0.0
0.0
0.0
0.0
0.0
0.0
0.0
0.0
0.0
0.0
0.0
0.0
0.0
0.0
0.0
0.0
0.0
0.0
0.0
0.0
0.0
0.0
0.0
0.0
0.0
0.0
0.0
0.0
0.0
0.0
0.0
0.0
0.0
0.0
0.0
0.0
0.0
0.0
0.0
0.0
0.0
0.0
0.0
0.0
0.0
0.0
0.0
0.0
0.0
0.0
0.0
0.0
0.0
0.0
0.0
-0.011000000000000001
-0.016
-0.019000000000000003
-0.015000000000000001
-0.005
-0.004
-0.003
0.0
-0.003
-0.003
-0.006
0.0
0.0
0.0
0.0
0.0
0.0
0.0
0.0
0.0
0.0
0.0
0.0
-0.002
0.0
0.0
-0.004
-0.008
0.001
-0.005
0.005
0.002
0.014999999999999998
-0.012000000000000004
-0.018000000000000002
-0.008
0.001
0.01
0.002
0.016
0.008
0.008
0.0
0.0
0.0
0.0
0.0
0.0
0.0
0.0
0.0
-0.01
-0.012
-0.012
-0.009000000000000001
0.018000000000000002
-0.017999999999999995
-0.004000000000000002
-0.04900000000000003
0.02800000000000001
-0.015999999999999986
0.016
0.0019999999999999974
0.019000000000000003
0.006
-0.0020000000000000035
0.014000000000000002
-0.01
0.043000000000000024
0.013000000000000001
0.019000000000000003
0.020000000000000004
0.0
0.0
0.0
0.0
0.0
0.0
0.0
-0.008
-0.011000000000000001
-0.03800000000000002
-0.008
0.04800000000000003
-0.03800000000000001
-0.004999999999999997
-0.004000000000000007
0.03700000000000002
0.0029999999999999966
0.011000000000000005
-0.027000000000000003
0.010999999999999996
0.019999999999999997
0.028000000000000018
0.029000000000000005
0.02000000000000001
0.04300000000000002
0.012000000000000018
0.003
-0.015000000000000001
-0.002
-0.024000000000000007
0.0
0.0
0.0
0.0
0.0
0.0
-0.012
-0.02500000000000001
-0.021000000000000005
0.0019999999999999957
0.0029999999999999983
-0.01299999999999999
0.017000000000000015
0.03300000000000001
-0.023000000000000007
-0.01999999999999999
-0.05700000000000003
-0.04100000000000002
-0.020999999999999984
-0.003999999999999997
-0.010000000000000005
0.03400000000000001
0.04100000000000001
0.022000000000000006
-0.0069999999999999975
0.018999999999999982
0.022000000000000006
0.010000000000000002
-0.0010000000000000009
-0.014
0.0
0.0
0.0
0.0
0.0
-0.04200000000000002
-0.02600000000000001
-0.055000000000000035
0.006
-0.0029999999999999966
-0.009000000000000001
-0.017999999999999988
0.012000000000000018
-0.024999999999999988
-0.022
0.00299999999999998
0.00899999999999999
0.03000000000000002
-0.014999999999999993
-0.017
-0.038000000000000006
0.011000000000000017
0.0030000000000000113
0.016999999999999994
0.04700000000000002
0.06000000000000004
0.05200000000000003
0.013000000000000001
-0.01
0.0
0.0
0.0
0.0
-0.02800000000000001
-0.023000000000000007
-0.005
-0.03800000000000002
0.015000000000000006
-0.003000000000000002
-0.014999999999999993
0.017000000000000008
0.03000000000000002
0.028000000000000018
0.03100000000000002
-0.010999999999999992
0.003000000000000019
-0.012000000000000004
-0.045000000000000026
0.005999999999999997
0.014000000000000009
0.013999999999999992
-0.014000000000000007
0.022000000000000006
0.04900000000000003
0.07000000000000005
0.06000000000000004
0.023000000000000007
0.016
0.0
0.0
0.0
0.0
-0.019000000000000003
-0.02700000000000001
-0.014
-0.008999999999999996
0.0010000000000000044
0.04800000000000002
-9.999999999999879E-4
0.02400000000000002
-0.030000000000000006
0.022
0.03700000000000001
-0.005000000000000024
-0.010999999999999998
-0.038000000000000034
-0.04100000000000002
-0.015
0.016
-0.016000000000000007
-0.020999999999999998
0.0030000000000000044
0.04600000000000003
0.03500000000000002
0.07700000000000005
0.030000000000000013
0.008
0.0
0.0
0.0
0.0
-0.004
0.005
-0.006
0.002
0.01900000000000001
0.04000000000000002
-6.938893903907228E-18
0.039000000000000035
-0.005
0.031000000000000028
0.017000000000000008
-0.028999999999999984
-0.001
-0.04500000000000003
0.017
-0.029000000000000005
-0.037000000000000026
-0.03600000000000001
-0.04200000000000003
-0.017
0.02500000000000001
0.06500000000000004
0.06100000000000004
0.017
0.0
0.0
0.0
0.0
0.0
-0.001
0.02600000000000001
-0.021000000000000005
0.06200000000000004
-0.032000000000000015
-0.015000000000000003
0.009999999999999998
0.02700000000000001
-0.00800000000000001
0.02099999999999999
0.029000000000000012
0.029000000000000012
-0.007999999999999997
0.006000000000000002
-0.06300000000000004
-0.02200000000000002
-0.07100000000000005
-0.022000000000000006
-0.04800000000000003
-0.07400000000000005
-0.016999999999999994
0.015
0.02700000000000001
0.009000000000000001
0.0
0.0
0.0
0.0
0.0
-0.001
0.018000000000000002
-0.023000000000000007
0.02500000000000001
0.01
0.005000000000000004
0.034000000000000016
0.031000000000000028
0.03300000000000001
0.03200000000000002
0.037000000000000026
0.020999999999999998
-0.015000000000000006
0.004000000000000001
-0.04700000000000002
-0.032000000000000015
-0.011000000000000003
-0.03700000000000001
-0.054000000000000034
-0.06500000000000004
-0.011000000000000003
-0.016000000000000004
0.004
-0.002
0.0
0.0
0.0
0.0
0.0
-0.002
0.012
-0.005000000000000004
0.0010000000000000035
0.016999999999999994
-0.011999999999999983
0.026000000000000016
0.03100000000000002
0.02900000000000002
0.034000000000000016
0.008000000000000004
0.014999999999999973
0.023
-0.04300000000000004
0.016000000000000014
-0.021000000000000005
-0.03900000000000001
0.024000000000000007
-0.020000000000000004
-0.031000000000000014
-0.03900000000000002
0.0
-0.004
-0.002
0.0
0.0
0.0
0.0
0.0
0.0
0.002
-0.018000000000000002
-0.03500000000000002
-0.010000000000000004
0.027000000000000003
-0.011000000000000006
0.027000000000000017
0.022000000000000006
0.016999999999999994
0.021000000000000026
0.0019999999999999896
-0.014000000000000026
0.0019999999999999896
-0.009999999999999974
0.032000000000000015
-0.004999999999999997
0.03500000000000002
-0.0040000000000000036
0.005000000000000001
-0.014
-0.016
-0.004
0.0
0.0
0.0
0.0
0.0
0.0
0.008
-0.007
0.004
-0.011000000000000001
-0.023000000000000007
-0.002
0.0030000000000000035
0.023000000000000007
0.009999999999999995
0.039
-0.059000000000000025
0.017999999999999967
-0.019000000000000003
-0.05300000000000003
-9.999999999999896E-4
-0.04900000000000002
0.024000000000000007
-0.010000000000000009
0.014000000000000012
0.002
-0.018000000000000002
-0.007
0.015
-0.003
0.0
0.0
0.0
0.0
-0.002
0.002
0.01
-0.018000000000000002
-0.002
0.0020000000000000018
-0.015000000000000006
-0.022000000000000006
-3.469446951953614E-18
-0.006999999999999997
-0.029000000000000012
0.023000000000000007
-0.014999999999999987
-0.022000000000000006
-0.009000000000000001
0.011999999999999999
0.009999999999999995
-0.008
6.938893903907228E-18
0.023000000000000007
-0.013999999999999995
0.009999999999999995
-0.016
0.017
-0.002
0.0
0.0
0.0
0.0
-0.001
0.007
-0.004
-0.019000000000000003
0.05400000000000004
-0.0059999999999999975
-0.024000000000000007
-0.03600000000000003
-0.018999999999999996
-0.018000000000000023
-0.022000000000000013
-0.02500000000000001
-0.017999999999999995
-0.023999999999999994
-0.031000000000000007
-0.007999999999999997
-0.0029999999999999975
-0.015999999999999993
0.03900000000000003
0.05000000000000003
-0.032000000000000015
0.02600000000000001
-0.017
0.007
-0.002
0.0
0.0
0.0
0.0
-0.002
-0.001
0.018000000000000002
0.02600000000000001
0.006000000000000004
0.007000000000000007
-0.020000000000000025
-0.007000000000000038
-0.04100000000000002
0.00799999999999999
-0.020000000000000004
-0.031000000000000007
0.010999999999999996
-0.008000000000000004
0.05200000000000003
0.008999999999999984
0.018000000000000002
-0.003999999999999979
-8.673617379884035E-19
0.011999999999999997
-0.003
-0.003
-0.02800000000000001
0.011000000000000001
-0.002
0.0
0.0
0.0
0.0
-0.006
0.021000000000000005
-0.023000000000000007
0.03800000000000003
0.045000000000000026
0.022000000000000006
0.007999999999999988
0.056000000000000036
-0.004
-0.024
0.022
-0.012999999999999998
-0.015000000000000008
0.01599999999999998
0.026000000000000002
0.034000000000000016
0.01700000000000003
-0.03100000000000002
-0.005000000000000004
0.03400000000000001
0.023000000000000007
-0.003
-0.015000000000000003
0.008
-0.006
0.0
0.0
0.0
0.0
-0.003
-0.007
-0.02600000000000001
-0.015
0.0
0.05700000000000004
0.016000000000000007
0.017
0.011000000000000001
-0.03000000000000002
-0.015000000000000008
0.006000000000000007
-0.022000000000000006
0.02600000000000001
-0.03800000000000002
-0.05400000000000005
0.025
0.042000000000000016
0.011999999999999993
-0.014999999999999993
-0.013000000000000001
0.0
0.022000000000000006
-0.013000000000000001
-0.005
0.0
0.0
0.0
0.0
-0.006
-0.01
0.030000000000000013
9.999999999999992E-4
-0.04900000000000003
0.06300000000000004
0.014999999999999972
0.02700000000000001
0.008
0.003
0.004999999999999997
-1.3010426069826053E-17
-0.011999999999999986
-0.005000000000000001
-0.003
0.02600000000000001
-0.003999999999999994
-0.007000000000000005
0.02500000000000001
0.001
0.020000000000000004
0.01800000000000001
0.012
-0.012000000000000002
-0.007
0.0
0.0
0.0
0.0
0.0
-0.002
0.017
-0.02600000000000001
-0.014
-3.469446951953614E-18
0.0
0.031
0.03100000000000002
0.008
-0.04000000000000003
-0.034
0.043000000000000024
0.03800000000000004
0.011999999999999993
-0.031000000000000007
0.0050000000000000175
0.016000000000000007
-0.018000000000000002
0.024000000000000007
0.007000000000000001
0.011000000000000003
0.0
-0.01
-0.002
0.0
0.0
0.0
0.0
0.0
0.0
0.005
-0.02700000000000001
0.011000000000000003
-0.017
0.017999999999999995
0.02000000000000001
-0.001999999999999994
0.034000000000000016
0.0060000000000000045
0.01299999999999998
0.002999999999999993
0.0020000000000000035
0.03900000000000002
0.04500000000000002
-9.999999999999992E-4
-0.008
0.03700000000000002
0.016
0.005
-0.005
0.018000000000000002
0.0
0.0
0.0
0.0
0.0
0.0
0.0
-0.002
0.013000000000000001
0.011000000000000003
0.014000000000000002
0.022000000000000006
0.015
-0.03700000000000002
0.0019999999999999966
0.045000000000000026
0.04500000000000002
0.0020000000000000044
-0.013000000000000001
-0.04000000000000001
-0.007999999999999995
0.0030000000000000044
0.005
-0.001999999999999999
0.022000000000000006
-0.005
0.017
0.01
0.0
0.0
0.0
0.0
0.0
0.0
0.0
0.0
0.0
0.0
0.014
0.013000000000000001
0.004
0.023000000000000007
0.030000000000000013
0.016
0.02500000000000001
0.016
0.021000000000000005
0.01800000000000001
0.01800000000000001
0.005
0.011000000000000001
-0.009000000000000001
-0.005
-0.005
-0.006
-0.008
-0.004
-0.004
0.0
0.0
0.0
0.0
0.0
0.0
0.0
0.0
0.0
0.0
0.002
0.002
0.002
0.002
0.005
0.007
0.004
0.008
-0.006
-0.003
-0.013000000000000001
-0.011000000000000001
-0.008
-0.005
-0.006
-0.01
0.0
0.0
0.0
0.0
0.0
0.0
0.0
0.0
