78.77000000000339
0.0
0.0
-8.919999999999899
-32.13000000000006
-23.140000000001024
-40.78000000000011
-12.399999999999798
27.200000000000212
-14.019999999999841
-40.720000000000645
2.0599999999996967
-1.7599999999999443
-6.4899999999989015
-1.9599999999990931
-2.839999999999595
21.390000000000935
-21.62000000000058
-1.6300000000000028
-0.7000000000001625
0.9599999999997935
-2.389999999999757
-11.210000000000186
-22.20999999999217
-48.76000000000349
-0.04
-17.47000000000002
1.090000000000389
11.199999999996313
-17.649999999999288
-3.139999999999925
9.849999999996662
-1.4499999999999855
9.869999999999834
37.74000000000105
-11.740000000002365
12.74999999999523
7.240000000000709
3.5499999999997387
5.070000000001926
32.83999999999814
18.289999999999683
25.199999999995807
-6.669999999999589
8.080000000000743
0.6999999999998772
1.4799999999999027
-2.950000000000037
-0.24999999999999997
-0.060000000000000005
