1.3589999999999611
0.0
0.0
0.0
0.0
0.0
0.0
0.0
0.0
-0.002
0.0
0.0
0.0
0.0
0.0
0.0
0.0
0.0
0.0
0.0
-0.06400000000000004
-0.1760000000000001
0.13400000000000012
0.24900000000000017
0.18700000000000014
-0.11400000000000007
0.04500000000000005
-0.1530000000000001
0.08100000000000006
0.6150000000000004
0.0
0.0
0.0
-0.04000000000000002
-0.7230000000000005
0.2830000000000003
-0.2630000000000001
0.1330000000000002
-0.12
0.20000000000000007
0.15800000000000014
-0.08699999999999952
0.1320000000000004
0.074
-0.03899999999999994
-0.17300000000000013
0.0
-0.017000000000000008
-0.45200000000000035
-0.01999999999999941
0.02199999999999976
0.05800000000000034
0.14100000000000007
-0.24900000000000033
0.10900000000000026
-0.16800000000000007
0.34800000000000025
-0.08600000000000016
0.44600000000000034
0.7690000000000006
-0.32000000000000023
0.0
-0.06600000000000004
-0.03599999999999999
0.1690000000000002
0.0020000000000008813
-1.1483869410966463E-15
0.1770000000000001
-0.05199999999999995
-0.2640000000000002
-0.017999999999999558
-0.07900000000000013
-0.08000000000000004
0.08200000000000005
0.7160000000000005
0.059000000000000045
0.0
-0.06100000000000005
0.05800000000000011
0.08300000000000002
0.07799999999999983
-0.001000000000000694
0.20600000000000016
0.015000000000000142
-0.23600000000000004
-0.1670000000000001
-0.23400000000000018
-0.21900000000000017
-0.025
-0.10500000000000008
0.0
0.0
-0.017000000000000008
-0.3190000000000003
-0.07700000000000017
0.1840000000000001
-0.10700000000000001
0.12700000000000009
-0.005000000000001695
-0.15800000000000008
0.12300000000000039
-0.14800000000000044
0.11800000000000013
-0.3540000000000003
0.06500000000000006
-0.1450000000000001
0.0
-0.016000000000000007
0.23100000000000007
-0.47200000000000036
0.01799999999999984
0.12600000000000006
0.008000000000000233
0.0020000000000000165
-0.017000000000000855
-0.2930000000000002
-0.019999999999998238
0.09600000000000006
0.22900000000000012
0.19300000000000012
-0.21000000000000016
0.0
0.2680000000000002
-0.30000000000000027
0.24600000000000016
-0.36100000000000027
-0.042000000000000745
-0.1550000000000001
-0.23000000000000015
0.019999999999999254
0.20800000000000016
-0.08899999999999897
0.1780000000000001
-0.08400000000000038
0.43400000000000033
-0.1440000000000001
0.0
0.22200000000000017
0.41500000000000037
0.05500000000000002
0.15500000000000005
0.09100000000000005
-0.07799999999999979
0.1180000000000001
-0.19300000000000017
0.17600000000000013
0.07500000000000041
0.0630000000000002
0.021999999999999423
0.46800000000000036
-0.08100000000000006
0.0
0.07000000000000006
0.2620000000000001
0.06900000000000009
0.09600000000000039
0.05100000000000025
0.16000000000000017
-0.17300000000000013
0.20800000000000016
-0.15900000000000009
-0.014000000000000564
0.011999999999999369
0.49600000000000033
-0.6680000000000005
0.0
0.0
-0.02100000000000001
-0.07400000000000023
-0.3840000000000003
0.3850000000000003
-0.3300000000000003
0.2690000000000002
0.25600000000000017
-0.06800000000000007
0.09400000000000018
0.07200000000000001
0.08700000000000002
-0.020999999999999942
0.0
0.0
0.0
0.0
0.0
0.32300000000000023
0.5970000000000004
0.21900000000000017
-0.24700000000000016
0.2430000000000002
0.5790000000000004
0.04900000000000013
-0.12200000000000005
-0.19800000000000015
-0.014000000000000005
0.0
0.0
0.0
