1.1500000000000008
0.0
0.0
0.0
0.0
0.0
0.0
0.0
0.0
0.0
0.0
0.0
0.0
0.0
0.0
0.0
0.0
0.0
0.0
0.0
0.0
0.0
0.0
0.0
0.0
0.0
0.0
0.0
0.0
0.0
0.0
0.0
0.0
0.0
0.0
0.0
0.0
0.0
0.0
0.0
0.0
0.0
0.0
0.0
0.0
0.0
0.0
0.0
0.0
0.0
0.0
0.0
0.0
0.0
0.0
0.0
0.0
0.0
0.0
0.0
0.0
0.0
0.0
0.0
0.0
0.0
0.0
0.0
0.0
0.0
0.0
-0.09999999999999999
-0.10999999999999999
-0.11999999999999998
-0.12999999999999998
-0.09
-0.060000000000000005
-0.05
0.0
-0.02
-0.02
-0.02
0.0
0.0
0.0
0.0
0.0
0.0
0.0
0.0
0.0
0.0
0.0
0.0
-0.03
0.0
0.0
-0.05
-0.05
-0.02
0.09
0.17
0.04
0.020000000000000004
0.12999999999999998
-0.19000000000000003
0.0
0.09
-0.08
0.05
0.060000000000000005
0.08
0.060000000000000005
0.0
0.0
0.0
0.0
0.0
0.0
0.0
0.0
0.0
-0.07
-0.060000000000000005
-0.07
0.07
0.08
-0.2800000000000001
-0.07
-0.08
-0.07
-0.26000000000000006
0.05
0.10999999999999999
0.09
-0.26000000000000006
-0.08
0.25000000000000006
-0.09999999999999999
0.11999999999999998
0.09999999999999999
0.13999999999999999
0.17
0.0
0.0
0.0
0.0
0.0
0.0
-0.10999999999999999
-0.11999999999999998
-0.17
-0.23000000000000004
-0.07
0.3000000000000001
-0.22000000000000003
-0.10999999999999999
-0.21000000000000002
0.26000000000000006
0.04
0.08
-0.10999999999999999
0.019999999999999997
0.3200000000000001
0.4200000000000002
0.25000000000000006
-0.08
0.25000000000000006
0.18000000000000002
-3.469446951953614E-18
0.019999999999999997
0.09
-0.07
0.0
0.0
0.0
0.0
0.0
-0.10999999999999999
-0.13999999999999999
-0.12999999999999998
-0.13999999999999999
-0.10999999999999999
0.11999999999999998
0.18000000000000002
-0.060000000000000005
0.2900000000000001
-0.17
-0.17
-0.07
-0.22000000000000003
-0.24000000000000005
0.09999999999999999
-0.019999999999999997
0.15
0.12999999999999998
0.17
0.09999999999999999
0.2700000000000001
0.3300000000000001
0.08
0.09999999999999999
-0.01
0.0
0.0
0.0
0.0
-0.16
-0.3900000000000002
-0.04
-0.3200000000000001
-0.13999999999999999
-3.469446951953614E-18
0.08
-0.16
0.11999999999999998
0.11999999999999998
0.060000000000000005
-0.03
-0.08
0.3000000000000001
-0.2800000000000001
-0.37000000000000016
-0.11999999999999998
0.10999999999999999
0.10999999999999999
-0.060000000000000005
0.2900000000000001
0.5300000000000002
0.36000000000000015
-0.020000000000000004
-0.01
0.0
0.0
0.0
0.0
-0.22000000000000006
-0.26000000000000006
-0.03
-0.2700000000000001
0.030000000000000006
0.03
0.020000000000000004
-0.12999999999999998
0.13999999999999999
-0.07
0.17
-0.38000000000000017
0.10999999999999999
0.03
-0.07
0.34000000000000014
0.09999999999999999
0.16
-0.13999999999999999
0.18000000000000002
0.4000000000000002
0.4200000000000002
0.6000000000000003
-0.07
0.01
0.0
0.0
0.0
0.0
-0.15
-0.26000000000000006
0.060000000000000005
-0.19000000000000003
0.060000000000000005
0.07
0.25000000000000006
0.07
-0.22000000000000003
0.03
0.060000000000000005
-0.05
-0.22000000000000006
-0.5300000000000002
-0.20000000000000004
0.04
0.11999999999999998
-0.13999999999999999
0.12999999999999998
0.060000000000000005
0.20000000000000004
0.45000000000000023
0.6600000000000004
0.09999999999999999
0.01
0.0
0.0
0.0
0.0
-0.03
-0.11999999999999998
-0.22000000000000006
-0.13999999999999999
0.04
0.23000000000000004
-0.15
0.26000000000000006
0.34000000000000014
0.11999999999999998
0.18000000000000002
-0.15
0.3100000000000001
-0.5000000000000002
-0.21000000000000002
-0.24000000000000005
-0.2900000000000001
-0.35000000000000014
-0.35000000000000014
-0.13999999999999999
0.060000000000000005
0.3200000000000001
0.5100000000000002
0.11999999999999998
0.0
0.0
0.0
0.0
0.0
0.0
0.08
-0.3000000000000001
0.34000000000000014
-0.16
0.26000000000000006
-0.12999999999999998
-0.019999999999999997
0.10999999999999999
0.13999999999999999
0.09999999999999999
0.12999999999999998
-0.2900000000000001
0.15
-0.4700000000000002
-0.13999999999999996
-0.5200000000000002
-0.4100000000000002
-0.2800000000000001
-0.4100000000000002
3.469446951953614E-18
0.11999999999999998
0.05
0.10999999999999999
0.0
0.0
0.0
0.0
0.0
0.0
0.03
-0.18000000000000002
0.4400000000000002
0.11999999999999998
-0.08
-0.11999999999999998
0.03
0.21000000000000005
0.21000000000000002
0.060000000000000005
0.060000000000000005
0.13999999999999999
-3.469446951953614E-18
-0.2700000000000001
-0.060000000000000005
0.12999999999999998
-0.03
0.060000000000000005
-0.48000000000000026
-0.11999999999999998
-0.21000000000000005
0.019999999999999997
-0.01
0.0
0.0
0.0
0.0
0.0
-0.02
-0.07
-0.12999999999999998
-0.23000000000000007
0.21000000000000005
-0.15
0.2900000000000001
-0.09
0.2
0.13999999999999999
0.03
0.23000000000000004
-0.36000000000000015
-0.13999999999999999
0.07
-0.11999999999999998
-0.25000000000000006
-0.11999999999999998
3.469446951953614E-18
-0.18000000000000002
-0.37000000000000016
-0.08
-0.05
-0.01
0.0
0.0
0.0
0.0
0.0
-0.02
-0.060000000000000005
-0.2700000000000001
-0.3100000000000001
-0.16
0.5200000000000002
0.09999999999999999
0.45000000000000023
0.17
0.04
0.16
0.05
-0.3900000000000002
0.23000000000000004
-0.05
0.16
-0.18000000000000002
0.09
0.03
-0.019999999999999997
0.05000000000000001
-0.05
-0.08
-0.02
0.0
0.0
0.0
0.0
0.0
0.05
-0.03
-0.16
-0.19000000000000003
-0.2
-0.060000000000000005
0.07
0.2900000000000001
-0.09
-0.03
-0.3000000000000001
0.38000000000000017
-0.15999999999999998
-0.37000000000000016
3.469446951953614E-18
-0.19000000000000003
0.24000000000000005
0.03
0.25000000000000006
-0.010000000000000004
-0.19000000000000003
-0.060000000000000005
0.05
-0.08
0.0
0.0
0.0
0.0
0.0
0.04
0.17
-0.22000000000000006
-0.15
-0.20000000000000004
-0.21000000000000002
-0.20000000000000004
-0.04
-0.08
-0.15
0.22000000000000003
-0.22000000000000006
0.060000000000000005
-0.03
0.11999999999999998
-0.12999999999999998
-0.3200000000000001
0.09
0.22000000000000006
0.010000000000000004
-0.010000000000000004
-0.009999999999999997
0.07
-0.060000000000000005
0.0
0.0
0.0
0.0
0.0
0.04
-0.03
3.469446951953614E-18
0.45000000000000023
0.19000000000000003
-0.07
-0.3300000000000001
-0.060000000000000005
-0.09999999999999999
-0.2700000000000001
-0.35000000000000014
-0.12999999999999998
-0.060000000000000005
-0.12999999999999998
-0.04
0.03
-0.15999999999999998
0.15
0.4400000000000002
-0.17
0.23000000000000007
0.04000000000000001
0.09999999999999999
-0.02
0.0
0.0
0.0
0.0
0.04
0.019999999999999997
0.020000000000000004
0.4000000000000002
0.36000000000000015
0.08
-0.4200000000000002
-0.010000000000000004
-0.2900000000000001
0.13999999999999999
-0.45000000000000023
-0.23000000000000004
0.07
-0.07
0.3200000000000001
0.20000000000000004
0.21000000000000005
-0.11999999999999998
0.15
0.03
-0.009999999999999997
0.020000000000000004
0.010000000000000004
0.11999999999999998
-0.02
0.0
0.0
0.0
0.0
0.2800000000000001
0.4400000000000002
0.030000000000000006
0.09
0.11999999999999998
0.11999999999999998
0.18000000000000002
0.26000000000000006
-0.2700000000000001
0.03
0.2900000000000001
0.03
0.21000000000000002
-0.12999999999999998
-0.04
0.37000000000000016
0.23000000000000004
0.11999999999999998
0.060000000000000005
0.20000000000000004
0.22000000000000006
0.10999999999999999
0.05000000000000001
0.08
-0.04
0.0
0.0
0.0
0.0
0.2800000000000001
0.24000000000000007
-0.13999999999999999
0.05000000000000001
-0.25000000000000006
0.4200000000000002
0.21000000000000005
0.10999999999999999
0.2800000000000001
-0.37000000000000016
-0.09
0.05000000000000001
-0.2
-0.13999999999999999
-0.09999999999999999
-0.4300000000000002
-0.04
0.020000000000000004
-0.020000000000000004
-0.22000000000000003
-0.13999999999999999
0.23000000000000007
0.23000000000000007
-0.16
-0.05
0.0
0.0
0.0
0.0
-0.03
-0.07
0.3000000000000001
0.22000000000000006
-0.3000000000000001
0.2900000000000001
0.16
0.21000000000000005
-0.060000000000000005
-0.019999999999999997
0.07
0.17
0.05
0.3900000000000002
0.08
0.15
0.09999999999999999
0.04
0.11999999999999998
-0.21000000000000002
0.3300000000000001
0.18000000000000002
0.13999999999999999
-0.15
-0.05
0.0
0.0
0.0
0.0
-0.01
-0.07
0.03
-0.04000000000000001
0.2800000000000001
-0.11999999999999998
-0.13999999999999999
0.05
0.17
-0.17
-0.08
-0.22000000000000003
0.25000000000000006
0.05
0.04
-0.3000000000000001
-0.20000000000000004
0.3100000000000001
0.020000000000000004
-0.05
0.26000000000000006
0.16
-0.09
-0.10999999999999999
-0.01
0.0
0.0
0.0
0.0
0.0
-0.060000000000000005
0.09999999999999999
-0.09
0.19000000000000003
0.07
-0.08
0.05
-0.07
0.34000000000000014
0.11999999999999998
0.060000000000000005
0.11999999999999998
-0.08
0.04
0.23000000000000004
0.05000000000000001
0.16
0.22000000000000006
0.18000000000000002
0.09
0.01
0.03
0.0
0.0
0.0
0.0
0.0
0.0
0.0
-0.01
0.16
0.11999999999999998
-0.09
-0.13999999999999999
-0.03
-0.22000000000000006
0.2
0.09999999999999999
0.3300000000000001
0.12999999999999998
0.09
0.060000000000000005
-0.19000000000000003
0.19000000000000003
0.17
0.03
0.11999999999999998
-0.15
0.04
0.03
0.0
0.0
0.0
0.0
0.0
0.0
0.0
0.0
0.0
0.0
0.18000000000000002
0.020000000000000004
0.019999999999999997
0.04
0.34000000000000014
0.17
0.15
-0.16
0.019999999999999997
0.15
0.16
0.24000000000000007
0.09
-0.05
0.010000000000000004
-0.09999999999999999
-0.09
-0.04
-0.02
-0.02
0.0
0.0
0.0
0.0
0.0
0.0
0.0
0.0
0.0
0.0
0.0
0.0
-0.03
-0.03
0.0
0.0
0.019999999999999997
0.0
-0.01
-0.05
-0.09
-0.09999999999999999
-0.09999999999999999
-0.05
-0.09
-0.08
-0.05
0.0
0.0
0.0
0.0
0.0
0.0
0.0
