-29183.543005486717
0.0
0.0
0.0
0.0
0.0
0.0
0.0
0.0
0.0
0.0
0.0
0.0
0.0
0.0
0.0
0.0
0.0
0.0
0.0
0.0
0.0
0.0
0.0
0.0
0.0
0.0
0.0
0.0
0.0
0.0
0.0
0.0
0.0
0.0
0.0
0.0
0.0
-19.981999999999804
-9.990999999999902
-59.960000000027314
-39.97900000000021
-69.9260000000115
-59.937000000001866
-69.9310000000115
-109.87599999994673
-49.941999999990614
-79.90700000000076
-49.943000000006926
-59.93400000002728
-39.95600000000022
-29.967000000000727
-19.977999999999806
0.0
0.0
0.0
0.0
0.0
0.0
0.0
0.0
0.0
0.0
-19.979999999999805
0.0
-19.977999999999806
-59.94000000002729
-59.941000000001864
-99.90900000001434
-239.78600000053822
-339.6620000003015
-569.4289999990248
-879.0989999917791
-1128.8129999854793
-1538.39599997574
-1818.0799999686292
-1828.1249999685172
-1518.4079999761902
-939.0129999895603
-489.47699999968916
-259.72500000057164
-109.88399999994671
-19.979999999999805
0.0
0.0
0.0
0.0
0.0
0.0
0.0
0.0
0.0
0.0
-39.95600000000287
-99.89599999998147
-199.80000000029872
-309.6960000003383
-769.2299999942875
-1078.9289999862629
-1798.2119999695356
-2297.7239999742337
-3126.9030000122416
-3966.0640000530166
-4935.0660002272025
-4905.063000241562
-4625.40200018434
-3696.3280000437385
-2607.473999984891
-1468.657999977449
-579.5099999977367
-219.8160000003877
-10.006000000000123
39.970000000002884
0.0
0.0
0.0
0.0
0.0
0.0
0.0
-19.977999999999806
-69.94500000001146
-289.7230000005938
-549.4610000002024
-1128.9449999863327
-1548.4729999756464
-2587.6309999816935
-3956.3610000324093
-5205.205000295272
-7223.500000696885
-9081.555001089611
-10799.988001445283
-11089.734001526931
-11069.701001520698
-10400.39100137188
-8292.543000929987
-5854.667000430258
-3656.799000017564
-1558.898999975543
-409.8250000009354
279.6160000005411
169.79600000018974
59.95600000002731
0.0
0.0
0.0
0.0
0.0
-19.979999999999805
-79.9379999999951
-289.7400000005938
-769.2399999942872
-1278.8439999816392
-2218.017999970813
-3596.5790000265815
-5514.782000345629
-7872.897000833128
-10230.985001339754
-12189.177001757538
-14756.748002290418
-16445.57900265252
-17754.151002911964
-17704.203002897466
-15636.048002478157
-13487.896002017927
-10710.50300141857
-7143.845000661725
-3966.5719999968096
-1908.5959999682934
-279.8970000006307
49.88099999994203
169.823000000147
-19.997999999999795
0.0
0.0
0.0
0.0
0.0
-219.80900000035456
-589.4779999985959
-1268.915999981913
-2577.694999981911
-4036.319000059425
-6194.301000499827
-9261.741001116343
-12479.07200178533
-14707.25600226949
-18323.976002998686
-21171.48800359033
-22669.86700390941
-22310.36000385679
-22689.798003914093
-20282.05600343506
-17884.39300292747
-14247.701002164005
-9761.673001225696
-6154.983000449635
-3047.6199999843902
-549.6810000012027
349.53599999982646
419.54200000025514
49.935000000006916
-20.017999999999784
0.0
-19.977999999999806
-39.95800000000287
-59.94000000002729
-399.63500000043643
-1198.931999984436
-2177.9079999677197
-4126.216000044196
-6274.274000502455
-9661.225001190705
-13847.496002047916
-16914.67700269566
-20521.69100343574
-23418.99800403324
-24907.75000435543
-25567.01900449681
-25776.696004536956
-24967.458004384003
-24667.972004308507
-22380.251003833644
-18713.454003071525
-13138.517001926271
-8302.84700091589
-4266.427000062346
-1099.2779999877037
509.3979999991567
839.1789999933217
109.8989999999467
-19.997999999999795
0.0
-19.977999999999806
-29.965000000000728
-119.87099999995309
-689.3479999964211
-1728.3209999712365
-3077.0230000074107
-5025.44100025498
-8182.470000896805
-11449.510001577597
-15595.814002438172
-19342.49100320744
-21570.61200367823
-23099.45300399682
-22759.73400393918
-22969.55700397253
-23199.232004015066
-23309.131004052015
-22889.678003979025
-22849.505003952785
-20361.775003429277
-15266.500002378241
-10201.201001317571
-5515.493000332476
-2068.395999964748
239.6720000007197
619.3929999971705
159.83799999998962
0.004
0.0
-19.977999999999806
-69.9200000000115
-219.76800000035436
-669.3319999962425
-1748.2989999707838
-3666.522000020596
-5664.781000387867
-8552.168000996307
-12298.724001767332
-16065.63700255521
-19312.868003221858
-20771.588003524073
-21231.309003610168
-20552.069003456618
-20671.692003467044
-21131.29000357296
-22619.709003892553
-23718.824004130314
-23868.326004161147
-21770.37400371919
-16325.354002614487
-10580.642001418702
-5955.020000441944
-2368.0529999708892
-169.93799999989065
269.7750000005549
109.90699999994668
0.0
0.0
0.0
-39.955000000000226
-159.8320000001261
-559.4269999986202
-1578.4349999744866
-3286.960000020456
-5484.97900035954
-8372.530000966673
-11989.205001718465
-16765.06500267679
-18363.660003025838
-19093.206003162657
-18124.216002944835
-16845.048002671563
-17195.069002748998
-18763.57900309568
-21790.47400373109
-24587.83700430775
-25037.372004398196
-22589.456003888485
-16884.83200272272
-10570.870001410376
-5974.909000428629
-2518.0519999701473
-489.69300000096956
19.986000000001432
10.016999999999888
0.0
0.0
0.0
-39.954000000002864
-139.87099999999177
-529.4879999996076
-1418.7209999785232
-2837.5200000002087
-4925.550000250672
-8902.115001051076
-12019.436001716896
-15506.222002428933
-16924.98800272339
-16295.910002584396
-15786.866002451432
-15756.540002443506
-15866.37900251482
-19103.419003184077
-23898.6260041565
-27125.24400481427
-27315.08200484632
-21970.063003775147
-17074.615002734194
-10550.674001370102
-5305.614000262749
-1848.741999968874
-579.7239999989235
-109.95299999990371
0.011000000000000001
-19.979999999999805
0.0
0.0
-19.975999999999807
-109.8899999999467
-429.59300000057925
-1129.0219999853523
-2597.8059999914594
-5225.449000290043
-8732.310001024221
-11499.925001621834
-14876.974002309595
-16255.9510025767
-15197.098002356808
-15127.108002324287
-16315.842002588237
-18404.113003050577
-22639.84400391065
-27954.408004980538
-29343.310005267478
-26175.987004635524
-21550.354003678545
-15515.752002408015
-9012.153001046683
-4446.396000092472
-1648.853999973116
-749.5689999945321
-229.87900000041702
-30.00400000000073
-19.979999999999805
0.0
0.0
-9.987999999999904
-19.979000000001435
-359.7060000005589
-979.1769999889766
-2288.211999976589
-5475.409000328582
-8862.230001062268
-12189.249001765073
-15356.548002400572
-16026.060002532764
-16645.776002635055
-17544.843002825615
-20691.63800349132
-21481.060003715244
-26575.942004736455
-30691.732005558333
-28883.691005206645
-25656.35800452769
-20541.12100345337
-13857.293002062046
-8162.900000870714
-4066.843000034297
-1928.5559999663933
-899.3759999905595
-279.8500000005409
-39.99200000000291
0.0
0.0
0.0
-19.975999999999807
-29.96600000000073
-279.78600000056326
-929.2689999899915
-2907.6619999910718
-5905.026000418248
-9102.022001124658
-12968.454001923148
-15726.149002492106
-17594.27500285944
-19362.97100320526
-22639.875003873003
-24757.37100435209
-25666.63400458094
-30581.588005555426
-30981.43200563257
-27764.636004991633
-24287.625004250756
-18522.91900304466
-12079.06400171901
-7763.168000805174
-4705.997000147403
-2108.4369999656806
-1019.3289999883646
-279.82900000051853
-59.978000000027336
0.0
0.0
0.0
0.0
-19.975999999999807
-199.82800000029886
-899.3059999911757
-3197.5650000034184
-6194.722000502876
-10400.847001376385
-13598.006002063448
-15865.945002549393
-18453.464003062763
-22010.114003762923
-25056.819004400888
-26905.23700481407
-29122.877005271028
-32030.04700584226
-29512.9620053389
-25806.712004597015
-22729.105003923753
-17164.347002763054
-11799.488001653792
-7973.041000837895
-4635.998000153531
-2568.0109999795213
-1149.209999985026
-289.76000000047065
-89.95599999998217
0.0
0.0
0.0
0.0
-59.9460000000273
-379.6530000009189
-989.2149999891054
-3716.8590000040463
-6514.290000563022
-9851.246001279289
-13837.765002111286
-17154.534002794557
-20601.598003481606
-23338.650004038307
-25096.851004419303
-27214.709004869714
-29052.96200524715
-30701.282005561552
-27604.73900494857
-24697.438004346746
-21140.468003595775
-16744.983002667985
-11130.023001528707
-7753.222000811014
-4636.025000157491
-2527.9389999819227
-1378.985999979412
-479.58500000031376
-89.9359999999822
0.0
0.0
0.0
0.0
-89.91399999998224
-449.60700000061934
-1428.8629999788272
-3697.0020000198997
-5964.829000449078
-9381.799001173124
-13028.440001931644
-16285.570002610824
-19961.971003347666
-21550.483003685382
-23018.880003992675
-26035.87800460429
-27394.597004893727
-27065.15800483297
-26426.107004685957
-23099.116004003892
-20171.762003379026
-15836.004002483245
-10620.610001432204
-7623.241000785271
-4865.792000191541
-2528.00299998839
-1538.8089999756405
-579.4529999986916
-129.87999999992007
-19.9859999999998
0.0
0.0
0.0
-129.87999999992007
-669.3829999966538
-1648.5449999726209
-3047.5340000335127
-5375.676000327746
-8242.867000933617
-11979.585001695621
-15216.564002379815
-17354.742002838655
-19572.367003286527
-22739.283003911823
-24857.184004351246
-25736.168004554667
-26115.90200462379
-25366.925004455854
-21750.318003722878
-17754.138002901116
-14527.113002223801
-10470.821001382905
-6334.510000558247
-4506.144000141913
-2717.7209999880356
-1468.7809999776343
-409.6040000003493
-99.92199999994853
-59.96400000002732
0.0
0.0
0.0
-119.87999999990201
-719.2809999948951
-2137.9829999682047
-3377.149000061519
-5095.865000295171
-7313.825000749253
-10540.865001402586
-13508.527002047635
-15926.030002564783
-18723.665003119775
-21030.95200358958
-23848.212004163765
-25086.96300442231
-24717.37100434209
-24078.080004190382
-20041.965003373236
-16445.420002635215
-12938.543001898035
-9212.039001129404
-6084.632000479539
-3696.77400004774
-2218.0759999699562
-1348.849999980648
-349.6590000006132
-39.97400000000289
-39.97800000000289
0.0
0.0
0.0
-69.9140000000115
-979.0149999895447
-2387.751999979433
-3626.8680000745176
-5205.865000339431
-7154.056000736029
-10720.859001438925
-14447.396002210464
-16335.780002630796
-19672.53600330584
-22120.03100381397
-24887.26300437167
-25266.832004456952
-23279.015004060144
-22719.625003910012
-19392.860003217458
-14786.938002285935
-11010.513001509638
-7973.170000863218
-4905.86700025107
-3286.994000020459
-1848.4219999683585
-939.0879999898526
-389.66000000069215
-29.99000000000073
0.0
0.0
0.0
0.0
-89.90499999998225
-779.2119999945116
-2087.903999964979
-3217.111000035847
-5105.853000303151
-6824.365000687071
-10151.29000134565
-13628.30400206142
-17194.935002792685
-21141.134003590272
-23888.325004153143
-25227.066004432145
-24168.22600422564
-22219.9980038226
-20921.240003516472
-16066.07200252734
-11590.218001628027
-8822.59800103628
-5795.104000426055
-4126.414000046459
-2317.855999972156
-1228.8529999831358
-599.4409999978058
-229.79000000044826
-59.96100000002732
0.0
0.0
0.0
0.0
-59.93400000002728
-459.53900000099475
-1348.681999980447
-2777.5129999927462
-4156.570000103544
-6744.2930006338765
-9701.647001254114
-12519.384001850147
-16605.505002673603
-19173.270003204
-21500.87000367257
-21360.959003649295
-20202.007003411454
-18513.59100304707
-15117.132002346922
-12030.015001697939
-8603.191001008363
-6264.946000514683
-4356.433000100496
-2647.718999983943
-1568.5619999754556
-659.397999996765
-389.6390000003398
-139.88500000004385
-39.972000000002886
0.0
0.0
0.0
0.0
-39.95600000000287
-299.71000000070296
-809.2479999935782
-1828.4179999692656
-2927.4640000006043
-5325.416000306002
-8173.022000920297
-11180.236001552488
-13957.724002131303
-15646.217002487416
-17404.58700282737
-17504.3570028408
-16215.652002572899
-13977.993002104316
-11430.31000157477
-8782.754001013218
-6454.708000525322
-4176.561000078247
-2697.7019999875824
-1358.9449999796561
-749.3069999945384
-319.7330000005272
-139.86999999993975
-39.96000000000287
-19.979999999999805
0.0
0.0
0.0
0.0
0.0
-79.94399999999509
-299.7850000005273
-689.4259999960184
-1648.6409999733723
-3117.35100000522
-4795.909000212472
-6693.997000631121
-8622.238001028854
-10130.842001321958
-11529.386001575253
-10330.671001366378
-10090.926001299084
-8802.019001019944
-6813.899000630769
-5554.958000337961
-3766.699000031668
-2367.9409999764403
-1308.9089999800758
-809.2889999923826
-399.6349999998787
-209.80900000036038
-59.93400000002728
0.0
0.0
0.0
0.0
0.0
0.0
0.0
-19.983999999999803
-69.96400000001145
-209.8360000003605
-819.3179999934381
-1528.7099999756417
-2407.8119999820606
-3436.80000003491
-3716.438000088136
-4485.626000162883
-4625.48800018436
-4945.273000233635
-4915.230000223727
-4105.986000080848
-3476.679000037587
-2707.467999990441
-2028.1389999642645
-1039.0539999869939
-769.3299999933874
-489.53600000020106
-279.7380000005854
-109.8899999999467
-59.95600000002731
0.0
0.0
0.0
0.0
0.0
0.0
0.0
0.0
-19.9859999999998
-79.94300000000074
-449.59600000061937
-759.2899999938683
-1228.7549999826886
-1588.394999974394
-1778.19099996929
-2137.761999966932
-1937.9829999657165
-1868.0189999675442
-2037.9069999638718
-1967.9849999659189
-1388.6069999792473
-1048.9669999871103
-759.2899999945957
-339.67500000018293
-229.79600000051158
-189.81700000031236
-99.92499999998144
-59.93200000002728
0.0
0.0
0.0
0.0
0.0
0.0
