2.4479999999998414
0.0
0.0
-0.06800000000000005
-0.14000000000000004
0.25400000000000017
0.09500000000000006
0.5260000000000004
0.3900000000000003
-0.19600000000000012
-0.8190000000000006
0.031999999999996274
-0.010000000000000269
-0.031000000000001422
0.07300000000000355
0.0550000000000022
0.5110000000000003
-0.20100000000000015
0.1049999999999994
0.10300000000001307
0.06200000000005507
-0.12800000000000808
-0.18799999999999967
-0.18299999999999994
-0.3980000000000003
-0.02100000000000001
-0.2340000000000001
0.043000000000011106
0.13200000000000106
-0.18799999999999994
-0.08800000000002327
0.09299999999995565
0.10399999999999386
0.3450000000000004
0.07700000000001836
-0.05199999999998307
0.12299999999997786
2.3809079707781677E-15
0.02100000000001108
0.04899999999999611
0.21200000000000008
1.009000000000007
0.29600000000000026
-0.20400000000000018
0.14499999999999968
0.053999999999997834
0.03399999999999918
0.14300000000000085
-0.8400000000000006
0.0
