1.27799999999997
0.0
0.0
0.0
0.0
0.0
0.0
0.0
0.0
0.0
0.0
-0.002
-0.001
0.0
0.0
0.0
0.0
0.0
0.0
0.0
0.0
-0.04600000000000003
-0.1330000000000001
0.2140000000000002
0.33200000000000035
-0.44600000000000034
0.2900000000000002
-0.033000000000000015
0.2820000000000002
0.8490000000000006
0.0
0.0
0.0
-0.045000000000000026
-0.44100000000000034
0.06399999999999995
-0.02899999999999967
0.006000000000000677
-0.048000000000000015
-0.04400000000000086
0.28300000000000025
-0.10199999999999998
0.068
0.29500000000000015
-0.026999999999999896
-0.3000000000000002
0.0
-0.046000000000000034
-0.5370000000000004
0.03200000000000086
0.09099999999999951
-0.017999999999998784
0.15500000000000005
-0.06500000000000003
0.12499999999999989
-0.20200000000000012
0.2600000000000002
-0.12499999999999989
0.34800000000000025
0.8350000000000006
-0.3920000000000003
0.0
-0.5660000000000004
0.1000000000000001
0.019000000000000006
0.18900000000000014
0.09600000000000015
-0.06700000000000009
-0.028999999999999863
-0.1840000000000001
0.09500000000000028
-0.03499999999999985
-0.06000000000000007
-0.048999999999999946
0.9550000000000007
0.17600000000000013
0.0
-0.001
-0.011000000000000253
0.13199999999999995
-0.079000000000001
0.1680000000000001
0.1510000000000001
0.039000000000000215
-0.2350000000000001
-0.14200000000000007
-0.22600000000000017
-0.14800000000000008
0.0699999999999998
-0.5890000000000005
0.0
0.0
-0.047000000000000035
-0.00900000000000014
0.2680000000000002
0.024000000000001225
-0.04899999999999968
0.16300000000000012
0.02899999999999764
-0.1880000000000001
0.13300000000000026
-0.0709999999999998
-0.0889999999999998
-0.2730000000000002
0.06100000000000007
-0.09500000000000007
0.0
-0.047000000000000035
-0.09700000000000006
-0.4090000000000003
0.009000000000000483
0.19000000000000014
-0.04399999999999976
-0.0010000000000004233
-0.02400000000000082
-0.2090000000000002
-0.15200000000000014
0.2620000000000001
0.16200000000000006
0.2650000000000002
-0.09500000000000007
0.0
0.23200000000000018
-0.15100000000000005
-0.012999999999999071
-0.19400000000000012
-0.0950000000000002
-0.06500000000000002
-0.19400000000000014
-0.07700000000000003
0.2210000000000002
0.007000000000001806
0.11399999999999999
-0.18800000000000078
0.16100000000000006
-0.09500000000000007
0.0
0.36300000000000027
0.36800000000000027
0.25200000000000017
0.10099999999999995
0.07600000000000004
-0.09800000000000005
0.07000000000000005
0.002000000000000635
0.06200000000000001
0.028000000000001055
0.08700000000000005
0.02499999999999998
0.41500000000000037
-0.1510000000000001
0.0
0.23900000000000018
0.1579999999999995
0.01900000000000292
0.1290000000000001
-0.03499999999999952
0.1330000000000001
-0.24200000000000021
0.2720000000000002
-0.08299999999999993
-0.08000000000000006
0.11700000000000002
0.3860000000000003
-0.5360000000000004
0.0
0.0
-0.1570000000000001
0.29000000000000026
-0.08300000000000002
-0.03299999999999936
-0.06199999999999907
0.15900000000000009
0.2030000000000001
-0.061999999999999916
0.1390000000000001
-0.03700000000000048
0.1590000000000001
0.05700000000000004
0.0
0.0
0.0
0.0
0.0
0.3820000000000003
0.09500000000000006
0.4230000000000004
-0.008999999999999963
0.08500000000000006
0.2740000000000002
-0.12500000000000008
-0.007999999999999945
-0.2710000000000002
-0.1550000000000001
0.0
0.0
0.0
