1.2300000000000009
0.0
0.0
0.0
0.0
0.0
0.0
0.0
0.0
0.0
0.0
0.0
0.0
0.0
0.0
0.0
0.0
0.0
0.0
0.0
0.0
0.0
0.0
0.0
0.0
0.0
0.0
0.0
0.0
0.0
0.0
0.0
0.0
0.0
0.0
0.0
0.0
0.0
0.0
0.0
0.0
0.0
0.0
0.0
0.0
0.0
0.0
0.0
0.0
0.0
0.0
0.0
0.0
0.0
0.0
0.0
0.0
0.0
0.0
0.0
0.0
0.0
0.0
0.0
0.0
0.0
0.0
0.0
0.0
0.0
0.0
-0.09999999999999999
-0.10999999999999999
-0.11999999999999998
-0.12999999999999998
-0.08
-0.07
-0.060000000000000005
0.0
-0.02
-0.02
-0.02
0.0
0.0
0.0
0.0
0.0
0.0
0.0
0.0
0.0
0.0
0.0
0.0
0.0
0.0
-0.01
-0.10999999999999999
-0.11999999999999998
-0.08
-0.05
0.15
0.09999999999999999
0.060000000000000005
-0.009999999999999997
-0.2800000000000001
-0.09
0.05
0.03
0.03
0.060000000000000005
0.05
0.05
0.0
0.0
0.0
0.0
0.0
0.0
0.0
0.0
0.0
-0.07
-0.09
-0.18000000000000002
-0.009999999999999997
0.020000000000000004
0.010000000000000004
-0.12999999999999998
-0.24000000000000005
-0.09999999999999999
-0.19000000000000003
-0.04
-3.469446951953614E-18
0.3000000000000001
-0.26000000000000006
0.08
0.11999999999999998
0.04000000000000001
0.20000000000000004
0.09999999999999999
0.18000000000000002
0.20000000000000004
0.0
0.0
0.0
0.0
0.0
0.0
-0.09999999999999999
-0.17
-0.21000000000000005
-0.4000000000000002
-0.20000000000000004
0.17
-0.07
-0.060000000000000005
-0.26000000000000006
0.11999999999999998
-0.10999999999999999
0.020000000000000004
0.12999999999999998
-0.05
0.24000000000000005
0.35000000000000014
0.22000000000000006
-3.469446951953614E-18
0.24000000000000005
-3.469446951953614E-18
0.08
0.12999999999999998
0.13999999999999999
-0.060000000000000005
0.0
0.0
0.0
0.0
0.0
-0.09999999999999999
-0.21000000000000005
-0.11999999999999998
-0.17
-0.04
0.010000000000000004
0.11999999999999998
0.060000000000000005
0.3200000000000001
-0.26000000000000006
-0.060000000000000005
-0.07
-0.23000000000000004
-0.19000000000000003
0.020000000000000004
-0.07
0.18
0.24000000000000005
0.07
-0.07
0.38000000000000017
0.16
0.13999999999999999
0.07
-0.07
0.0
0.0
0.0
0.0
-0.12999999999999998
-0.3900000000000002
-0.12999999999999998
-0.3200000000000001
-0.19
-0.010000000000000004
-0.15
-0.20000000000000004
0.21000000000000002
0.22000000000000003
-0.07
-0.18000000000000002
-0.11999999999999998
0.3900000000000002
-0.3300000000000001
-0.36000000000000015
-0.15
0.16
0.19
-0.19000000000000003
0.25000000000000006
0.36000000000000015
0.37000000000000016
-0.07
-0.07
0.0
0.0
0.0
0.0
-0.24000000000000007
-0.2900000000000001
0.10999999999999999
-0.25000000000000006
0.020000000000000004
0.34000000000000014
0.08
-0.11999999999999998
0.09
0.24000000000000005
0.18000000000000002
-0.25000000000000006
-0.04
0.08
-0.13999999999999999
0.2800000000000001
0.12999999999999998
0.2
-0.24000000000000007
0.18
0.47000000000000025
0.5300000000000002
0.5100000000000002
-0.10999999999999999
0.01
0.0
0.0
0.0
0.0
-0.16
-0.21000000000000005
0.22000000000000006
-0.21000000000000005
0.04
0.07
0.2900000000000001
-0.11999999999999998
-0.4100000000000002
0.13999999999999999
0.07
-0.19
-0.07
-0.5200000000000002
-0.38000000000000017
0.04
0.17
-0.16
0.22000000000000006
0.10999999999999999
0.3000000000000001
0.4100000000000002
0.8800000000000006
0.3200000000000001
0.01
0.0
0.0
0.0
0.0
0.0
-0.019999999999999997
-0.10999999999999999
-0.019999999999999997
0.08
0.20000000000000004
0.07
0.13999999999999999
0.22000000000000006
0.07
0.2800000000000001
-0.17
0.03
-0.6400000000000003
-0.16
-0.2
-0.6500000000000004
-0.49000000000000027
-0.3300000000000001
-0.04
0.020000000000000004
0.5100000000000002
0.5300000000000002
0.15
0.0
0.0
0.0
0.0
0.0
0.0
0.04
-0.20000000000000004
0.36000000000000015
-0.3200000000000001
0.09999999999999999
0.08
0.21000000000000005
0.22000000000000003
-0.05000000000000001
0.03
-0.04
-0.04
0.11999999999999998
-0.34000000000000014
-0.25000000000000006
-0.4100000000000002
-0.25000000000000006
-0.38000000000000017
-0.6500000000000004
-0.2700000000000001
0.08
-0.11999999999999998
0.11999999999999998
0.0
0.0
0.0
0.0
0.0
-0.04
0.009999999999999997
-0.13999999999999999
0.2900000000000001
0.060000000000000005
-0.010000000000000004
-0.23000000000000004
-0.15
0.22000000000000003
0.37000000000000016
0.25000000000000006
0.05
-0.030000000000000006
0.10999999999999999
-0.3300000000000001
-0.07
0.10999999999999999
-0.18000000000000002
0.03
-0.3900000000000002
0.020000000000000004
-0.25000000000000006
-0.07
0.0
0.0
0.0
0.0
0.0
0.0
-0.04
-0.10999999999999999
-3.469446951953614E-18
-0.2800000000000001
0.22000000000000003
0.03
0.3900000000000002
-0.019999999999999997
0.3900000000000002
0.10999999999999999
0.07
-0.020000000000000004
-0.20000000000000004
-0.37000000000000016
-0.060000000000000005
-0.2800000000000001
-0.37000000000000016
-0.03
-0.03
-0.35000000000000014
-0.3000000000000001
-0.060000000000000005
-0.060000000000000005
0.0
0.0
0.0
0.0
0.0
0.0
-0.04
-0.06000000000000001
-0.17
-0.09999999999999999
3.469446951953614E-18
0.38000000000000017
0.07
0.38000000000000017
0.04
0.060000000000000005
-0.03
0.05
-0.2800000000000001
0.18000000000000002
-0.009999999999999997
0.4000000000000002
-0.22000000000000006
0.09999999999999999
0.05
-0.05
0.05
0.05000000000000001
-0.060000000000000005
0.0
0.0
0.0
0.0
0.0
0.0
0.03
-0.04000000000000001
-0.060000000000000005
-0.04
-0.3000000000000001
-0.2800000000000001
0.13999999999999999
0.2800000000000001
-0.12999999999999998
0.2700000000000001
-0.38000000000000017
0.3900000000000002
-0.19000000000000003
-0.2700000000000001
-0.22000000000000003
-0.4200000000000002
0.36000000000000015
0.15
0.05
0.019999999999999997
-0.19000000000000003
0.09999999999999999
0.060000000000000005
-0.02
0.0
0.0
0.0
0.0
-0.01
0.02
0.10999999999999999
-0.20000000000000004
-0.04
-0.09999999999999999
-0.18
-0.34000000000000014
0.07
-0.11999999999999998
-0.19
0.20000000000000004
-0.11999999999999998
0.16
-0.11999999999999998
0.24000000000000005
-0.009999999999999997
-0.3900000000000002
0.07
0.2900000000000001
-0.12999999999999998
-0.019999999999999997
0.11999999999999998
0.04
0.0
0.0
0.0
0.0
0.0
-0.01
0.04
-0.11999999999999998
-0.16
0.37000000000000016
0.23000000000000004
-0.2900000000000001
-0.5700000000000003
0.11999999999999998
-0.15999999999999998
-0.15
-0.3100000000000001
-0.25000000000000006
-0.09999999999999999
-0.25000000000000006
-0.05
-0.019999999999999997
-0.21000000000000005
0.2900000000000001
0.5000000000000002
-0.2700000000000001
0.3000000000000001
0.09999999999999999
0.05
0.0
0.0
0.0
0.0
0.0
0.05
0.019999999999999997
-0.019999999999999997
0.3900000000000002
0.22000000000000006
0.23000000000000007
-0.23000000000000004
-0.15
-0.10999999999999999
0.24000000000000005
-0.4300000000000002
-0.21000000000000005
0.12999999999999998
-0.05
0.2800000000000001
0.36000000000000015
0.26000000000000006
-0.08
0.21000000000000002
-0.030000000000000006
-0.13999999999999999
0.09
0.08
0.05
0.0
0.0
0.0
0.0
0.0
0.36000000000000015
0.5400000000000003
0.24000000000000005
0.3200000000000001
0.24000000000000005
0.11999999999999998
0.3100000000000001
0.23000000000000004
-0.16
-0.11999999999999998
0.10999999999999999
0.11999999999999998
0.09999999999999999
-0.2700000000000001
-0.09
0.5900000000000003
0.2900000000000001
0.04
-0.05
0.19000000000000003
0.21000000000000002
0.23000000000000007
0.11999999999999998
0.009999999999999997
-0.04
0.0
0.0
0.0
0.0
0.36000000000000015
0.3100000000000001
-3.469446951953614E-18
-0.10999999999999999
-0.13999999999999999
0.45000000000000023
0.25000000000000006
0.3000000000000001
0.18000000000000002
-0.22000000000000006
-0.2800000000000001
0.35000000000000014
-0.09999999999999999
0.07
-0.13999999999999996
-0.45000000000000023
-0.060000000000000005
0.09999999999999999
-0.08
-0.2700000000000001
-0.26000000000000006
0.12999999999999998
0.36000000000000015
-0.09
-0.04
0.0
0.0
0.0
0.0
-0.01
-0.060000000000000005
0.6000000000000003
0.09
-0.5600000000000003
0.4100000000000002
0.060000000000000005
0.15
0.009999999999999997
0.11999999999999998
-0.09
0.21000000000000005
0.07
0.34000000000000014
0.03
-0.05
0.09
0.19000000000000003
0.22000000000000006
-0.23000000000000004
0.3300000000000001
0.11999999999999998
0.25000000000000006
-0.08
-0.04
0.0
0.0
0.0
0.0
-0.01
-0.060000000000000005
-0.020000000000000004
-0.060000000000000005
0.3100000000000001
-0.07
-0.020000000000000004
-0.08
0.25000000000000006
-0.04000000000000001
-0.11999999999999998
-0.11999999999999998
0.2900000000000001
0.2
0.19
-0.4200000000000002
-0.19000000000000003
0.11999999999999998
0.060000000000000005
-0.19000000000000003
0.3300000000000001
0.37000000000000016
-0.04
-0.04
0.0
0.0
0.0
0.0
0.0
0.0
-0.01
0.020000000000000004
-0.12999999999999998
0.15
0.04
-0.07
-0.15
0.13999999999999999
0.4300000000000002
-0.07
0.11999999999999998
-0.03
-0.2700000000000001
0.16
0.20000000000000004
0.10999999999999999
0.04
0.13999999999999999
0.19000000000000003
0.36000000000000015
0.019999999999999997
0.04
0.0
0.0
0.0
0.0
0.0
0.0
0.0
0.0
0.11999999999999998
0.09
-0.11999999999999998
-0.08
0.09
-0.16
0.15
0.21000000000000002
0.4800000000000002
0.09999999999999999
0.19000000000000003
0.12999999999999998
-0.18000000000000002
0.18000000000000002
0.09999999999999999
0.03
0.22000000000000006
0.08
0.21000000000000005
0.07
0.0
0.0
0.0
0.0
0.0
0.0
0.0
0.0
0.0
-0.01
0.23000000000000007
0.020000000000000004
-0.03
0.07
0.3900000000000002
0.21000000000000005
0.019999999999999997
-0.13999999999999999
0.07
0.25000000000000006
0.25000000000000006
0.23000000000000007
0.04
0.009999999999999997
0.03
-0.09
-0.09
0.0
-0.060000000000000005
-0.060000000000000005
0.0
0.0
0.0
0.0
0.0
0.0
0.0
0.0
0.0
0.0
0.01
0.01
-0.03
-0.03
0.01
0.01
0.08
0.04
0.030000000000000006
0.09999999999999999
0.05
0.08
0.08
0.0
-0.060000000000000005
-0.060000000000000005
-0.060000000000000005
0.0
0.0
0.0
0.0
0.0
0.0
0.0
