-32843.6680059571
0.0
0.0
0.0
0.0
0.0
0.0
0.0
0.0
0.0
0.0
0.0
0.0
0.0
0.0
0.0
0.0
0.0
0.0
0.0
0.0
0.0
0.0
0.0
0.0
0.0
0.0
0.0
0.0
0.0
0.0
0.0
0.0
0.0
0.0
0.0
0.0
-19.981999999999804
-29.97300000000073
-19.982000000001438
-79.94399999999509
-39.97900000000021
-69.93600000001149
-59.94200000000186
-89.94199999998219
-139.8759999999918
-79.94100000000637
-69.9280000000115
-29.97000000000073
-39.962000000002874
-9.990999999999902
-19.981999999999804
0.0
0.0
0.0
0.0
0.0
0.0
0.0
0.0
0.0
0.0
0.0
-19.979999999999805
0.0
-19.979999999999805
-79.92599999999513
-69.93699999999762
-129.91500000003225
-289.7920000004705
-359.68100000027187
-579.4769999989293
-969.1379999898379
-1168.932999984469
-1618.5079999739298
-1998.0959999645015
-2068.0609999642516
-1588.5009999741308
-1039.0159999872606
-509.5159999996926
-229.7840000004799
-109.90299999994667
-29.973000000000727
-19.981999999999804
0.0
0.0
0.0
0.0
0.0
0.0
0.0
0.0
0.0
-39.96000000000287
-119.88799999995305
-199.8160000002988
-379.6880000000897
-879.2269999916191
-1189.0069999836746
-1928.3559999665413
-2457.8839999795528
-3387.1070000171185
-4376.22300011231
-5485.1970003311735
-5465.092000349361
-5105.500000285122
-3986.5410000641737
-2847.57099999251
-1548.7319999756405
-589.5899999978903
-259.8080000005518
-39.996000000002915
19.981999999999804
0.0
0.0
0.0
0.0
0.0
0.0
0.0
-19.979999999999805
-89.93199999998221
-369.6900000008046
-579.4919999994056
-1179.016999985241
-1858.413999968466
-2947.5839999930263
-4426.427000105443
-6095.068000462607
-8223.411000896624
-10251.513001325717
-12119.956001714661
-12759.497001861211
-12319.883001778793
-11390.611001575307
-9172.651001106131
-6454.898000546665
-3976.8750000239024
-1658.9869999732616
-419.80900000107204
219.6920000004202
219.74400000038733
59.9460000000273
0.0
0.0
0.0
0.0
0.0
-19.983999999999803
-69.95400000001146
-279.79100000056326
-819.3109999929325
-1398.8989999788685
-2348.056999977868
-3996.6390000414385
-6334.783000506203
-8902.999001047134
-11541.02000160649
-13978.993002119601
-16926.440002730185
-18525.423003079326
-19884.13900334829
-19714.32800330926
-17705.9590028942
-15147.9640023489
-11600.876001602777
-7584.310000753952
-4226.861000024965
-1928.8099999678195
-429.78900000164316
59.86599999990043
169.819000000147
-20.001999999999793
0.0
0.0
0.0
0.0
-19.981999999999804
-219.82400000035463
-599.5419999982641
-1298.9959999810862
-2807.7509999881513
-4276.557000103809
-7124.319000677396
-10481.71900136441
-14009.266002101478
-16577.38100264917
-20514.16900344837
-23821.507004131472
-25609.767004506986
-25150.315004432476
-25430.0550044722
-22892.1610039607
-19884.72100333365
-15798.01900247943
-10822.001001436762
-6715.242000563899
-3447.6849999855413
-779.5939999955663
349.60299999969453
569.4669999992664
39.964000000002876
-39.9820000000029
0.0
-19.979999999999805
-39.962000000002874
-39.964000000002876
-349.72200000048184
-1269.03199998289
-2348.0319999726485
-4516.301000124386
-6834.512000619745
-10831.263001425392
-15417.768002371871
-18765.103003074
-23131.60000396247
-26489.00300465189
-28107.7550050014
-28897.060005171697
-28876.94600517155
-28217.50300504429
-27538.183004895178
-24760.58400432388
-20743.795003487114
-14568.772002214164
-8903.294001036898
-4436.780000093843
-1089.4519999878712
679.315999995524
909.2129999914883
159.87600000003528
-29.974000000000732
0.0
-19.979999999999805
-29.97000000000073
-129.88299999997608
-689.4289999964191
-1858.4099999682433
-3447.1000000180043
-5725.331000393815
-8952.717001057961
-12759.751001844023
-17196.150002765746
-21512.709003646545
-24090.932004189308
-25240.091004438516
-25339.960004464177
-25469.835004487537
-26219.097004631032
-26468.975004693664
-26189.500004648162
-25809.515004555316
-22791.94500392152
-16756.734002679306
-11291.364001538746
-5715.806000376886
-2118.5259999643313
359.6319999994118
729.4029999949662
189.85200000015928
20.011999999999787
0.0
-19.979999999999805
-109.90799999994667
-289.74000000059385
-679.4019999957253
-1948.391999965872
-4146.559000049968
-6514.678000565916
-9432.376001184908
-13499.170002018385
-17885.65100292465
-21363.163003640308
-23241.904004022614
-23501.673004074826
-22922.182003943937
-23121.794003971456
-24221.125004200185
-25769.46000453219
-26738.864004748662
-26578.68100471597
-23820.99400414022
-18115.72000297786
-11850.780001679395
-6505.192000559292
-2608.140999976608
-189.93299999992973
339.77700000041966
109.93999999994662
19.995999999999796
0.0
0.0
-79.92500000000074
-229.78400000044823
-689.3829999956189
-1848.4039999679853
-3886.8820000498176
-6294.890000526593
-9302.688001160519
-13429.294002006824
-18825.06200309396
-20124.111003389145
-21453.28000363708
-20114.41900335286
-19324.83100317557
-19634.863003245842
-21533.37600365952
-24730.431004328533
-27428.026004889754
-27987.694004998408
-24750.171004332387
-18934.99900314027
-11810.931001663352
-6565.059000553345
-2778.04099997331
-559.6300000003433
79.98300000000071
10.01099999999989
0.0
0.0
0.0
-49.94700000000692
-169.85300000019
-619.4749999971685
-1738.582999970805
-3327.4860000315143
-5325.711000349098
-9792.33500123475
-13359.526001989823
-17216.329002781895
-18785.153003102314
-18245.989002978582
-17876.726002874995
-17876.382002879025
-18266.21600300057
-21533.429003682533
-27258.359004836882
-30505.498005501497
-29995.76600539516
-24370.486004263912
-18914.98300311314
-11720.822001607617
-5815.781000376107
-2218.5949999665295
-699.6789999960937
-129.92799999986428
0.006
-19.981999999999804
0.0
0.0
-29.96700000000073
-129.87999999997606
-589.5069999988294
-1478.8379999771728
-2967.778000017861
-5965.438000436906
-9832.298001244115
-13029.891001928421
-16547.12000265194
-18545.721003033286
-16717.215002671688
-17217.013002752214
-18905.41500311007
-20724.270003526664
-25389.990004473755
-31724.430005745155
-32544.002005922594
-29026.550005216915
-23690.79900411617
-17376.11300278525
-10042.25200125482
-4846.5040001748575
-1788.900999969707
-909.5199999907214
-309.8010000006384
-30.003000000000732
-19.981999999999804
0.0
0.0
-29.967000000000727
-49.94700000000692
-449.6490000006193
-1219.0699999831838
-2528.3139999924488
-5985.566000435946
-9952.245001279536
-13609.47600205384
-16936.850002727588
-18265.901002984447
-18415.907003002336
-20034.707003331827
-23981.19600415505
-24620.791004351246
-29796.167005394927
-34382.02900343637
-32414.033005924535
-28316.98500507288
-22851.425003921486
-15087.851002314887
-9033.060001047614
-4456.850000109798
-2168.6029999679313
-1079.3569999862523
-419.72300000066326
-39.99400000000291
0.0
0.0
0.0
-19.977999999999806
-9.988999999999903
-309.7760000005632
-1159.1289999847456
-3237.8000000007246
-6485.274000537322
-10012.280001310899
-14618.542002255415
-17416.41200284098
-19654.338003282755
-21773.009003698666
-25270.158004414105
-28067.366005024807
-28906.772005244802
-34521.657002963984
-35051.45900211576
-31025.01700565769
-27157.959004834374
-20343.48600341538
-13309.424001964813
-8453.473000943519
-4966.221000207786
-2558.362999979755
-1269.2509999824495
-349.7920000003502
-59.98200000002734
0.0
0.0
0.0
0.0
-19.977999999999806
-249.8020000005375
-999.2949999885348
-3527.632000011617
-6764.938000621296
-11321.27900156589
-14868.404002324316
-17945.942002968968
-20993.444003577126
-25139.97500439637
-28586.630005115938
-30415.214005529964
-33012.799005566325
-36130.071000348544
-33482.92700476789
-29286.457005305154
-26048.925004592613
-19294.45200319076
-12959.906001887251
-8743.277000996386
-5056.312000244978
-2908.1069999923816
-1329.169999980678
-339.7560000003011
-109.94599999994661
0.0
0.0
0.0
0.0
-39.97600000000289
-419.66800000107156
-1129.235999985714
-4017.0370000131334
-7174.5040006962045
-10861.52800148225
-15338.127002412604
-18725.171003119107
-22542.151003883577
-26198.850004621465
-28306.91900507397
-30714.907005585
-33162.78100531534
-34631.24900299792
-31184.964005677797
-28177.295005051692
-23670.85800411229
-18575.324003042246
-12210.346001751772
-8523.499000971166
-5206.142000272568
-2768.05599999196
-1449.0499999775088
-479.6370000003138
-99.94099999998143
0.0
0.0
0.0
0.0
-69.94900000001147
-529.5770000001272
-1528.9639999763585
-3767.2670000255803
-6305.230000524807
-10132.19900132495
-14208.933002169517
-18055.895002968893
-22132.502003787205
-24570.374004290188
-26168.77700463151
-29516.07600531282
-31244.396005674484
-30275.39600548963
-29346.689005284097
-26149.086004621342
-22252.21900380601
-17596.224002842122
-11730.811001660724
-8413.491000944749
-5366.023000291032
-2728.0939999985544
-1778.7649999699756
-629.4799999972929
-139.8929999999919
-19.9899999999998
0.0
0.0
0.0
-89.9329999999822
-729.4029999951555
-1748.6559999701433
-3137.705000034746
-5726.012000400358
-9272.901001130818
-13099.995001924533
-17206.69200277498
-19924.58400334873
-22132.53100380295
-25549.598004485528
-27937.48400498117
-28806.53500518014
-29096.42300523141
-28247.30900504155
-24260.642004232875
-19784.246003314653
-16337.173002592353
-11630.938001621507
-7184.475000722912
-4956.351000230978
-2867.906999997923
-1668.7819999725828
-539.5699999995287
-149.90200000001195
-59.970000000027326
0.0
0.0
0.0
-139.8769999998878
-869.221999991601
-2348.0799999799565
-3507.3420000706606
-5506.024000369908
-8213.910000918857
-11521.335001607555
-15048.732002361556
-18036.185002987982
-20703.91400352672
-23641.190004121425
-26788.285004762613
-28017.33400502009
-28147.233005034905
-26958.144004774895
-22172.38500381193
-18515.36400305635
-14868.264002287293
-10092.249001317521
-6974.663000650648
-4057.0500000619427
-2398.204999976506
-1528.8639999764512
-449.6170000008477
-59.95400000002731
-39.980000000002896
0.0
0.0
0.0
-79.91400000000074
-1148.9529999855129
-2597.84399999146
-3887.0820000963413
-5536.099000405781
-8103.924000909411
-11920.990001683009
-15797.930002491023
-18685.563003100717
-22182.633003814954
-24890.12800437668
-27937.32800499263
-28197.106005053938
-26358.990004683124
-25080.179004394515
-21713.06000369245
-16656.877002668312
-12380.523001792466
-8953.092001068278
-5535.983000374289
-3597.1820000285247
-1988.462999965101
-1029.115999987811
-399.6920000008083
-29.98900000000073
0.0
0.0
0.0
0.0
-129.88199999997607
-889.2029999914766
-2367.905999974773
-3577.189000062503
-5516.024000395747
-7514.497000822043
-11471.367001604944
-15088.646002356976
-19414.919003239236
-23561.347004082192
-26648.505004717066
-27877.42000497728
-26938.374004792797
-24720.187004333766
-23211.591003986487
-17886.18800290323
-13080.234001932686
-9872.637001261905
-6974.809000654622
-4666.47900015991
-2627.959999982563
-1348.9059999802369
-629.4719999968543
-189.85600000027426
-59.96200000002732
0.0
0.0
0.0
0.0
-109.89399999994669
-599.4649999989572
-1488.6979999769972
-3227.4940000062606
-4636.62400020507
-7624.276000815542
-10402.05200140924
-14109.449002164907
-18495.649003055027
-20913.81600356392
-24380.739004255185
-24290.759004245734
-22981.812003974734
-20893.637003532378
-17157.06800275927
-13440.127001987408
-9663.074001224288
-7294.775000719466
-4936.461000220058
-3027.7960000027815
-1938.5009999667018
-759.4069999942292
-419.6490000002549
-139.8970000000439
-39.97600000000289
0.0
0.0
0.0
0.0
-39.964000000002876
-339.7090000007754
-909.2739999910311
-2038.4659999642652
-3507.404000022529
-6075.303000462054
-9242.944001135646
-12510.291001825382
-15517.945002450402
-17656.000002892648
-19804.476003313484
-19964.133003339382
-18185.72100297747
-15608.05700244261
-12890.274001874315
-10042.564001267665
-7274.655000699394
-4656.566000182772
-3177.5550000047006
-1708.7639999715982
-879.2729999913038
-449.70100000061933
-179.83200000013056
-39.96600000000288
-19.983999999999803
0.0
0.0
0.0
0.0
0.0
-139.90999999993994
-389.754000000516
-899.3739999913277
-1798.6669999696014
-3507.429000020677
-5385.872000325287
-7484.041000787887
-9822.186001261349
-11380.895001575493
-13049.43000188574
-12000.337001695743
-11230.966001530542
-10082.007001276965
-7903.846000842939
-6195.063000468911
-4476.423000111205
-2757.826999992269
-1628.7169999729776
-959.2789999889799
-479.6439999995647
-269.8050000005549
-59.9460000000273
0.0
0.0
0.0
0.0
0.0
0.0
0.0
-19.983999999999803
-69.97600000001142
-309.7890000004881
-869.3529999922334
-1788.6319999698683
-2717.8609999965965
-3906.788000064979
-4446.274000187289
-5355.413000339581
-5315.508000329252
-5515.363000345749
-5335.467000310367
-4566.202000158314
-3726.8480000513036
-2917.5109999997203
-2198.1959999677874
-1239.0079999821842
-959.2499999889806
-569.540999998537
-369.7260000008047
-129.8879999999201
-59.96200000002732
0.0
0.0
0.0
0.0
0.0
0.0
0.0
-19.999999999999794
-49.972000000006936
-129.92699999997632
-479.6020000005634
-819.2829999922587
-1358.7589999796605
-1758.366999970359
-2148.022999968258
-2487.673999982279
-2237.896999972887
-2157.9589999676523
-2148.013999967374
-2138.0839999663085
-1598.582999974208
-1258.8769999823
-849.2769999921961
-409.66499999956807
-309.753000000338
-219.83100000045397
-109.92599999998949
-59.94200000002729
0.0
0.0
0.0
0.0
0.0
0.0
