73.84000000000087
0.0
0.0
-1.1800000000000006
-10.350000000000206
-13.44999999999989
-21.65999999999988
-5.819999999999786
8.610000000000085
-8.15999999999995
-29.32999999999711
2.009999999999927
0.04999999999980834
-3.059999999999723
0.7700000000002294
-1.3699999999997399
9.710000000001747
-3.4499999999999704
-1.5900000000000263
-0.26999999999999835
0.859999999999906
-2.369999999999324
-5.959999999999763
-13.059999999999711
-11.989999999999982
-0.01
-7.030000000000063
1.78000000000086
5.2299999999974505
-8.520000000000891
-2.3199999999996592
7.349999999996136
-4.619999999999938
9.339999999999845
15.449999999990569
-5.570000000000284
4.169999999999429
3.0600000000001235
1.0500000000001717
0.1500000000001131
12.650000000001004
37.01000000000024
13.129999999991917
-6.749999999999635
3.9700000000010944
-0.6800000000000449
0.7800000000000415
-0.27000000000001423
-3.940000000000003
-0.01
