53.049999999998015
0.0
0.0
0.0
0.0
0.0
-0.02
-0.02
0.0
0.0
0.0
-0.23999999999999996
-0.11999999999999998
0.0
0.0
0.0
0.0
0.0
0.0
-0.01
-1.9700000000000015
-8.389999999999912
-16.67999999999974
-10.979999999999961
-6.03999999999989
-19.7699999999999
-5.900000000000007
-4.650000000000001
-1.5400000000000011
16.81999999999967
0.0
0.0
0.0
-0.7300000000000003
-15.389999999999729
7.4399999999998245
3.1800000000001347
-3.450000000000186
-3.8199999999993124
-6.429999999999729
5.749999999999169
-9.3800000000009
-11.850000000000044
2.080000000000038
0.29000000000001
1.6100000000000012
0.0
-0.6600000000000004
-8.259999999999911
-8.449999999999795
-8.829999999999318
5.179999999999802
1.7199999999998556
-4.279999999999189
-4.029999999999663
-3.659999999999243
6.679999999999669
3.8500000000000436
11.339999999999721
20.57999999999952
-11.419999999999813
0.0
-7.4099999999998865
-4.900000000000094
9.630000000000036
-5.389999999999968
-0.29000000000000503
-4.880000000000477
-1.279999999999919
-6.310000000000893
-1.3200000000000025
-9.360000000000328
-11.870000000000484
-5.400000000000979
46.730000000000125
7.039999999999894
0.0
-6.079999999999915
-10.05000000000006
0.8200000000000238
1.339999999999968
4.060000000000233
5.409999999999288
-4.180000000000225
-1.61
-3.6799999999998327
-10.4600000000001
-18.200000000000536
-17.730000000000484
-7.079999999999936
0.0
0.0
-0.12999999999999998
-9.749999999999815
6.9600000000005595
0.3900000000000011
-1.9900000000000357
7.0100000000002
-0.18000000000002628
-11.470000000001159
-0.14000000000008295
-2.150000000000582
-0.3099999999999844
-2.559999999999961
4.289999999999937
-0.4000000000000002
0.0
-0.07
5.809999999999585
-13.079999999999794
1.9499999999999758
11.919999999999758
1.0800000000000274
-3.2399999999998355
3.0399999999994662
-13.189999999999742
0.8899999999999986
5.670000000000461
1.0899999999999972
12.579999999999957
-0.4300000000000002
0.0
6.9399999999998965
-14.909999999999917
4.109999999998331
-14.680000000000822
-8.699999999999868
-8.51000000000121
-13.679999999999795
-5.859999999999467
4.219999999999444
3.419999999999912
-0.6100000000000887
-4.399999999999601
-1.2199999999999875
-0.4000000000000002
0.0
9.54999999999989
35.10999999999781
24.299999999998466
0.17000000000000745
2.700000000000418
2.720000000000348
13.709999999999383
5.4599999999992646
4.240000000000754
3.91999999999943
8.949999999999187
-12.559999999999906
16.429999999999765
-0.6900000000000004
0.0
9.479999999999903
11.090000000000483
5.989999999998168
-3.819999999999846
7.659999999999036
1.1299999999999961
-6.989999999998428
6.700000000000896
-0.38999999999999907
0.6400000000000078
3.6700000000000896
22.249999999999016
-9.63999999999996
0.0
0.0
-1.410000000000001
8.520000000000048
-1.4700000000000017
2.1500000000000012
-0.3999999999999983
11.250000000000114
3.3099999999999197
0.7799999999999857
-1.3199999999999883
10.449999999999763
-4.790000000000006
5.7799999999999
0.0
0.0
0.0
0.0
0.0
10.859999999999875
-2.3600000000000048
6.350000000000027
-6.659999999999984
-4.319999999999865
4.10000000000003
-8.58000000000002
-5.91999999999997
-4.38999999999995
-0.5300000000000001
0.0
0.0
0.0
