0.1360000000000001
0.0
0.0
0.0
0.0
0.0
0.0
0.0
0.0
0.0
0.0
0.0
0.0
0.0
0.0
0.0
0.0
0.0
0.0
0.0
0.0
0.0
0.0
0.0
0.0
0.0
0.0
0.0
0.0
0.0
0.0
0.0
0.0
0.0
0.0
0.0
0.0
0.0
0.0
0.0
0.0
0.0
0.0
0.0
0.0
0.0
0.0
0.0
0.0
0.0
0.0
0.0
0.0
0.0
0.0
0.0
0.0
0.0
0.0
0.0
0.0
0.0
0.0
0.0
0.0
0.0
0.0
0.0
-0.004
-0.004
0.0
-0.018000000000000002
-0.020000000000000004
-0.02700000000000001
-0.012
-0.004
-0.006
-0.002
0.0
-0.001
-0.001
-0.002
0.0
0.0
0.0
0.0
0.0
0.0
0.0
0.0
0.0
0.0
0.0
0.0
-0.006
0.0
-0.004
-0.008
-0.010000000000000002
-0.006
0.006999999999999997
0.02700000000000001
0.045000000000000026
0.031000000000000014
0.012
-0.05100000000000003
-0.017
-0.016
-0.003
-0.002
0.016999999999999994
0.011000000000000001
0.016
0.0
0.0
0.0
0.0
0.0
0.0
0.0
0.0
0.0
-0.01
-0.006
-0.006
0.005
0.0069999999999999975
-0.032000000000000015
-0.008000000000000004
-0.03700000000000002
0.00999999999999999
-0.04000000000000002
-0.008
-9.999999999999966E-4
0.028000000000000004
-0.01999999999999999
-0.016000000000000018
0.010000000000000009
-0.022000000000000006
0.034000000000000016
0.04200000000000002
0.027000000000000003
0.02800000000000001
0.0
0.0
0.0
0.0
0.0
0.0
-0.008
-0.008
-0.024000000000000007
-0.07200000000000005
-0.007
0.046000000000000034
-0.017999999999999995
0.0029999999999999966
-0.027000000000000017
0.040999999999999995
0.0049999999999999845
0.04400000000000002
-0.032000000000000015
-0.013999999999999999
0.03500000000000002
0.03599999999999998
0.02299999999999998
0.004999999999999974
0.05800000000000004
-9.999999999999966E-4
0.045000000000000026
-0.017
0.006
-0.022000000000000006
0.0
0.0
0.0
0.0
0.0
-0.016
-0.020000000000000004
-0.021000000000000005
-0.03600000000000002
-0.003000000000000001
0.023000000000000013
-0.01599999999999996
0.005
0.04800000000000003
-0.026999999999999975
-0.015000000000000013
-0.05400000000000003
-0.03500000000000003
-0.041999999999999996
-0.0020000000000000044
-0.019000000000000017
0.05500000000000002
0.03700000000000002
0.029000000000000012
-0.002999999999999993
0.05300000000000003
0.03700000000000002
0.02800000000000001
0.001
-0.022000000000000006
0.0
0.0
0.0
0.0
-0.012
-0.08000000000000006
-0.045000000000000026
-0.05300000000000003
-0.0010000000000000018
-0.016000000000000014
-0.025000000000000022
-0.036000000000000004
-0.006999999999999993
0.013000000000000017
0.0020000000000000104
0.017999999999999967
-0.003999999999999997
0.058000000000000024
-0.03900000000000003
-0.014000000000000028
-0.03600000000000001
0.02700000000000001
0.005000000000000024
0.013000000000000013
0.05300000000000003
0.06000000000000004
0.11100000000000008
0.003
-0.020000000000000004
0.0
0.0
0.0
0.0
-0.04600000000000003
-0.06300000000000004
0.018999999999999996
-0.04900000000000003
0.010000000000000002
0.019000000000000017
0.009999999999999969
0.016999999999999994
0.023000000000000007
-0.0019999999999999706
0.04000000000000003
-0.01799999999999998
-0.003999999999999995
-0.0050000000000000105
-0.02100000000000001
0.007000000000000008
0.02900000000000002
0.009000000000000005
-0.02600000000000001
0.04900000000000003
0.039000000000000014
0.07900000000000006
0.10200000000000008
-0.004000000000000001
0.006
0.0
0.0
0.0
0.0
-0.032000000000000015
-0.045000000000000026
0.034000000000000016
-0.04100000000000002
0.007999999999999986
-0.007999999999999997
0.039000000000000014
0.009999999999999992
-0.05100000000000004
0.011000000000000038
0.010000000000000016
-0.022000000000000006
-0.0060000000000000175
-0.08000000000000004
-0.08000000000000006
0.019999999999999983
0.025
-0.01200000000000001
-0.012000000000000007
0.030000000000000006
0.06500000000000004
0.05300000000000003
0.11600000000000009
0.034000000000000016
0.004
0.0
0.0
0.0
0.0
-0.002
0.001
0.014000000000000004
0.033000000000000015
0.03600000000000002
0.04000000000000001
-0.013000000000000001
0.059000000000000045
0.023000000000000007
0.024000000000000014
0.020000000000000004
-0.032999999999999995
0.006999999999999987
-0.04700000000000003
-0.029000000000000026
-0.041000000000000036
-0.06200000000000004
-0.04900000000000002
-0.04900000000000002
-0.005
0.007999999999999997
0.09300000000000007
0.06300000000000004
0.021000000000000005
0.0
0.0
0.0
0.0
0.0
-0.004
0.009000000000000001
-0.02700000000000001
0.08300000000000006
-0.04600000000000003
9.99999999999993E-4
-9.999999999999957E-4
0.04100000000000003
0.015
0.06700000000000003
0.021000000000000005
0.029999999999999985
-0.023000000000000007
0.022000000000000006
-0.040000000000000036
-0.03600000000000002
-0.06800000000000005
-0.06800000000000005
-0.07200000000000004
-0.11000000000000008
-0.04100000000000002
0.013000000000000003
0.002
0.018000000000000002
0.0
0.0
0.0
0.0
0.0
-0.002
0.011
-0.019000000000000003
0.045000000000000026
-0.008000000000000004
0.003999999999999997
0.016000000000000007
-0.026000000000000016
0.03100000000000002
0.05900000000000004
0.020999999999999998
0.009999999999999953
0.01299999999999996
0.013999999999999962
-0.04700000000000002
-0.042000000000000016
-0.00799999999999999
-0.019000000000000003
-0.03700000000000002
-0.06100000000000004
0.020999999999999998
-0.03900000000000002
-0.012
0.0
0.0
0.0
0.0
0.0
0.0
-0.001
0.004
0.03900000000000002
-0.012999999999999992
0.02700000000000001
-0.0040000000000000036
0.05500000000000003
0.016999999999999994
0.02600000000000001
0.04200000000000001
0.029000000000000026
9.999999999999861E-4
-0.005999999999999993
-0.02500000000000003
-0.013000000000000008
-0.030000000000000013
-0.029000000000000033
-0.00899999999999998
0.004000000000000001
-0.06900000000000005
-0.055000000000000035
-0.019000000000000003
-0.01
0.0
0.0
0.0
0.0
0.0
0.0
-0.001
-0.011
0.0019999999999999966
-0.015999999999999993
-0.002000000000000015
0.09700000000000007
-0.001
0.048000000000000036
0.013999999999999978
0.005999999999999988
0.01299999999999998
-0.004000000000000017
-0.024000000000000014
0.013000000000000001
-0.004000000000000007
0.025
-6.938893903907228E-18
0.04000000000000001
-9.999999999999966E-4
-0.006
-0.013
0.005
-0.005
0.0
0.0
0.0
0.0
0.0
0.0
0.009000000000000001
-0.011
-0.003
-0.03400000000000001
-0.020999999999999998
-0.001000000000000007
-0.015999999999999986
0.014999999999999993
-0.009000000000000003
0.031999999999999994
-0.04600000000000004
0.037000000000000005
-0.016
-0.02100000000000001
-0.03200000000000002
-0.05100000000000004
0.021000000000000005
-0.030000000000000013
-0.002
0.02600000000000001
-0.024000000000000007
-0.006
0.011000000000000001
-0.013000000000000001
0.0
0.0
0.0
0.0
-0.002
-0.005
0.0
-0.001999999999999994
0.018000000000000002
-0.03200000000000002
-0.032000000000000015
-0.024000000000000014
0.0019999999999999966
0.009999999999999995
-0.025000000000000022
-0.013999999999999981
-0.017
9.540979117872439E-18
-0.012000000000000038
-0.018000000000000016
3.469446951953614E-18
-0.04600000000000003
-0.004000000000000017
0.036000000000000025
0.014000000000000002
0.009
0.002
0.007
-0.002
0.0
0.0
0.0
0.0
-0.002
-0.004
-0.03800000000000002
-0.016
0.05800000000000004
-0.02200000000000002
-0.03600000000000002
-0.06400000000000004
-0.021000000000000005
-0.016999999999999987
9.999999999999827E-4
-0.05100000000000003
-0.03700000000000002
-0.027000000000000024
-0.01100000000000002
0.009999999999999966
-0.0060000000000000105
-0.029000000000000005
0.052000000000000025
0.06600000000000003
-0.056000000000000036
0.03200000000000001
-0.013999999999999995
0.006
0.0
0.0
0.0
0.0
0.0
0.0
-0.007
-0.013000000000000001
0.05900000000000004
0.019000000000000003
0.00999999999999999
-0.0010000000000000104
0.00399999999999999
-0.03800000000000002
0.010999999999999985
-0.03800000000000002
-0.04000000000000002
0.021000000000000005
-0.012000000000000002
0.02800000000000001
0.027999999999999997
0.03200000000000001
-0.013000000000000005
0.009999999999999995
-0.01499999999999999
0.001000000000000007
-0.011
-0.006
0.009000000000000001
0.0
0.0
0.0
0.0
0.0
0.01900000000000001
0.05100000000000003
0.031000000000000014
0.033000000000000015
0.005999999999999969
0.012999999999999992
0.019999999999999976
0.02900000000000002
-0.004000000000000002
-0.03700000000000002
0.02900000000000002
-0.017999999999999995
9.99999999999993E-4
0.003000000000000001
0.016999999999999987
0.08700000000000005
0.07100000000000005
-0.02500000000000001
-0.01500000000000001
0.056000000000000036
0.02500000000000001
0.030000000000000013
-0.008
0.006
-0.01
0.0
0.0
0.0
0.0
0.02900000000000002
0.031000000000000014
0.004
0.010999999999999998
0.02699999999999999
0.09100000000000005
0.023000000000000007
0.012999999999999986
0.043000000000000024
-0.022000000000000006
0.014999999999999993
0.038
-0.05700000000000003
0.03300000000000001
-0.041000000000000016
-0.07700000000000004
0.007000000000000008
0.04500000000000002
-0.0010000000000000226
-0.018999999999999996
-0.03300000000000002
9.99999999999994E-4
0.04000000000000002
-0.013000000000000001
-0.005
0.0
0.0
0.0
0.0
-0.013
-0.01
0.07200000000000005
-0.013999999999999985
-0.08400000000000006
0.07600000000000005
0.009999999999999998
0.02899999999999999
0.024000000000000028
0.011999999999999999
0.007999999999999964
-0.0010000000000000104
0.001000000000000007
0.013999999999999985
-0.010999999999999992
0.041999999999999996
0.016999999999999994
-0.006000000000000002
0.024000000000000007
-0.023
0.032000000000000015
0.02600000000000001
0.02600000000000001
-0.022000000000000006
-0.01
0.0
0.0
0.0
0.0
-0.004
-0.004
0.020000000000000004
-0.06400000000000004
0.010000000000000016
-0.009000000000000015
-0.005
0.006999999999999969
0.024999999999999994
0.022000000000000006
-0.029000000000000012
-0.025
0.025
0.03400000000000002
0.011999999999999999
-0.037000000000000026
-0.027000000000000024
0.025
-0.05000000000000003
-0.001
0.016000000000000007
0.031000000000000007
0.001
-0.01
0.0
0.0
0.0
0.0
0.0
-0.002
-0.004
0.009000000000000001
-0.019000000000000003
0.04200000000000002
-0.013000000000000012
0.008000000000000002
-0.012999999999999987
0.0030000000000000157
0.03800000000000002
0.00399999999999999
0.018000000000000002
0.0019999999999999827
-0.019000000000000003
0.04500000000000004
0.04200000000000003
0.011000000000000003
0.02900000000000002
0.031000000000000014
0.044000000000000025
0.017999999999999995
-0.010000000000000002
0.020000000000000004
0.0
0.0
0.0
0.0
0.0
0.0
0.0
0.0
0.012
-0.008
-0.03600000000000002
-0.001
0.012000000000000004
-0.056000000000000036
0.04200000000000002
0.013000000000000005
0.07500000000000005
0.01199999999999999
-0.03
-0.011999999999999992
-8.673617379884035E-19
0.004
0.004
0.01900000000000001
0.015
-0.009000000000000001
0.016
0.009000000000000001
-0.002
0.0
0.0
0.0
0.0
0.0
0.0
0.0
0.0
0.0
0.030000000000000013
0.019000000000000003
0.012999999999999994
0.017
0.02800000000000001
0.008
0.05000000000000003
0.023000000000000007
0.010999999999999992
0.02500000000000001
0.017
0.02600000000000001
0.002000000000000001
-0.003
0.0
-0.008
-0.005
-0.01
-0.008
-0.008
0.0
0.0
0.0
0.0
0.0
0.0
0.0
0.0
0.0
0.0
0.002
0.002
-0.014
-0.014
0.007
0.007
0.018000000000000002
0.014
0.008
0.008
-0.007
-0.011
0.001
-0.007
-0.007
-0.01
0.0
0.0
0.0
0.0
0.0
0.0
0.0
0.0
