7.429999999999886
0.0
0.0
0.0
0.0
0.0
-0.02
-0.01
1.8800000000000014
0.0
7.600000000000043
24.589999999999968
17.689999999999
-23.36000000000051
5.110000000000009
16.00999999999938
-1.290000000000001
0.0
48.4800000000007
-9.120000000000097
-11.559999999999569
48.160000000000444
-1.9099999999999098
11.729999999999922
-19.510000000000016
-2.5199999999999796
-32.960000000000704
-23.320000000002008
-51.67999999999918
-13.010000000000039
20.600000000000815
16.029999999999784
-5.769999999999928
0.0
-14.899999999999906
-12.640000000000422
-2.6400000000002684
4.270000000000034
-20.22999999999975
-16.479999999999926
-5.47999999999993
-0.01
-1.590000000000001
5.399999999999966
-8.140000000000128
27.37000000000105
6.379999999999942
17.619999999999646
0.49000000000000027
-0.03
