0.08
0.0
0.0
0.0
0.0
0.0
0.0
0.0
0.0
0.0
0.0
0.0
0.0
0.0
0.0
0.0
0.0
0.0
0.0
0.0
0.0
0.0
0.0
0.0
0.0
0.0
0.0
0.0
0.0
0.0
0.0
0.0
0.0
0.0
-0.08
-0.09000000000000001
-0.1
-0.16
-0.26999999999999996
-0.28
-0.25999999999999995
-0.09999999999999999
-0.07
-0.039999999999999994
-0.09000000000000001
-0.01
0.0
0.0
-0.019999999999999997
0.29000000000000004
0.029999999999999992
4.85722573273506E-17
-0.09999999999999983
-0.09999999999999999
-0.20999999999999996
-0.2699999999999999
-0.06999999999999991
0.05000000000000002
0.13999999999999996
-0.08
0.0
0.0
0.05
0.09000000000000001
0.20999999999999988
0.35000000000000003
0.3800000000000001
0.37999999999999967
0.13999999999999996
0.2600000000000001
0.04999999999999997
0.5700000000000001
0.35
-0.029999999999999992
-0.08
0.0
0.0
0.16
0.5399999999999999
0.2900000000000001
0.5099999999999998
-0.11
-0.06000000000000012
0.22999999999999995
0.1699999999999998
0.69
0.19999999999999987
0.019999999999999983
0.04000000000000001
-0.01
0.0
0.0
0.12999999999999998
0.4599999999999998
0.05
0.18
-0.41000000000000036
-0.31999999999999984
-0.3199999999999998
-0.09999999999999994
0.3499999999999999
0.11000000000000006
0.3499999999999997
-0.07999999999999999
-0.04000000000000001
-0.01
0.0
0.0
0.07
-0.04999999999999999
-0.3500000000000001
-0.28999999999999987
-0.68
-0.17000000000000004
-0.06999999999999994
0.38000000000000006
0.08999999999999975
0.28
-0.07
-0.09999999999999998
-0.01
0.0
0.0
0.04999999999999999
-0.18999999999999995
-0.21
-0.10999999999999995
-0.12999999999999998
0.24999999999999978
-0.27999999999999997
-0.54
-0.08000000000000002
-0.15000000000000002
-0.12000000000000001
-0.01
0.0
0.0
0.0
0.02
-0.11999999999999997
-0.4399999999999999
-0.3899999999999999
0.17
0.16999999999999987
0.22999999999999993
-0.3499999999999999
-0.21000000000000013
-0.16000000000000003
-0.11
-0.01
0.0
0.0
0.0
-0.04
-0.19999999999999998
-0.1600000000000001
0.08000000000000002
-0.08999999999999994
0.23999999999999988
-0.07000000000000003
0.030000000000000013
-0.4999999999999998
-0.19999999999999993
-0.11000000000000001
-0.01
-0.02
0.0
0.0
-0.06
0.10000000000000002
0.29
0.11999999999999991
-4.85722573273506E-17
0.2999999999999998
0.18999999999999986
-0.010000000000000002
-0.3399999999999999
-0.31000000000000005
-0.15
-0.04
0.0
0.0
0.0
0.0
0.26999999999999996
0.16999999999999982
0.019999999999999952
0.1399999999999999
0.42000000000000015
1.734723475976807E-17
0.22999999999999993
-0.15
0.019999999999999997
0.06999999999999999
0.0
0.0
0.0
