0.005
0.0
0.0
0.0
0.0
0.0
0.0
0.0
0.0
0.0
0.0
0.0
0.0
0.0
0.0
0.0
0.0
0.0
0.0
0.0
0.0
0.0
0.0
0.0
0.0
0.0
0.0
0.0
0.0
0.0
0.0
0.0
0.0
0.0
0.0
0.0
0.0
0.0
0.0
0.0
0.0
0.0
0.0
0.0
0.0
0.0
0.0
0.0
0.0
0.0
0.0
0.0
0.0
0.0
0.0
0.0
0.0
0.0
0.0
0.0
0.0
0.0
0.0
0.0
0.0
0.0
0.0
0.0
0.0
0.0
0.0
0.0
0.0
0.0
-0.002
-0.001
-0.002
0.0
0.0
0.0
0.0
0.0
0.0
0.0
0.0
0.0
0.0
0.0
0.0
0.0
0.0
0.0
0.0
0.0
0.0
0.0
0.0
0.0
0.0
0.0
-0.002
-0.001
-0.004
-0.001
-0.001
-0.002
0.0
0.0
0.0
0.0
0.0
0.0
0.0
0.0
0.0
0.0
0.0
0.0
0.0
0.0
0.0
0.0
0.0
0.0
0.0
0.0
0.0
-0.002
-0.004
-0.003
-0.007
-0.009000000000000001
-0.009000000000000001
-0.006
-0.005
-0.001
-0.002
0.0
0.0
0.0
0.0
0.0
0.0
0.0
0.0
0.0
0.0
0.0
0.0
0.0
0.0
0.0
0.0
0.002
-0.001
-0.002
-0.003
-0.002
-0.006
-0.011000000000000001
-0.008
-0.01
-0.008
-0.007
-0.003
-0.001
-0.004
-0.004
-0.004
-0.001
-0.001
-0.002
0.0
0.0
0.0
0.0
0.0
0.0
0.0
0.0
-0.002
-0.004
-0.006
-0.009000000000000001
-0.006
0.007
0.005
0.0
-0.008
0.001
0.003
0.002
-0.012000000000000004
0.002
-0.011
-0.009000000000000001
-0.003
0.0
-0.003
-0.001
0.0
0.0
0.0
0.0
0.0
0.0
0.0
0.0
0.002
0.005
0.005
0.004
0.001
-0.003
0.005
0.001
0.010000000000000002
0.004
0.002
0.0
0.003
0.001
0.006
0.008
0.004
0.003
0.004
0.001
-0.002
0.0
0.0
0.0
0.0
0.0
0.0
0.0
0.002
0.01
0.001
0.009000000000000001
-0.001
0.005
-0.001
0.011000000000000001
-0.001
0.003
0.0
-0.001
0.006
0.011000000000000003
0.004
0.0
-0.009000000000000001
-0.002
0.002
0.0
0.001
-0.001
-0.001
0.0
0.0
0.0
0.0
0.0
0.006
0.009000000000000001
0.003
0.005
0.006
0.005
0.010000000000000002
0.005
0.005
0.007000000000000001
0.0
-0.001
-0.006
0.006999999999999997
0.004
0.007000000000000002
0.017
-0.003
-0.003
0.010000000000000002
0.015000000000000001
0.007
-0.001
-0.002
0.0
0.0
0.0
0.0
0.0
0.004
0.003
0.013000000000000001
0.004
0.008
0.005000000000000002
0.007
0.003
0.0
-0.010000000000000002
0.003
0.008
0.009999999999999998
0.022000000000000006
0.005
0.022000000000000006
0.011000000000000001
0.004
-0.006
0.013999999999999999
-0.001
0.005
0.0
0.0
0.0
0.0
0.0
0.0
0.0
0.004
0.004
0.002
0.002
0.0
-0.007
-0.013000000000000001
0.003
-0.013000000000000005
0.004
0.006
0.009000000000000003
0.011
0.004
0.010000000000000002
0.005
0.019000000000000003
-0.001
0.014000000000000002
-0.001
-0.001
0.003
0.0
0.0
0.0
0.0
0.0
0.0
0.0
0.0
0.004
0.0
0.004
0.003
-0.001
-0.008
-0.008999999999999998
-0.004
-0.007000000000000002
-0.014000000000000002
0.002
-0.003
0.001
0.013000000000000001
0.011000000000000001
0.016
0.004
0.0
0.013000000000000001
0.003
0.002
0.0
0.0
0.0
0.0
0.0
0.0
0.0
0.0
0.0
-0.004
0.0
-0.009000000000000001
-0.01
0.007
-0.003
-0.015
-0.012
-0.018000000000000002
-0.01
-0.018000000000000002
0.004
0.008
0.008
0.017
0.013000000000000008
0.012
-0.001
0.001
-0.002
0.0
0.0
0.0
0.0
0.0
0.0
0.0
0.0
0.0
-0.004
-0.002
0.004
0.0
-0.004000000000000001
-0.005
0.005
-0.013999999999999999
-0.024000000000000007
-0.016
-0.013999999999999999
0.008
0.009000000000000005
0.0
0.003
0.003
-0.006
-0.005
0.004
-0.001
0.002
0.0
0.0
0.0
0.0
0.0
0.0
0.0
0.0
0.006
0.003
-0.004
0.004
-0.007
-0.015
0.002
-0.015000000000000001
-0.011000000000000003
-0.002
-0.001
-0.001
0.006
-0.003
0.003
0.011000000000000003
-0.002
0.0
-0.003
0.002
0.002
0.0
0.0
0.0
0.0
0.0
0.0
0.0
0.0
0.006
0.004
0.0
-0.002
0.001
-0.004
-0.003
-0.015999999999999993
-0.010000000000000002
-0.019000000000000003
-0.007
-0.007999999999999997
-0.012000000000000004
0.005
0.014000000000000007
0.006
0.001
0.006
0.002
0.001
-0.002
0.0
0.0
0.0
0.0
0.0
0.0
0.0
0.0
0.004
0.003
0.003
0.001
0.005
-0.002
-0.014000000000000002
-0.017
-0.005999999999999998
-0.008
-0.004
-0.002
-0.002
0.014
-0.002
0.001
0.008
0.001
-0.001
-0.001
-0.003
0.0
0.0
0.0
0.0
0.0
0.0
0.01
0.004
0.004
0.002
-0.004
-0.009000000000000001
-0.001
-0.011000000000000001
-0.011
-0.003
-0.010000000000000002
-0.002
0.007
-0.01
0.002
-0.012
0.005
0.003
0.009000000000000001
-0.002
-0.004
-0.002
-0.002
0.0
0.0
0.0
0.0
0.0
0.0
0.01
0.004
-0.002
-0.002
-0.004
-0.008
-0.013000000000000001
0.002
0.002
-0.003
0.002
0.004
0.007
0.005
0.003
-0.009000000000000001
0.002
-0.004
-0.006
0.005
-0.001
0.0
0.0
0.0
0.0
0.0
0.0
0.0
0.0
0.0
0.0
-0.004
-0.005
-0.006
-0.011
-0.009000000000000001
-0.009000000000000001
0.003
0.003
-0.004
-0.007
-0.001
0.004000000000000001
0.007000000000000006
-0.015000000000000001
-0.006
-0.009000000000000001
-0.006
0.001
-0.001
-0.002
0.0
0.0
0.0
0.0
0.0
0.0
0.0
0.0
0.0
-0.002
-0.003
-0.008
-0.005
-0.012
-0.007
-0.011000000000000003
0.0
-0.006
0.019000000000000003
-0.002
-0.005
-0.01
-0.006
-0.009000000000000001
-0.008
-0.002
-0.003
-0.003
-0.001
0.0
0.0
0.0
0.0
0.0
0.0
0.0
0.0
0.0
0.0
-0.002
-0.005
0.001
-0.004
0.002
0.005
-0.003
0.006
0.015000000000000001
-0.004
-0.004
-0.004
-0.008
-0.011
-0.008
-0.004
-0.002
-0.001
-0.001
0.0
0.0
0.0
0.0
0.0
0.0
0.0
0.0
0.0
0.0
0.0
-0.006
-0.004
0.002
0.002
0.002
0.014000000000000002
0.008
0.011000000000000003
0.004
-0.003
0.001
-0.003
-0.003
-0.006
-0.008
-0.002
-0.002
-0.002
0.0
0.0
0.0
0.0
0.0
0.0
0.0
0.0
0.0
0.0
0.0
0.0
-0.001
0.01
0.015000000000000003
0.005
0.013
-0.001
0.007000000000000001
0.006
0.006000000000000002
0.007
0.001
-0.002
-0.007
-0.006
0.003
-0.002
0.0
0.0
0.0
0.0
0.0
0.0
0.0
0.0
0.0
0.0
0.0
0.0
0.0
0.003
0.012
0.013000000000000001
0.001
0.024000000000000007
0.003
0.008
0.012000000000000004
0.004
0.01
0.006
-0.001
-0.007
-0.005
0.003
-0.002
0.0
0.0
0.0
0.0
0.0
0.0
0.0
0.0
0.0
0.0
0.0
0.0
0.002
0.002
0.004
0.002
0.005
0.001
-0.001
-0.001
0.002
0.004
0.006
0.008
0.002
0.002
0.002
0.002
0.0
0.0
0.0
0.0
0.0
0.0
0.0
0.0
