0.4200000000000002
0.0
0.0
0.0
0.0
0.0
0.0
0.0
0.0
0.0
0.0
0.0
0.0
0.0
0.0
0.0
0.0
0.0
0.0
0.0
0.0
0.0
-0.02
-0.02
0.0
-0.04
-0.02
0.0
0.0
0.0
0.0
0.0
0.0
0.0
-0.1
0.21999999999999997
0.13000000000000003
-0.32999999999999996
-0.4399999999999997
-0.3299999999999998
-0.5600000000000002
-0.18999999999999997
-0.010000000000000002
0.25999999999999995
0.0
0.0
0.0
0.0
0.22000000000000008
0.7100000000000004
-0.030000000000000072
0.2699999999999998
0.52
-0.2799999999999996
-0.18000000000000002
0.36000000000000026
-0.48999999999999977
-0.09000000000000012
-0.17999999999999988
-0.09
0.0
0.0
0.0
0.4500000000000003
0.6599999999999999
0.37000000000000105
0.3699999999999999
0.07999999999999974
-0.1599999999999999
0.9800000000000002
0.9100000000000004
0.35000000000000064
0.3799999999999997
0.15000000000000002
-0.04
0.0
0.0
0.11000000000000001
0.4099999999999999
-0.09999999999999999
-0.7300000000000008
0.44999999999999973
0.2499999999999998
1.3000000000000007
0.47000000000000053
0.8500000000000004
-0.1900000000000002
0.4599999999999992
0.019999999999999973
-0.03
0.0
0.0
0.04999999999999999
0.15999999999999998
-0.21000000000000033
0.060000000000000095
-0.5800000000000004
-0.9199999999999996
-0.8399999999999999
-0.3999999999999996
0.3199999999999999
0.40999999999999936
1.734723475976807E-17
0.17999999999999994
-0.01
0.0
0.0
0.09999999999999999
0.5300000000000001
0.08000000000000004
-0.5299999999999997
-0.9100000000000004
-0.6700000000000002
-0.8099999999999999
0.04000000000000004
0.2499999999999999
0.6099999999999998
0.09000000000000005
-0.23999999999999996
-0.27
0.0
0.0
-0.01
0.35999999999999993
0.33999999999999986
0.3699999999999998
-0.5100000000000002
-0.07999999999999978
-0.3099999999999997
0.4399999999999993
0.27999999999999936
0.19000000000000003
-0.20999999999999988
-0.36000000000000004
0.0
0.0
0.0
0.09
-0.11
-0.1400000000000001
-0.019999999999999924
-0.8800000000000006
-0.07999999999999995
-0.04999999999999996
-0.5599999999999996
-0.6800000000000005
-0.34
-0.8100000000000003
-0.12999999999999998
0.0
0.0
0.0
-0.01
-0.3
-0.49999999999999994
-0.3499999999999998
0.69
0.21999999999999995
-0.4599999999999992
0.2799999999999999
-0.21000000000000005
-1.0200000000000002
-0.5100000000000001
-0.30000000000000004
0.0
0.0
0.0
0.0
-0.13
0.2
0.2299999999999999
-0.47999999999999987
0.10999999999999993
-0.07000000000000015
0.8000000000000003
0.4400000000000003
-0.48000000000000004
-0.5199999999999999
-0.3900000000000001
0.0
0.0
0.0
-0.01
-0.04
0.25
-0.15000000000000005
0.3899999999999991
0.35999999999999954
0.36999999999999994
0.5800000000000006
0.7400000000000001
0.09999999999999998
-0.19
0.0
0.0
0.0
0.0
