0.6780000000000005
0.0
0.0
-0.034000000000000016
-0.05100000000000001
-0.06400000000000002
-0.023000000000000013
0.0
-0.2580000000000002
-0.001
0.5280000000000004
0.2269999999999992
0.020999999999998548
0.011000000000002293
0.1500000000000009
0.1290000000000014
0.012999999999999689
0.45600000000000035
0.5060000000000003
0.18999999999999906
0.03400000000000312
0.4480000000000002
0.17200000000000215
0.28700000000000014
-0.5630000000000002
0.5970000000000004
0.13100000000000006
-0.054999999999991486
-0.3110000000000001
-0.201000000000001
0.27899999999999975
-0.2810000000000002
-0.0769999999999999
-0.02100000000000001
0.5680000000000004
-0.3970000000000002
-0.11999999999999754
-0.34499999999999986
-0.1850000000000106
-0.44700000000000034
0.32600000000000023
-0.008
-0.9510000000000007
0.4250000000000003
0.18199999999999983
0.20200000000000046
0.2030000000000013
-0.46800000000000036
1.049999999999999
-0.1240000000000001
