0.46000000000000024
0.0
0.0
0.0
0.0
0.0
0.0
0.0
0.0
0.0
0.0
0.0
0.0
0.0
0.0
0.0
0.0
0.0
0.0
0.0
-0.02
0.0
-0.03
-0.06
-0.02
-0.01
0.0
0.0
0.0
0.0
0.0
0.0
0.0
0.0
-0.19999999999999998
-0.31
-0.20999999999999996
-0.32999999999999996
-0.3899999999999999
-0.36
-0.6200000000000003
-0.15999999999999998
-0.06999999999999999
-0.019999999999999997
0.0
0.0
0.0
0.0
-0.21999999999999986
0.5400000000000001
1.0500000000000007
0.6
0.5100000000000013
-0.39999999999999947
0.2300000000000004
0.08999999999999977
-0.5800000000000007
0.3199999999999995
0.4999999999999998
0.22000000000000006
0.0
0.0
0.04
0.15000000000000005
1.0800000000000003
0.6599999999999998
0.9000000000000005
-0.39999999999999997
0.3100000000000008
0.5599999999999997
0.8900000000000006
0.13000000000000012
0.4999999999999995
0.5399999999999989
-0.16999999999999998
0.0
0.0
-0.04
1.0700000000000005
-0.030000000000000006
0.2999999999999992
0.16999999999999998
-0.28999999999999976
0.4899999999999993
2.06
1.790000000000001
0.19000000000000125
1.240000000000001
0.13000000000000003
-0.3400000000000001
0.0
0.0
0.22
0.9600000000000005
-0.7
0.17999999999999933
-0.36000000000000176
-1.380000000000001
-0.7
-0.3600000000000004
0.21999999999999928
0.5700000000000006
-0.6499999999999999
0.3400000000000004
-0.12999999999999998
0.0
0.0
0.08
0.7200000000000003
0.7300000000000002
-0.73
-0.8600000000000005
-1.0100000000000005
-0.8799999999999999
-0.20000000000000007
0.20999999999999952
0.19999999999999982
0.15999999999999995
-0.00999999999999999
-0.12
0.0
0.0
-0.12999999999999998
0.8100000000000005
0.64
0.6899999999999996
-0.9300000000000004
-0.31999999999999956
0.7799999999999996
-1.17
-0.17000000000000007
-0.2299999999999998
-0.9500000000000001
-0.8700000000000004
0.11999999999999998
0.0
0.0
-0.08
0.060000000000000005
-0.37999999999999984
-0.8300000000000002
-0.3699999999999999
0.3599999999999996
-0.8200000000000006
-0.24000000000000035
-0.5799999999999998
-0.7800000000000001
-0.7700000000000001
-0.44000000000000017
0.0
0.0
0.0
-0.08
-0.4600000000000002
-0.8600000000000004
-0.3
-0.4300000000000006
-0.010000000000000342
0.7799999999999996
-0.4400000000000011
-0.06999999999999901
-0.7600000000000001
-0.35
-0.2
0.0
0.0
0.0
0.0
-0.1
6.938893903907228E-18
0.7799999999999998
0.1299999999999997
0.41000000000000075
0.2600000000000001
0.059999999999999776
-0.67
-0.43999999999999984
-0.21999999999999997
-0.22
0.0
0.0
0.0
0.0
0.0
-0.059999999999999984
0.41999999999999926
0.619999999999999
1.080000000000001
0.030000000000000446
0.5999999999999998
1.0300000000000005
0.21999999999999997
0.07
0.019999999999999997
0.0
0.0
0.0
