10.03999999999983
0.0
0.0
0.0
-0.05
-2.319999999999995
-11.579999999999899
0.0
-0.9699999999999985
0.0
44.390000000000725
40.28000000000006
-5.029999999999809
-33.47000000000374
-41.530000000001166
27.47000000000039
8.079999999999918
22.63000000000071
132.40999999999286
-56.92000000000921
-68.09999999999633
137.8899999999848
47.770000000000366
42.77999999999581
16.639999999999915
9.469999999999802
-60.49000000000156
-37.519999999999335
-106.73000000001267
-46.36999999999811
65.2900000000039
66.33000000000463
27.94000000000096
-6.489999999999906
76.85000000000205
-43.3099999999973
-30.7899999999985
-2.199999999999907
-35.789999999999715
-99.50000000000382
-22.6200000000001
-1.6900000000000013
-91.80999999999833
86.80999999999902
-10.040000000000303
4.320000000000351
-3.4300000000000437
-93.96999999999646
0.0
-0.03
