-10186.768001616567
0.0
0.0
0.0
0.0
0.0
0.0
0.0
0.0
0.0
0.0
0.0
0.0
0.0
0.0
0.0
0.0
0.0
0.0
0.0
0.0
0.0
0.0
0.0
0.0
0.0
0.0
0.0
0.0
0.0
0.0
0.0
0.0
0.0
0.0
0.0
0.0
0.0
0.0
0.0
0.0
0.0
0.0
0.0
0.0
-39.70800000000256
-19.85400000000128
-9.92199999999994
-19.84399999999988
0.0
-19.84599999999988
-9.92299999999994
-19.84599999999988
0.0
0.0
0.0
0.0
0.0
0.0
0.0
0.0
0.0
0.0
0.0
0.0
0.0
0.0
0.0
0.0
0.0
-39.692000000002544
-109.20499999994786
-168.73100000014182
-317.60300000061505
-486.30600000045854
-565.6579999979014
-555.7529999987071
-387.0430000003445
-208.401000000423
-208.41600000035373
-99.247000000014
-49.63000000000676
-19.847999999999878
0.0
0.0
0.0
0.0
0.0
0.0
0.0
0.0
0.0
0.0
-19.849999999999877
-9.924999999999939
-29.77300000000072
-89.31399999998317
-198.4960000002925
-287.8070000004785
-446.65699999994433
-804.0189999935312
-1082.0109999867793
-1518.8409999762366
-1846.4149999683038
-1766.908999969557
-1856.2969999678214
-1479.1179999770384
-1032.3589999872852
-744.52499999502
-317.64000000035486
-198.51300000029258
-69.49400000001206
-39.70800000000256
0.0
0.0
0.0
0.0
0.0
0.0
0.0
0.0
-19.86399999999987
-119.13599999990375
-148.9490000000074
-297.867000000584
-526.1069999999484
-933.1939999901392
-1419.5919999785633
-2055.1809999637194
-2859.312999996765
-3594.0750000411713
-4666.034000171699
-4944.253000251908
-5003.992000269428
-4834.788000226673
-4060.684000068776
-3157.2140000224736
-2313.2719999735627
-1400.0799999792946
-694.9809999956124
-377.3030000004243
-198.56900000025647
0.0
0.0
0.0
0.0
0.0
0.0
0.0
-9.925999999999938
-69.49400000001206
-278.00000000056195
-466.74600000042324
-804.1419999931871
-1181.32799998374
-2154.208999967252
-2888.9560000107417
-4318.7100001258
-5222.545000322647
-6632.084000619058
-7416.618000797968
-8051.9870009305
-8210.682000959927
-7605.247000837911
-6771.1120006610645
-6026.3320004802745
-4854.904000209483
-3028.059000000982
-2015.5509999648345
-1181.4689999843174
-704.8439999964751
-129.14399999991656
-39.800000000002676
0.0
0.0
0.0
0.0
0.0
-19.851999999999876
-148.95200000005596
-218.45200000051355
-754.631999994524
-962.9079999885602
-2015.3569999640222
-3276.426000022194
-4726.239000201492
-6393.9200005532275
-7585.263000809163
-9044.784001112996
-9650.10100126842
-9650.259001295826
-9977.872001335738
-9292.938001204115
-8568.086001035894
-7088.849000733575
-5708.562000428189
-4269.309000103768
-2869.5419999976302
-1816.6799999692407
-1002.6599999884032
-476.58700000056325
-168.8160000000994
-39.82600000000271
0.0
0.0
0.0
0.0
39.710000000002566
-248.2690000004428
-367.33899999989063
-605.8339999962118
-1360.5299999795832
-2492.424999980015
-3574.6290000578174
-5143.345000314547
-6960.020000681721
-7794.062000876652
-8588.761001054474
-8657.68400108515
-8965.653001131053
-8568.47700107212
-8786.880001083597
-8072.235000942019
-7178.252000742237
-5590.187000425896
-4616.883000197706
-3058.22500002252
-2005.636999964412
-1211.2669999833684
-675.1699999964351
-198.6210000003295
-59.71400000002701
0.0
0.0
0.0
9.930999999999935
19.831000000001254
-99.38500000001409
-168.98000000031433
-556.2089999979559
-1212.0219999830101
-2284.2349999748667
-3892.5030000648835
-5580.37500038916
-6752.138000644289
-7357.651000776466
-7476.838000797638
-7486.577000785378
-7277.947000717297
-7595.7790007900785
-7526.332000799804
-7357.374000768981
-6722.077000622054
-5500.7640003853285
-4140.49200010975
-3217.062000019258
-1856.7319999678111
-963.163999989124
-486.55999999995316
-218.54800000031543
-39.76000000000263
0.0
0.0
39.70600000000256
49.61500000000675
119.03800000000412
-49.75600000005495
-159.2409999999412
-576.1859999990071
-1222.1189999831827
-2562.3019999805274
-4289.735000098732
-5729.421000404776
-6434.195000574555
-6930.659000656141
-6563.997000575917
-6096.909000456107
-5670.119000379861
-6345.153000520917
-6692.397000618806
-7039.527000684229
-6622.675000582342
-4885.133000253028
-3286.7060000531374
-2472.458999985944
-1578.7689999747085
-724.9379999948823
-456.78500000122074
-39.74400000000261
-19.871999999999865
0.0
0.0
19.85300000000128
59.51100000000186
129.0470000000841
248.1300000005004
-59.799000000027135
-486.85999999969937
-1608.9999999738986
-2979.344000008925
-5054.172000260882
-6056.72000051195
-6613.042000625381
-6603.188000602281
-5878.492000449037
-5610.2610003837935
-5769.52200042609
-6156.509000527643
-6533.438000601778
-6682.30500062314
-6156.253000496519
-4855.753000219035
-2770.552000007538
-1946.3979999658934
-1012.931999988787
-417.16700000066146
-188.77300000019244
0.0
0.0
0.0
0.0
39.70600000000256
39.712000000002575
109.19399999998976
39.677000000000376
-307.93300000041944
-893.8209999905373
-2313.7819999735834
-3912.2050000631216
-5460.594000376799
-6940.145000691313
-7049.685000726766
-7099.370000698858
-6523.499000597947
-6901.029000662024
-6811.3600006721135
-7288.019000771014
-7456.731000790391
-7109.207000694861
-5451.307000382765
-4011.6520000778155
-2621.3629999883124
-1529.3179999764036
-526.5260000001994
-228.5470000004107
-79.52200000000096
-19.85099999999988
-19.847999999999878
0.0
0.0
-19.849999999999877
29.76699999998804
19.8670000000013
-59.673000000001856
-417.21599999945636
-1201.4509999828426
-2780.105000001647
-4299.094000150107
-6383.84600057498
-7049.105000744737
-7258.0780007877165
-7754.4940008567255
-8032.17100090997
-8141.842000954923
-8409.693001018386
-8985.011001118286
-8261.08500096621
-6890.687000684625
-5332.339000359347
-3882.292000059439
-2293.9119999746404
-1221.4529999835354
-397.3519999998905
-288.0800000005908
-148.99600000000763
-29.850000000000723
-19.847999999999878
0.0
0.0
-9.924999999999939
-9.932999999999934
9.945000000000052
-99.30200000004604
-685.1369999957192
-1777.3959999695157
-3256.348000042976
-5301.514000348125
-7058.916000722544
-7704.460000876748
-8816.449001063593
-8756.670001067238
-9918.411001307495
-9114.570001209237
-10047.548001375148
-10136.359001365467
-8777.133001092747
-7317.290000766811
-5163.012000337253
-4041.1850000619092
-2274.0569999742315
-1221.5969999827455
-695.1929999960024
-317.8210000004412
-119.1810000000041
-39.77800000000265
0.0
0.0
0.0
-19.849999999999877
-9.924999999999939
-89.33099999998313
-198.54600000036555
-1161.5669999852341
-2055.1889999632103
-3573.9990000766693
-6125.338000503641
-7684.282000854255
-8339.562001009775
-9550.996001223812
-10593.03700143535
-11139.236001576739
-10702.48900152843
-11347.465001632287
-10613.297001465718
-8806.571001110924
-7227.934000769276
-5619.357000426698
-4110.359000081672
-2422.574999983478
-1628.3789999737162
-794.5849999933064
-317.9240000005282
-79.4620000000058
-19.851999999999876
0.0
0.0
0.0
0.0
-19.849999999999877
-109.16999999998977
-307.7100000004201
-1290.7329999816006
-2432.2739999822516
-4209.423000111023
-5946.75200049084
-7406.507000816476
-8557.99400104845
-10314.853001369798
-11000.049001537145
-11109.24200159542
-10771.463001542039
-10910.743001530305
-9362.658001225867
-8608.4490010675
-7654.793000837743
-5926.9460004828525
-4130.297000089368
-2710.4839999997416
-1449.7119999771755
-963.2919999894061
-357.5660000004186
-89.3750000000229
-49.651000000006775
0.0
0.0
0.0
0.0
-19.867999999999867
-287.8360000006276
-585.6839999986855
-1419.6719999784648
-2531.578999989922
-4090.512000090324
-5321.466000382306
-7257.451000766253
-8627.803001036067
-9907.833001294053
-10026.475001347726
-9659.70200131211
-9431.534001263753
-9809.068001282389
-9124.476001135583
-8022.640000931541
-7346.691000777599
-5946.820000481663
-4199.609000132201
-3077.875000018747
-1618.362999973392
-903.7249999904028
-437.0980000000545
-188.65600000026853
-59.59400000002687
0.0
0.0
0.0
0.0
-19.867999999999867
-178.6520000002463
-714.6969999953875
-1697.7969999717766
-2750.1469999978663
-4080.654000080158
-5331.4690003523365
-6373.967000581126
-7883.11200087339
-8240.14700096906
-8309.765001001782
-8915.615001104212
-8578.0780010361
-8101.858000942204
-7982.602000917604
-7466.54500081715
-7257.573000753726
-5718.401000454566
-4675.91400020361
-3147.2800000153006
-1707.8289999713493
-963.1799999889811
-536.1849999996087
-148.9330000001044
0.0
0.0
0.0
0.0
0.0
0.002
-258.10500000057453
-972.8699999888436
-1995.6369999642607
-3197.2060000172223
-4348.862000117206
-5580.399000369574
-6284.810000540438
-7029.360000707662
-7207.716000759428
-7079.006000741518
-7852.979000863891
-7386.842000795808
-7773.922000864873
-7764.34300088136
-8260.773000946296
-6682.191000661289
-6016.614000495989
-4626.397000182535
-2819.945000012447
-1697.885999970966
-1082.227999986267
-526.2019999994246
-238.24100000047017
-19.84399999999988
0.0
0.0
0.0
0.0
-29.76900000000072
-317.6680000003547
-1320.3349999805753
-2124.590999967904
-3743.5280000608755
-4616.974000207589
-5292.341000350908
-6443.973000581214
-6552.934000638545
-6811.166000685449
-7069.234000725009
-7555.889000806906
-7992.716000891484
-7784.293000887211
-8061.886000935089
-7724.665000863776
-6701.630000670041
-6026.49500048333
-3971.45900007917
-2829.7920000002596
-1598.6609999736595
-1012.7479999885203
-595.7079999988156
-178.6700000001655
0.0
0.0
0.0
0.0
0.0
-79.39400000000103
-496.2790000006072
-1171.3009999837832
-2313.114999977221
-3812.5730000756403
-4646.715000240893
-6334.723000554253
-7118.671000720233
-7128.791000755899
-7297.423000783265
-7952.994000895748
-8101.833000934327
-8111.870000959147
-7813.709000918601
-8112.02500094795
-8042.329000912366
-5927.136000522847
-5063.632000310191
-3822.7170000501374
-2274.042999973453
-1290.777999981068
-754.6249999943423
-367.26100000049615
-99.23699999998206
-0.006
0.0
0.0
0.0
0.0
-59.546000000001854
-406.9380000007362
-1022.4889999876991
-1945.7559999654852
-3325.9380000460997
-4577.259000217022
-5877.622000490708
-6721.765000677552
-7218.135000790923
-8647.63200102912
-8866.356001079404
-8479.109001033386
-8439.626001035027
-8042.381000941829
-8062.632000908122
-6682.192000640841
-5123.406000348537
-4319.369000130154
-2998.908000008055
-1787.1919999695656
-1042.437999987396
-546.1009999995279
-158.81700000021226
-99.24199999998206
-19.85099999999988
0.0
0.0
0.0
0.0
-29.769000000000723
-228.2670000003777
-635.3469999975039
-1399.8049999790073
-2601.0519999886037
-3971.5040000770227
-4924.665000296663
-5986.959000520548
-7118.7320007381595
-7685.186000852068
-7883.868000915144
-8022.656000946309
-7953.133000911808
-7228.681000751783
-6245.834000542384
-4925.125000296757
-4339.468000141878
-3465.680000015925
-1886.869999967168
-1280.827999982304
-605.6579999975756
-287.89300000051566
-148.8610000000555
-29.774000000000722
-39.71400000000257
0.0
0.0
0.0
0.0
0.0
-119.10199999990382
-297.7920000005291
-704.9969999956926
-1459.5829999775697
-2214.3209999713017
-3664.1490000258696
-4299.471000143827
-5431.351000362616
-5808.854000470592
-6364.948000587474
-6225.894000566722
-5937.880000494733
-5203.2200003316375
-4657.051000186793
-4002.012000059193
-2909.5140000011365
-1936.4279999660132
-1251.1489999824828
-635.5329999972835
-327.6670000003803
-188.56700000022977
-119.08399999990387
-19.85999999999987
-19.85999999999987
0.0
0.0
0.0
0.0
0.0
0.0
-69.51500000001204
-138.876000000039
-377.3590000004243
-595.9179999976586
-993.050999989097
-1757.3759999709785
-2105.198999965883
-2780.249999994815
-2919.3650000163325
-3127.685000022419
-3108.073000006898
-2621.498999985511
-2165.0209999680496
-2005.8519999648179
-1489.4169999770372
-973.1819999892595
-655.4769999968577
-347.44000000048396
-168.75900000018478
-69.45599999999726
-39.684000000002534
0.0
0.0
0.0
0.0
0.0
0.0
0.0
0.0
0.0
19.929999999999833
188.6000000001533
118.89100000015377
178.5080000004883
198.28200000036432
39.42400000000055
-129.38399999986171
-149.28399999991197
-298.12000000075074
-308.1420000007792
-367.43600000079925
-248.31400000058863
-377.443999999774
-436.8960000002722
-287.9180000005156
-218.52100000038152
-119.08899999995397
-49.62700000000676
-49.64500000000677
-59.58200000002685
0.0
0.0
0.0
0.0
0.0
0.0
0.0
0.0
0.0
0.02600000000000001
148.87000000000702
238.20600000056103
416.83300000026054
317.54300000044174
307.49100000035
416.6509999998607
436.52699999962294
367.0340000003454
347.29300000010164
367.176000000345
148.91300000005575
-19.761999999999926
-109.14599999990611
-39.682000000000386
-59.559000000001845
-29.771000000000722
-9.926999999999937
0.0
0.0
0.0
0.0
0.0
0.0
0.0
