0.1390000000000001
0.0
0.0
0.0
0.0
0.0
0.0
0.0
0.0
0.0
0.0
0.0
0.0
0.0
0.0
0.0
0.0
0.0
0.0
0.0
0.0
-0.002
-0.002
0.0
-0.002
-0.004
-0.004
0.0
0.0
0.0
0.0
0.0
0.0
0.0
-0.05100000000000003
-0.06200000000000004
-0.04800000000000002
-0.16400000000000012
-0.17600000000000013
-0.11000000000000008
-0.062000000000000034
-0.05500000000000002
-0.03900000000000002
-0.018000000000000002
-0.004
-0.001
0.0
0.0
0.032000000000000015
0.11200000000000009
0.030000000000000013
-0.05700000000000001
0.09300000000000005
0.07300000000000002
-0.022000000000000002
0.11600000000000005
0.014000000000000026
0.012999999999999996
-0.08400000000000003
0.04400000000000003
-0.001
0.0
0.02000000000000001
0.049000000000000085
0.033999999999999975
0.09700000000000004
0.067
0.048999999999999946
0.1570000000000001
0.045
0.09500000000000006
0.057000000000000106
0.12200000000000008
-0.014999999999999993
0.026000000000000016
0.0
0.006
0.05000000000000002
0.15100000000000008
-0.006000000000000037
0.06000000000000001
-0.06800000000000006
0.04199999999999997
0.1510000000000001
0.1760000000000001
0.3030000000000002
-0.07900000000000001
0.17100000000000012
0.044
-0.022000000000000013
-0.001
0.006
0.038000000000000006
0.019
-0.06399999999999999
0.06400000000000004
-0.04499999999999996
-0.1690000000000001
-0.16700000000000012
0.03699999999999999
0.001000000000000019
0.07700000000000004
0.1290000000000001
-0.059000000000000025
-0.03000000000000002
0.0
0.0
0.001
0.1440000000000001
-0.006000000000000008
-0.10500000000000007
-0.008000000000000056
-0.16100000000000012
-0.19300000000000014
-0.02199999999999997
-0.01699999999999998
0.058000000000000024
0.08700000000000006
0.09100000000000004
-0.002
0.0
0.0
0.0
0.07300000000000006
0.10600000000000008
0.050999999999999976
-0.07100000000000001
-0.10200000000000006
-0.017000000000000022
0.002000000000000071
0.11900000000000008
0.05000000000000002
-0.06300000000000001
-0.09600000000000006
-0.02100000000000001
0.0
0.0
0.0
-0.09300000000000005
-0.18400000000000014
-0.22600000000000017
-0.014999999999999968
0.059
-0.1290000000000001
-0.18800000000000014
-0.12400000000000008
-0.09600000000000004
-0.24800000000000016
-0.1520000000000001
-0.003
-0.001
0.0
0.0
-0.07100000000000005
-0.18900000000000014
0.036000000000000004
0.001999999999999994
-0.05899999999999997
0.05099999999999999
-0.08400000000000003
-0.08200000000000006
-0.12700000000000006
-0.06400000000000002
-0.06800000000000005
-0.003
-0.001
0.0
-0.001
-0.020000000000000007
0.06400000000000004
-0.004000000000000007
-0.07800000000000006
0.044999999999999984
-0.11000000000000006
0.09200000000000012
-0.10300000000000006
-0.21500000000000014
-0.10600000000000005
-0.08300000000000005
0.0
0.0
0.0
-0.005
0.0
0.04800000000000003
0.027000000000000017
-0.02700000000000001
0.0010000000000000044
0.1320000000000001
0.07600000000000007
0.019000000000000003
0.1470000000000001
0.04200000000000003
-0.001
0.0
0.0
0.0
