0.06800000000000003
0.0
0.0
0.0
-0.04000000000000002
-0.047000000000000014
0.0
0.0
-0.4880000000000004
0.0
0.13900000000000026
0.22199999999999998
0.11900000000000932
0.11700000000000536
-0.1140000000000003
0.26999999999999985
0.20099999999999946
-0.01699999999999998
0.21300000000000008
0.11800000000001346
0.15099999999999886
0.36300000000000016
0.20800000000000024
0.21800000000000075
-0.2350000000000001
1.1219999999999872
-0.28400000000000125
-0.15500000000000463
-0.3550000000000002
-0.09899999999999996
0.15300000000000175
0.05000000000000107
0.27600000000000013
1.1589999999999832
0.2350000000000002
-0.2590000000000002
-0.10300000000000563
-0.20600000000000035
-0.13200000000000278
-0.2760000000000003
-0.5360000000000004
-0.10500000000000008
-0.6810000000000005
0.036999999999997896
0.02800000000000272
0.04100000000000133
-0.007999999999998491
0.23000000000000023
-0.06100000000000002
0.0
