0.02900000000000002
0.0
0.0
0.0
0.0
0.0
0.0
0.0
0.0
0.0
0.0
0.0
0.0
0.0
0.0
0.0
0.0
0.0
0.0
0.0
0.0
0.0
0.0
0.0
0.0
0.0
0.0
0.0
0.0
0.0
0.0
0.0
0.0
0.0
0.0
0.0
0.0
0.0
0.0
0.0
0.0
0.0
0.0
0.0
0.0
0.0
0.0
0.0
0.0
0.0
0.0
0.0
0.0
0.0
0.0
0.0
0.0
0.0
0.0
0.0
0.0
0.0
0.0
0.0
0.0
0.0
0.0
0.0
-0.002
-0.004
0.0
0.0
0.0
0.0
-0.002
-0.001
0.0
0.0
0.0
-0.002
-0.001
0.0
0.0
0.0
0.0
0.0
0.0
0.0
0.0
0.0
0.0
0.0
0.0
0.0
0.0
0.0
-0.002
-0.002
-0.004
0.0
-0.002
-0.002
-0.003
-0.002
-0.003
-0.002
-0.002
-0.002
-0.001
-0.001
-0.002
0.0
0.0
0.0
0.0
0.0
0.0
0.0
0.0
0.0
0.0
0.0
0.0
0.0
-0.006
-0.005
-0.008
-0.017
0.013000000000000003
0.011000000000000001
0.007
0.003
-0.005000000000000001
-0.013
-0.013
-0.011000000000000001
-0.009000000000000001
-0.006
-0.004
0.0
0.0
0.0
0.0
0.0
0.0
0.0
0.0
0.0
0.0
-0.001
-0.007
-0.006
-0.010000000000000002
-0.006
0.022000000000000006
-0.001
0.015000000000000001
-0.022
-0.012000000000000002
-0.02600000000000001
0.003999999999999998
-0.013999999999999988
0.003999999999999999
-0.021000000000000005
-0.02800000000000001
-0.021000000000000005
-0.010000000000000002
-0.002
-0.002
0.0
0.0
0.0
0.0
0.0
0.0
0.0
0.0
0.0
-0.002
-0.004
0.007
0.009000000000000005
0.023000000000000007
0.014000000000000004
0.008
-0.0010000000000000009
0.006
0.003
0.02900000000000002
0.01499999999999999
0.011000000000000006
0.003000000000000001
-0.011999999999999999
-0.014
-0.008000000000000004
0.003
-0.0010000000000000009
-0.009000000000000001
-0.014
0.0
0.0
0.0
0.0
0.0
0.0
0.0
0.0
0.007
-0.001
-0.001
0.022
0.003
-0.016
0.019000000000000003
-0.011000000000000003
0.01899999999999999
0.005999999999999993
8.673617379884035E-19
0.014000000000000005
-0.0050000000000000105
-0.003999999999999997
0.003999999999999998
0.009000000000000003
0.004
0.018999999999999996
-0.017
0.005
-0.009000000000000001
-0.002
-0.002
-0.002
-0.002
0.0
0.0
0.0
0.002
0.01
0.001
0.011000000000000001
0.01900000000000001
0.025000000000000015
0.017
0.02200000000000002
-0.002999999999999993
-0.012000000000000007
0.001
0.002
0.021000000000000005
0.011999999999999997
-0.010999999999999996
0.03400000000000002
0.002
-0.012999999999999987
0.009000000000000005
0.03900000000000002
-0.014
-0.016
0.004
-0.002
-0.004
-0.002
0.0
0.0
0.0
0.01
0.009000000000000001
0.014000000000000002
-0.006000000000000001
-0.012000000000000007
0.015000000000000001
0.011000000000000006
0.023000000000000013
0.007
0.031000000000000014
0.017000000000000015
0.021000000000000005
0.010000000000000004
0.05000000000000003
0.005000000000000001
0.013000000000000008
0.026000000000000002
0.006
0.007999999999999997
0.024000000000000007
0.032000000000000015
0.016
0.003
-0.001
-0.002
0.0
0.0
0.0
0.004
0.007
0.01900000000000001
0.02500000000000001
0.007000000000000002
0.016
0.030000000000000006
-0.010000000000000005
-0.021999999999999992
-0.023
-0.004
0.0020000000000000044
0.007999999999999997
0.009999999999999998
0.00999999999999999
0.006000000000000007
0.058000000000000045
0.05100000000000003
0.019000000000000003
0.012
-0.011000000000000003
-0.013
0.009000000000000001
-0.004
-0.002
0.0
0.0
0.0
0.0
0.002
0.008
0.017000000000000005
0.011000000000000003
-0.015000000000000001
0.015000000000000003
-0.001
-0.005000000000000004
-0.013000000000000001
-0.003999999999999995
0.011000000000000006
-0.014999999999999989
0.018000000000000002
0.009000000000000003
0.036000000000000025
0.04100000000000002
0.004000000000000002
0.029000000000000012
0.016
-0.012
0.015000000000000006
-0.003
0.014000000000000002
0.002
0.0
0.0
0.0
0.0
0.0
0.002
0.002
0.018000000000000006
0.004000000000000001
-0.018000000000000002
0.02700000000000001
-0.008
0.0010000000000000009
0.006
0.014000000000000002
-0.007
-0.04500000000000002
0.003999999999999996
-0.0030000000000000053
0.007000000000000009
-0.009000000000000001
0.034000000000000016
0.03600000000000002
-0.017
0.005000000000000004
0.019999999999999997
-0.002
0.019000000000000003
-0.01
0.0
0.0
0.0
0.0
0.0
0.004
0.004
0.019000000000000003
-0.002
-0.011000000000000003
-0.02600000000000001
-0.017000000000000008
-0.018999999999999996
-0.020000000000000004
-0.022000000000000006
-0.03400000000000002
-0.06600000000000004
-0.035000000000000024
-0.031000000000000014
-0.012
0.02500000000000001
0.007
-0.011000000000000006
0.009000000000000001
-0.0010000000000000009
0.0029999999999999966
0.007000000000000003
-0.016000000000000004
-0.013000000000000001
0.0
0.0
0.0
0.0
0.0
0.0
0.0
0.013000000000000001
-0.001
-0.007000000000000001
0.012999999999999996
-0.001
-0.023000000000000013
-0.003
-0.011000000000000006
-0.0010000000000000018
-0.057000000000000044
-0.029000000000000005
-0.02800000000000001
0.001
0.032000000000000015
0.0
0.001
0.03000000000000002
0.0
0.007000000000000001
0.015000000000000001
-0.005
-0.006
0.008
0.0
0.0
0.0
0.0
0.0
0.0
0.009000000000000001
0.022000000000000006
0.026000000000000002
-0.003
0.008
-0.017000000000000008
-0.003
-0.033000000000000015
-0.03700000000000002
-0.05800000000000004
-0.03200000000000002
-0.004999999999999993
-0.022000000000000006
0.007999999999999997
0.028000000000000018
0.022
0.011000000000000006
0.017999999999999995
0.033000000000000015
-0.010999999999999998
0.016
0.0
0.008
0.0
0.0
0.0
0.0
0.0
0.0
0.018000000000000002
0.0
0.02600000000000001
-0.002
-0.020000000000000004
-0.0069999999999999975
-0.03000000000000002
-0.009999999999999997
0.002
-0.025000000000000015
0.008
-0.03600000000000003
-0.04800000000000002
0.002
0.033000000000000015
0.017000000000000008
0.04000000000000002
0.009999999999999993
8.673617379884035E-19
-0.014999999999999993
0.003
-0.007000000000000001
0.0
0.0
0.0
0.0
0.0
0.0
0.0
-0.004
0.003
-0.032000000000000015
-0.006
-0.011000000000000003
-0.011999999999999999
-0.017000000000000008
-0.013
0.006
0.004000000000000002
-0.009999999999999992
-0.005
-0.005
0.014000000000000007
0.023000000000000007
0.016000000000000007
-1.734723475976807E-18
-0.008000000000000002
-0.020000000000000004
-0.018000000000000002
-0.012
0.003
0.002
0.0
0.0
0.0
0.0
0.0
0.01
0.002
0.005
-0.004
-0.002
-0.010000000000000004
-0.015000000000000001
-0.029000000000000012
-0.016
-0.033000000000000015
0.027000000000000017
-0.005000000000000002
0.009000000000000001
0.003
0.006
-0.012000000000000007
-9.999999999999966E-4
0.022000000000000006
0.001
0.004
-0.006
0.005
-0.001
-0.001
-0.002
0.0
0.0
0.0
0.0
0.01
0.006
-0.008
-0.015000000000000005
-0.020000000000000004
-0.024000000000000014
-0.013000000000000001
-0.03900000000000002
-0.011000000000000015
0.007
-0.006
0.012999999999999996
0.007
0.025000000000000015
-0.010000000000000002
-0.018999999999999996
-0.004999999999999997
-0.016000000000000007
-0.002
-0.010000000000000002
-0.008
-0.016
0.006
-0.002
0.0
0.0
0.0
0.0
0.0
0.0
0.0
-0.012
-0.020000000000000004
-0.015000000000000001
-0.0020000000000000018
-0.013999999999999999
0.003
-0.02700000000000001
-0.02600000000000001
-0.011999999999999988
-0.011000000000000005
-0.004000000000000001
0.008
-0.020000000000000004
0.002999999999999995
-0.021000000000000005
-0.010000000000000004
-0.005000000000000001
0.011999999999999999
0.003
-0.016
-0.002
0.0
0.0
0.0
0.0
0.0
0.0
0.0
-0.002
-0.003
-0.004
-0.016
9.999999999999966E-4
0.016
0.001
-0.04600000000000003
0.003
0.013999999999999999
0.007000000000000004
-0.012000000000000007
-0.007000000000000004
-0.024
0.014
-0.02700000000000001
-0.009999999999999995
-0.013000000000000001
-0.005
-0.004
-0.006
-0.004
0.0
0.0
0.0
0.0
0.0
0.0
0.0
-0.001
-0.006
-0.003
-0.02700000000000001
0.002
0.016
-0.010999999999999996
0.02600000000000001
-0.016000000000000004
-0.011
-0.008
0.005
0.016000000000000007
-0.026000000000000002
0.011999999999999995
-0.016999999999999994
-0.043000000000000024
-0.013000000000000003
0.003
-0.006
-0.008
0.0
0.0
0.0
0.0
0.0
0.0
0.0
0.0
-0.002
-0.003000000000000001
-0.003
0.0
-9.999999999999992E-4
0.002
0.003
-0.022000000000000006
-0.015
0.016
-0.021000000000000005
0.010000000000000002
-0.003000000000000001
0.014
0.004
-0.016000000000000004
-0.024000000000000007
-0.021000000000000005
-0.015000000000000001
-0.008
-0.01
0.0
0.0
0.0
0.0
0.0
0.0
0.0
0.0
-0.004
0.0
0.007
0.007
0.015
0.003999999999999995
0.02500000000000001
-0.019000000000000003
-0.012000000000000004
-0.029000000000000005
0.013
0.009999999999999998
0.006
0.013000000000000005
-0.004
0.004
-0.043000000000000024
-0.031000000000000014
-0.007
0.0
0.0
0.0
0.0
0.0
0.0
0.0
0.0
0.0
0.0
0.0
-0.006
0.007
0.018000000000000002
0.02100000000000001
0.010999999999999998
0.023000000000000007
0.02000000000000001
0.014
0.011999999999999997
0.029000000000000012
6.938893903907228E-18
0.009000000000000005
0.02800000000000001
0.015
0.009999999999999997
-0.020000000000000004
-0.014
-0.003
0.002
0.002
0.0
0.0
0.0
0.0
0.0
0.0
0.0
0.0
0.0
0.0
-0.002
0.014000000000000002
0.003
0.008
0.009000000000000001
0.003000000000000001
0.018000000000000002
0.012
0.011000000000000003
-0.006
-0.004
0.018000000000000002
0.007
0.024000000000000007
0.009000000000000001
0.006
0.001
0.001
0.002
0.0
0.0
0.0
0.0
0.0
0.0
