25.860000000001243
0.0
0.0
0.0
-2.439999999999992
-10.129999999999836
-20.879999999999733
0.0
17.679999999999957
0.0
37.91000000000082
-13.86000000000058
-16.480000000003667
-23.58999999999934
-2.679999999999836
21.990000000000446
-20.70000000000062
31.210000000002008
193.19000000000565
-60.93000000000483
-70.19000000000568
133.64999999998412
36.41999999999808
42.200000000001715
-9.400000000000125
22.280000000000246
-47.96999999999917
-39.830000000003906
-150.5900000000058
-42.089999999998454
69.38000000001009
153.8699999999828
-15.880000000000116
-0.4800000000000002
57.69000000000227
-100.55999999999182
-31.919999999996694
-4.999999999999979
-9.64999999999901
-137.74000000000524
-30.690000000000204
-9.889999999999834
-76.22999999999597
57.48999999999817
26.53000000000015
47.540000000006934
-21.220000000001132
-62.37000000000224
-1.3400000000000005
-0.23000000000000007
