14.939999999999726
0.0
0.0
0.0
0.0
0.0
0.0
0.0
0.0
0.0
0.0
0.0
0.0
0.0
0.0
0.0
0.0
0.0
0.0
0.0
-0.09
-0.6800000000000004
-1.5200000000000007
-1.400000000000001
-0.6500000000000005
-0.11999999999999998
-0.08
-0.04
0.0
0.0
0.0
0.0
0.0
0.0
1.9900000000000013
7.6499999999998405
9.26999999999993
-3.7000000000000153
5.43000000000001
1.5400000000000011
-10.499999999999924
-5.179999999999964
-2.3399999999999994
6.169999999999925
-0.4900000000000001
-0.01
0.0
-1.6700000000000013
14.519999999999794
14.889999999999793
8.029999999999616
-21.329999999999114
3.010000000000019
-6.029999999999839
-7.490000000000292
4.87000000000007
-7.799999999999162
-0.970000000000002
3.1100000000000265
-1.36
0.0
0.2700000000000001
5.829999999999995
8.459999999999797
2.9300000000000215
3.7900000000000285
9.619999999999763
-18.330000000000176
4.61999999999997
12.31999999999972
-3.02999999999998
9.439999999999866
11.579999999999854
-2.919999999999953
-1.1600000000000008
0.0
0.0
10.049999999999837
11.519999999999975
-0.4200000000000011
-13.119999999999825
-1.930000000000002
-16.00000000000012
14.569999999999299
21.750000000000096
18.309999999999828
2.9199999999999537
1.870000000000188
2.5699999999999985
-3.3599999999999723
0.0
-0.01
7.829999999999879
0.9899999999999989
-16.17999999999986
-12.309999999999926
-0.2500000000000017
-23.380000000000063
-16.59999999999988
-0.6900000000000021
-8.010000000000355
4.309999999999974
9.249999999999854
-9.5400000000001
-3.2699999999999743
0.0
-0.01
7.949999999999875
6.480000000000009
11.339999999999865
-10.450000000000056
-4.560000000000061
-13.939999999999943
-2.6600000000001094
5.769999999999953
6.810000000000181
22.13999999999974
-4.260000000000024
-2.5099999999999625
-0.880000000000001
0.0
0.0
7.25999999999989
7.170000000000218
15.739999999999794
2.6499999999999937
-11.360000000000081
-14.550000000000122
3.3700000000001125
6.190000000000063
8.90999999999977
4.129999999999962
10.590000000000003
8.060000000000036
5.989999999999917
0.0
0.0
-0.4100000000000002
13.039999999999937
-12.930000000000039
-12.020000000000204
0.4099999999999941
1.41999999999989
-5.440000000000424
-9.780000000000229
-13.659999999999922
-2.6299999999999524
9.210000000000033
-7.029999999999947
-3.2499999999999747
0.0
0.0
-0.3300000000000001
-8.87999999999989
-16.959999999999805
2.3800000000000434
-5.30999999999968
3.839999999999943
7.839999999999675
-0.5400000000000043
-0.5500000000000024
-17.949999999999864
2.159999999999993
-6.709999999999921
-0.01
0.0
0.0
-0.02
-1.190000000000001
13.369999999999823
6.720000000000339
-0.05999999999999959
3.819999999999752
2.7400000000000477
8.869999999999871
3.5600000000001044
-19.149999999999828
-12.779999999999893
-9.099999999999998
0.0
0.0
0.0
-0.4300000000000002
-0.42000000000000004
9.23999999999998
-1.9599999999999995
-3.920000000000026
-1.890000000000004
11.499999999999861
-2.1900000000000013
6.9599999999999875
-2.6799999999999877
-1.400000000000001
-2.909999999999982
0.0
0.0
0.0
