-17249.653003055464
0.0
0.0
0.0
0.0
0.0
0.0
0.0
0.0
0.0
0.0
0.0
0.0
0.0
0.0
0.0
0.0
0.0
0.0
0.0
0.0
0.0
0.0
0.0
0.0
0.0
0.0
0.0
0.0
0.0
0.0
0.0
0.0
0.0
0.0
0.0
0.0
0.0
0.0
0.0
-19.959999999999816
-19.95900000000141
-49.8970000000069
-49.89300000000689
-69.89800000001154
-79.85500000000079
-49.92400000000691
-19.959999999999816
0.0
-19.957999999999817
-29.937000000000726
-29.93700000000073
-19.957999999999817
0.0
0.0
0.0
0.0
0.0
0.0
0.0
0.0
0.0
0.0
0.0
0.0
-19.959999999999816
-19.959999999999816
-39.92400000000283
-69.90000000001153
-159.71500000012554
-239.52800000050664
-389.2540000003405
-598.8359999982808
-678.6599999957427
-958.1249999898712
-1137.6749999852238
-1227.5439999828295
-1027.8979999875712
-698.5629999955275
-329.32400000027116
-179.63600000021054
-69.8570000000116
-19.957999999999817
0.0
0.0
0.0
0.0
0.0
0.0
0.0
0.0
0.0
0.0
-59.87600000002721
-69.85799999999756
-119.76000000000413
-229.59700000044734
-439.15300000048853
-758.566999994431
-1067.9579999865675
-1407.3539999786324
-2016.2189999642305
-2735.0239999894707
-3283.8300000069844
-3223.9170000174204
-2894.561000009366
-2425.381999979523
-1547.0729999752336
-948.2819999897265
-439.26799999982785
-229.6110000005107
-149.76000000001127
-59.878000000027214
0.0
0.0
0.0
0.0
0.0
0.0
0.0
-19.957999999999817
-49.92700000000691
-179.68100000017031
-299.42100000052756
-568.9639999992781
-1008.1159999884111
-1906.728999967252
-2705.198999986141
-3823.1710000383937
-5081.016000253733
-6408.661000541034
-7426.9370007546495
-8035.469000881954
-7975.601000879018
-7476.641000774125
-6428.50100054745
-4980.994000230566
-3463.754000009077
-2046.4389999637797
-1197.9039999838844
-698.818999996114
-379.33700000091784
-59.936000000027285
0.0
0.0
0.0
0.0
0.0
-19.957999999999817
-59.896000000027236
-69.89699999999759
-379.2880000004219
-778.6619999934613
-1676.9209999726065
-2665.1399999892774
-4441.954000110121
-5829.831000425727
-7676.769000816481
-9233.994001149693
-11230.305001564922
-12098.844001762349
-13476.180002031848
-13376.501002018536
-12847.460001896276
-11459.75400159219
-9243.659001123227
-6678.254000593214
-4422.2300001128715
-2915.0239999839796
-1677.0029999727692
-1078.0339999875637
-249.59400000050738
-59.91800000002726
0.0
0.0
0.0
0.0
-19.957999999999817
-119.76999999990227
-219.6300000004199
-479.1339999998161
-1547.1279999759458
-2405.5849999813267
-4152.689000085108
-5899.621000463718
-8315.68100095341
-10062.753001338262
-12418.273001815256
-14764.021002289774
-15691.80200250171
-15532.446002495124
-15712.079002514309
-14704.097002312634
-13346.149002016604
-11090.54700154716
-8884.45800105951
-6329.079000513725
-4022.9260000426666
-2455.579999979463
-1527.161999975859
-688.7359999962351
-149.72700000005963
-39.95800000000287
0.0
0.0
0.0
-19.957999999999817
-69.91500000001152
-309.55900000063787
-658.9139999965669
-1277.8609999810144
-2675.593999993115
-4792.1210002021435
-6329.393000561544
-8795.082001054983
-11490.12800159752
-13446.647002015046
-14644.51700227581
-14943.644002352159
-15053.556002374431
-14714.209002310485
-14474.551002251557
-13496.39000203431
-11430.021001611825
-8834.986001071626
-6269.217000530644
-4442.368000130827
-2984.787000003209
-1866.5819999680218
-908.3179999909017
-239.5510000004764
-29.979000000000728
0.0
0.0
19.95599999999982
39.909000000000255
69.78500000001169
-70.10499999999773
-569.1039999992748
-839.0409999915145
-2017.1949999640701
-3863.969000066173
-6559.298000567531
-8745.24700102858
-11110.908001528684
-11849.703001696413
-12508.63800182599
-12698.050001852642
-13047.346001906619
-13486.42300199609
-12568.107001844464
-12418.3800018057
-11180.67100153807
-8655.088001019856
-5760.212000436488
-4632.218000160669
-2645.5909999955493
-1507.3549999761196
-858.5049999920763
-239.59000000044628
-19.983999999999803
0.0
0.0
29.932000000000727
79.80700000000081
139.6570000000948
59.62399999992675
-469.56300000260654
-938.879999990887
-2017.2779999648214
-3824.227000034291
-6788.936000601862
-9583.76800117833
-10492.09500140291
-11260.93300154502
-10562.520001408679
-10641.866001393406
-10602.121001385854
-10731.485001437355
-11320.560001573274
-11779.464001648686
-10422.161001366601
-7836.715000844433
-4732.337000226623
-3454.4100000352223
-2046.7769999632324
-1038.3029999875432
-668.9309999974898
-99.84399999994871
0.0
0.0
0.0
29.933000000000728
59.86100000000186
269.4610000005551
339.1880000004207
-339.9980000011334
-769.3219999933879
-2196.768999969461
-4493.029000142612
-7807.127000826722
-9453.804001210503
-11021.511001514866
-10682.11100142937
-10042.933001281737
-9464.171001177074
-10342.710001350772
-10392.285001395787
-11230.627001560093
-11260.457001545748
-9713.344001221203
-7547.307000764511
-4333.05500011113
-2795.715999989652
-1547.6729999760223
-649.1069999970921
-329.5320000006884
-29.943000000000726
0.0
0.0
0.0
19.95399999999982
89.8139999999824
209.6090000003941
119.59300000010555
-828.9129999939727
-1428.0409999778803
-3404.5870000226305
-5840.373000436238
-8924.494001085388
-10941.104001522455
-11809.408001678798
-11999.558001685136
-11350.431001559908
-11181.036001552073
-11230.602001588639
-12677.74800186252
-13047.128001923416
-12088.655001707039
-8934.775001083693
-6948.376000639127
-4003.556000031584
-2036.9859999636906
-1038.6429999881998
-519.4200000007436
-159.8620000000352
-19.968999999999813
0.0
0.0
0.0
0.0
79.83999999999533
189.6180000002348
9.827000000000126
-639.2399999958999
-2026.9609999638155
-4422.375000129471
-7267.4470007369955
-10151.957001365894
-12168.55700176892
-12158.7670017735
-12418.604001808684
-13057.043001938275
-13246.940002005618
-14075.323002179071
-15831.623002500468
-14474.755002221224
-11549.894001636547
-9353.979001160003
-6159.542000492761
-3514.4420000271894
-1917.1929999669042
-729.0659999942166
-459.4089999998168
-179.823000000171
-0.014
0.0
0.0
0.0
0.0
-0.004
79.8340000000008
-229.68100000035275
-928.7519999900036
-2825.4849999932285
-5290.623000338649
-8465.06200100073
-11389.936001614018
-13066.724001957267
-14364.903002199337
-14614.345002255994
-17259.20500278837
-16191.030002632206
-16809.835002762098
-17398.84800284688
-14834.140002326887
-11989.0970017263
-9014.344001096266
-6189.535000500342
-3863.668000036791
-2076.8309999646235
-1078.5419999861438
-609.1879999974923
-179.8010000001709
-0.014
0.0
0.0
0.0
0.0
0.0
-9.978000000000096
-219.64000000041997
-1547.6129999762018
-3424.1370000247384
-5929.5540004789555
-9293.772001170526
-11928.71100173497
-14164.591002179315
-16011.759002533287
-17907.757002923085
-19144.970003207196
-18047.57600303889
-18706.081003153402
-17638.483002904137
-14444.678002264629
-12448.11900181828
-9004.107001108108
-6419.159000557916
-4182.895000086856
-2445.866999978836
-1467.896999977561
-639.2349999971959
-119.84000000000414
0.0
0.0
0.0
0.0
0.0
0.0
-119.73099999990237
-259.508000000633
-1667.382999972947
-4003.0690000381164
-6229.014000530901
-9273.530001172747
-11309.89100162269
-13825.268002117358
-16340.476002603458
-18506.101003055093
-18835.497003169465
-18056.97000303431
-18486.52200307857
-16161.652002597495
-13706.406002113088
-12168.848001765216
-9862.67700127659
-7197.566000712356
-4871.530000214091
-2945.2999999996355
-1607.5679999739639
-718.986999995094
-119.86300000000413
-89.86499999998232
0.0
0.0
0.0
0.0
-39.938000000002845
-269.4780000005579
-718.7539999954836
-2086.5629999648822
-4103.143000053479
-6099.649000503106
-8634.92800104161
-11240.078001582631
-13735.632002080854
-15421.956002423012
-16779.32700271567
-17128.794002819115
-16360.456002676705
-16749.78600269992
-14674.24300227301
-13087.344001963247
-11869.09500171315
-10112.208001334193
-7357.064000774915
-5150.969000299034
-3204.654000010642
-1767.2259999702771
-798.898999992686
-219.64300000038685
-49.923000000006915
0.0
0.0
0.0
0.0
-59.89800000002724
-339.32900000053843
-888.4159999911847
-2465.9129999772726
-4163.028000074738
-6229.370000514799
-8405.200000973571
-10082.500001343695
-12517.639001824373
-13415.794002019098
-14204.106002191935
-14733.555002312876
-15043.055002353261
-14284.629002185973
-13007.55100193775
-12388.485001816702
-12388.043001792956
-10172.122001355176
-7995.919000895328
-5909.621000438333
-3474.1690000301637
-1976.8629999650525
-908.5529999899849
-289.46000000051237
-49.895000000006895
0.0
0.0
0.0
0.0
-69.86000000001158
-349.3380000003513
-1257.7089999824373
-2625.522999997621
-4871.962000216062
-6798.481000625841
-8515.501000981369
-10222.356001348748
-11260.54300158155
-11918.982001720498
-12607.364001859089
-13086.746001952622
-13455.894002021892
-13216.750001960823
-13366.770001997187
-12648.195001863847
-11210.224001583236
-10162.001001349248
-7596.62300081641
-4971.42200028508
-3324.531000036463
-2186.419999968066
-928.4909999903072
-229.6210000004791
-49.8980000000069
0.0
0.0
0.0
0.0
-129.76599999997552
-409.2279999995712
-1477.3009999763683
-3194.4810000239313
-5400.945000343085
-7217.794000729989
-8844.948001060495
-10402.165001398937
-11170.69500157678
-11819.39300170895
-11888.894001724522
-13006.956001931288
-13306.651001992688
-12687.97900188575
-13655.953002064447
-12987.345001926187
-11519.88200163851
-10002.467001309813
-6967.937000686081
-4951.651000242969
-2755.425000007788
-1856.9679999684258
-908.4369999910508
-199.69100000029823
-39.93600000000284
0.0
0.0
0.0
0.0
-119.78200000000413
-638.7859999972065
-1497.3489999757437
-3224.443000031966
-5690.199000410761
-7636.747000829607
-10112.439001315219
-11579.820001628286
-12109.191001763906
-12558.28200185903
-12957.253001934301
-14075.083002145835
-13795.683002111473
-13416.703002049999
-13815.979002103362
-12957.357001918062
-10431.7780014224
-8335.721000988931
-6348.935000537523
-4073.1490000553517
-2176.275999970324
-1337.8319999799187
-698.757999995523
-229.65000000041593
-10.003999999999895
0.0
0.0
0.0
0.0
-99.80699999998154
-409.21400000034987
-1487.2699999772167
-2765.0460000019834
-5230.836000316255
-7437.109000796533
-9263.850001186314
-11001.084001546848
-12488.3410018471
-14075.085002147132
-14813.53700229702
-14783.707002307143
-14194.99700220733
-13865.697002130915
-13396.635001998398
-11280.517001571456
-8675.28400106158
-7327.646000735341
-5011.557000242393
-3124.7790000030227
-1537.4289999752243
-998.3539999888335
-399.31000000006577
-109.82999999998951
-59.90500000002725
0.0
0.0
0.0
0.0
-69.85800000001159
-259.5200000005517
-828.5139999929829
-2186.030999967831
-4212.608000066823
-6598.561000595452
-8355.348000995718
-10292.44800138892
-11719.711001687383
-12787.965001904415
-13646.341002073035
-13227.386002004749
-12528.449001872115
-12328.777001792185
-10651.93000142327
-8216.266000957597
-6769.001000636095
-5331.363000311252
-3274.532000009357
-1976.7629999655437
-1088.2109999866325
-499.2070000003459
-259.54800000055167
-49.95100000000693
-39.93400000000284
0.0
0.0
0.0
0.0
-39.92000000000282
-159.72000000003453
-429.1830000007912
-1058.2279999877567
-2685.3939999764893
-4412.251000101792
-6319.119000521342
-8145.88200090957
-9852.997001258538
-10012.665001337777
-10451.969001426982
-10741.285001482258
-10142.391001354676
-9154.497001113106
-7237.955000714621
-6040.066000454822
-4462.7080001240665
-3074.9690000132077
-1916.6199999664138
-1028.3649999876943
-529.1769999998759
-239.62800000047676
-99.79799999994881
-19.961999999999815
-19.961999999999815
0.0
0.0
0.0
0.0
0.0
-39.964000000002876
-129.8009999999757
-309.5140000005632
-878.6149999917907
-1437.6969999780029
-2056.6979999641367
-2795.196999994294
-3843.4620000594946
-4841.887000217424
-5181.311000289224
-5750.075000392525
-5270.986000284933
-4452.539000098634
-3394.335000007482
-2805.210999989245
-2186.225999968732
-1697.1139999719037
-1018.2659999874412
-618.9879999976259
-309.46800000048864
-179.6790000001703
-39.914000000002815
0.0
0.0
0.0
0.0
0.0
0.0
0.0
-19.963999999999814
-9.983999999999904
-9.971000000000085
69.86900000003956
129.64100000014298
109.54700000045545
59.68699999975049
-279.7740000008528
-169.9380000001904
-389.6360000001639
-848.7599999936721
-858.7309999930352
-728.8419999961155
-449.24000000084703
-289.58900000051204
-548.9759999999626
-459.2720000000527
-299.4770000004113
-229.5820000004156
-119.81499999995317
-29.944000000000724
-39.92600000000283
0.0
0.0
0.0
0.0
0.0
0.0
0.0
-19.96999999999981
9.983000000000096
-9.986000000000102
139.72599999993906
389.1880000005162
538.8619999985216
658.6179999957362
688.5869999950365
678.6209999961502
558.8439999988809
439.02899999960886
458.9809999995835
269.34100000054616
179.61500000041266
239.53200000053695
49.943999999974295
-29.954000000000725
-9.929999999999836
-59.87200000002721
10.006000000000123
-0.004
0.0
0.0
0.0
0.0
0.0
0.0
