0.3990000000000003
0.0
0.0
0.0
0.0
0.0
0.0
0.0
0.0
0.0
0.0
0.0
0.0
0.0
0.0
0.0
0.0
0.0
0.0
0.0
0.0
-0.002
-0.07800000000000006
-0.11200000000000009
-0.1340000000000001
-0.014000000000000005
0.0
0.0
0.0
0.0
0.0
0.0
0.0
-0.05700000000000002
-0.08200000000000005
-0.2890000000000002
0.6540000000000005
-0.22800000000000017
-0.06999999999999974
0.18700000000000025
-0.7780000000000006
-0.3820000000000003
-0.06000000000000004
-0.22200000000000017
-0.08300000000000006
0.0
0.0
-0.015000000000000006
0.2710000000000002
0.3110000000000002
0.18100000000000016
-0.2570000000000002
0.13600000000000007
-0.0010000000000006332
0.1820000000000002
0.2370000000000001
-0.03999999999999995
0.12499999999999986
-0.19100000000000011
-0.06400000000000004
0.0
0.0
0.03200000000000002
0.105
-0.024999999999999998
0.3100000000000002
0.054000000000000034
0.2640000000000002
-0.021
0.022999999999999902
0.11400000000000005
0.18600000000000014
-0.22699999999999998
0.24800000000000016
-0.020000000000000004
0.0
0.002
0.3080000000000002
0.43800000000000033
0.044999999999999915
0.14900000000000008
-0.13300000000000026
-0.06399999999999949
0.30300000000000027
0.24200000000000016
0.3900000000000003
-0.06999999999999998
0.3510000000000002
-0.08100000000000004
-0.028000000000000018
0.0
0.002
0.23700000000000018
0.0019999999999999376
-0.07800000000000001
0.042999999999999636
0.2230000000000002
-0.33200000000000024
-0.08499999999999973
-0.006999999999999548
-0.13299999999999998
0.17700000000000016
-0.05900000000000008
-0.35700000000000026
0.14700000000000008
0.0
0.0
0.32400000000000023
0.25500000000000017
0.21000000000000013
-0.22200000000000017
-0.24700000000000016
-0.22900000000000018
-0.19100000000000014
0.06399999999999986
0.23300000000000018
0.3710000000000003
0.21000000000000013
-0.07200000000000015
0.006
0.0
0.0
0.20800000000000016
0.19000000000000014
0.2720000000000002
0.10600000000000004
-0.3020000000000002
-0.07200000000000004
-0.06299999999999982
0.16900000000000018
-0.16799999999999998
0.05200000000000006
-0.05199999999999981
-0.5280000000000004
-0.002
-0.001
0.0
-0.029000000000000022
0.22500000000000017
-0.19700000000000004
-0.35500000000000026
-0.24000000000000016
0.042999999999999955
-0.23100000000000015
-0.19300000000000014
-0.3130000000000002
-0.21000000000000013
-0.3150000000000002
-0.2910000000000002
-0.015000000000000006
-0.001
0.0
-0.007
-0.2720000000000002
-0.14300000000000007
0.030000000000000103
-0.16500000000000012
0.14700000000000016
0.10600000000000034
-0.09599999999999956
0.06300000000000042
-0.35400000000000026
-0.041000000000000064
-0.18700000000000014
-0.002
-0.001
0.0
-0.005
-0.11700000000000009
0.5060000000000003
-0.12200000000000008
-0.046999999999999986
-0.22000000000000008
-0.22500000000000014
0.25800000000000023
-0.105
-0.3940000000000003
-0.3960000000000003
-0.07200000000000005
-0.002
0.0
0.0
-0.005
-0.12800000000000009
0.20400000000000015
0.20600000000000016
-0.05100000000000031
0.18200000000000008
0.12099999999999994
-0.232
0.20100000000000012
-0.04100000000000001
0.056000000000000036
-0.04800000000000004
0.0
0.0
0.0
