0.5000000000000002
0.0
0.0
0.0
0.0
0.0
0.0
0.0
0.0
0.0
0.0
0.0
0.0
0.0
0.0
0.0
0.0
0.0
0.0
0.0
0.0
0.0
0.0
0.0
0.0
0.0
0.0
0.0
0.0
0.0
0.0
0.0
0.0
0.0
0.0
0.0
0.0
0.0
0.0
0.0
0.0
0.0
0.0
0.0
0.0
0.0
0.0
0.0
0.0
0.0
0.0
0.0
0.0
0.0
0.0
0.0
0.0
0.0
0.0
0.0
0.0
0.0
0.0
0.0
0.0
0.0
0.0
0.0
-0.01
-0.01
0.0
0.0
0.0
0.0
0.0
0.0
-0.01
-0.01
-0.01
-0.01
0.0
0.0
0.0
0.0
0.0
0.0
0.0
0.0
0.0
0.0
0.0
0.0
0.0
0.0
0.0
0.0
-0.01
-0.01
-0.01
0.0
-0.01
-0.01
-0.03
-0.02
-0.03
-0.01
-0.01
-0.01
-0.01
0.0
0.0
0.0
0.0
0.0
0.0
0.0
0.0
0.0
0.0
0.0
0.0
0.0
0.0
0.0
-0.04
-0.02
-0.01
-0.05
0.18000000000000002
0.09
3.469446951953614E-18
3.469446951953614E-18
-0.09999999999999999
-0.24000000000000007
-0.17
-0.11999999999999998
-0.02
-0.02
0.0
0.0
0.0
0.0
0.0
0.0
0.0
0.0
0.0
0.0
0.0
0.0
0.0
-0.060000000000000005
-0.10999999999999999
-0.05
0.15
0.21000000000000005
0.19000000000000003
-0.22000000000000006
-0.13999999999999999
-0.21000000000000005
0.11999999999999998
-0.03
0.08
-0.37000000000000016
-0.3300000000000001
-0.12999999999999998
-0.03
-0.01
0.0
0.0
0.0
0.0
0.0
0.0
0.0
0.0
0.0
0.0
0.0
-0.060000000000000005
0.060000000000000005
0.10999999999999999
0.12999999999999998
-0.05
0.20000000000000004
-3.469446951953614E-18
-0.25000000000000006
0.07
-0.09
0.09999999999999999
0.11999999999999998
-0.060000000000000005
-3.469446951953614E-18
0.060000000000000005
-0.3200000000000001
-0.16
-0.08
0.019999999999999997
-0.03
-0.03
0.0
0.0
0.0
0.0
0.0
0.0
0.0
0.07
-0.05
0.08
0.3300000000000001
0.15
0.09
-0.05
-0.16
0.3300000000000001
0.019999999999999997
0.019999999999999997
-3.469446951953614E-18
-0.09
0.009999999999999997
0.22000000000000006
0.11999999999999998
-0.09999999999999999
0.019999999999999997
-0.16
-0.13999999999999999
-0.05000000000000001
0.07
0.0
0.0
0.0
0.0
0.0
0.0
0.01
0.08
-0.08
0.09999999999999999
0.3200000000000001
0.09
0.24000000000000005
0.11999999999999998
0.05
-0.019999999999999997
0.09
0.009999999999999997
0.2800000000000001
0.4400000000000002
0.23000000000000004
-0.15
0.16
0.05
3.469446951953614E-18
0.2800000000000001
-0.19000000000000003
-3.469446951953614E-18
-0.04
-0.01
-0.01
-0.01
0.0
0.0
0.10999999999999999
0.01
0.01
-0.020000000000000004
-0.2800000000000001
-3.469446951953614E-18
0.18000000000000002
0.09
0.19000000000000003
0.23000000000000004
0.26000000000000006
0.04
-0.020000000000000004
0.11999999999999998
0.23000000000000004
0.17
0.26000000000000006
0.05
-0.09999999999999999
0.2800000000000001
0.16
0.15
0.19000000000000003
-0.04
-0.02
-0.01
-0.01
0.0
0.0
0.0
0.01
0.21000000000000005
0.23000000000000007
-3.469446951953614E-18
-3.469446951953614E-18
3.469446951953614E-18
-0.10999999999999999
0.04
-0.11999999999999998
-0.34000000000000014
-0.009999999999999997
-0.030000000000000006
-0.04
0.3900000000000002
0.03
0.25000000000000006
0.26000000000000006
0.24000000000000005
0.16
-0.010000000000000004
-0.08
0.07
-0.08
-0.02
0.0
0.0
0.0
0.0
0.0
0.02
0.2800000000000001
0.16
0.05
-0.07
0.060000000000000005
0.05
0.09
0.11999999999999998
-0.009999999999999997
3.469446951953614E-18
0.060000000000000005
0.26000000000000006
0.4100000000000002
0.3100000000000001
0.3900000000000002
0.24000000000000005
0.2900000000000001
0.04
0.2900000000000001
-0.04
0.07
-0.05
-0.02
0.0
0.0
0.0
0.0
0.0
0.08
0.26000000000000006
0.12999999999999998
-0.020000000000000004
-0.03
-0.22000000000000006
0.020000000000000004
0.07
0.21000000000000005
0.07
-0.37000000000000016
-0.17
-0.09
0.26000000000000006
0.19
0.13999999999999999
0.15
-0.23000000000000004
0.3000000000000001
0.2800000000000001
0.04
0.09999999999999999
-0.09999999999999999
0.0
0.0
0.0
0.0
0.0
0.0
0.060000000000000005
0.3300000000000001
0.12999999999999998
-0.010000000000000004
-0.18000000000000002
-0.17
-0.3200000000000001
-0.17
-0.17
-0.4400000000000002
-0.5700000000000003
-0.3900000000000002
-0.22000000000000003
-0.2800000000000001
0.17
-0.07
0.07
0.07
-0.04
0.009999999999999997
0.04000000000000001
-0.20000000000000004
-0.11999999999999998
-0.02
0.0
0.0
0.0
0.0
0.0
0.060000000000000005
0.21000000000000005
0.13999999999999999
0.03
0.12999999999999998
0.12999999999999998
-0.07
-0.26000000000000006
-0.019999999999999997
-0.2800000000000001
-0.35000000000000014
-0.17
-0.23000000000000004
0.060000000000000005
0.2800000000000001
-0.18000000000000002
-0.020000000000000004
-0.030000000000000006
-0.060000000000000005
0.11999999999999998
0.15
-0.13999999999999999
-0.11999999999999998
-0.02
0.0
0.0
0.0
0.0
0.0
0.0
0.12999999999999998
0.24000000000000007
0.060000000000000005
-0.060000000000000005
-0.09
-0.009999999999999997
-0.08
0.10999999999999999
-0.36000000000000015
-0.5000000000000002
-0.26000000000000006
-0.18000000000000002
-0.13999999999999999
-0.10999999999999999
0.38000000000000017
0.16
0.3100000000000001
0.11999999999999998
0.10999999999999999
-0.05
-0.11999999999999998
-0.060000000000000005
-0.03
0.0
0.0
0.0
0.0
0.0
0.0
0.11999999999999998
0.18000000000000002
0.019999999999999997
0.060000000000000005
-0.15
0.07
-0.20000000000000004
-0.2700000000000001
0.010000000000000004
0.05
-0.21000000000000005
-0.2700000000000001
-0.22000000000000003
-0.009999999999999997
0.13999999999999996
0.16999999999999998
0.4200000000000002
0.12999999999999998
0.09
-0.18000000000000002
-0.019999999999999997
-0.04
0.0
0.0
0.0
0.0
0.0
0.0
0.0
-0.03
0.13999999999999999
0.04
0.17
0.03
0.07
-0.2900000000000001
-0.18000000000000002
0.03
0.09
0.15
0.12999999999999998
0.08
0.009999999999999997
0.3100000000000001
0.08
-3.469446951953614E-18
0.020000000000000004
-0.2700000000000001
-0.20000000000000004
0.020000000000000004
0.11999999999999998
0.02
0.0
0.0
0.0
0.0
0.0
0.0
-0.05
0.13999999999999999
-0.019999999999999997
0.020000000000000004
-0.08
-0.23000000000000004
-0.45000000000000023
-0.5200000000000002
-0.46000000000000024
0.05
-0.030000000000000006
0.08
-0.10999999999999999
0.08
-0.36000000000000015
-0.09
0.18000000000000002
0.05
0.030000000000000006
-0.05
-0.009999999999999997
0.12999999999999998
0.0
0.0
-0.01
0.0
0.0
0.0
0.0
-0.05
-0.07
-0.23000000000000007
-0.4100000000000002
-0.46000000000000024
-0.38000000000000017
-0.09
-0.15
-0.10999999999999999
0.18000000000000002
-0.08
-0.22000000000000006
0.21000000000000005
0.2900000000000001
-0.08
-0.03
-0.13999999999999999
-0.16
-0.04
-0.13999999999999999
-0.09999999999999999
0.07
0.0
0.0
-0.01
0.0
0.0
0.0
0.0
-0.05
-0.15
-0.22000000000000006
-0.4200000000000002
-0.20000000000000004
-0.10999999999999999
-0.09999999999999999
-0.08
0.09999999999999999
0.04
-0.19000000000000003
-0.2700000000000001
0.04
0.04
-0.17
-0.13999999999999999
-0.19000000000000003
0.10999999999999999
0.12999999999999998
-0.04
-0.15
-0.03
0.0
0.0
0.0
0.0
0.0
0.0
0.0
0.0
-0.09
-0.12999999999999998
-0.25000000000000006
0.030000000000000006
0.03
3.469446951953614E-18
-0.22000000000000006
-0.009999999999999997
-0.060000000000000005
-0.05
-0.060000000000000005
-0.17
-0.23000000000000004
0.030000000000000006
-0.019999999999999997
-0.2900000000000001
-0.07
-0.07
-0.11999999999999998
-0.03
-0.03
0.0
0.0
0.0
0.0
0.0
0.0
0.0
0.0
-0.02
0.0
-0.060000000000000005
-0.09999999999999999
0.07
0.020000000000000004
0.019999999999999997
-0.08
0.020000000000000004
-0.09999999999999999
0.04
0.060000000000000005
-0.010000000000000004
-0.009999999999999997
-0.35000000000000014
-0.20000000000000004
-0.03
-0.08
-0.20000000000000004
-0.09999999999999999
0.0
0.0
0.0
0.0
0.0
0.0
0.0
0.0
0.0
-0.02
0.05
0.10999999999999999
0.12999999999999998
-0.11999999999999998
0.060000000000000005
-0.3200000000000001
0.009999999999999997
0.22000000000000006
-0.13999999999999999
0.060000000000000005
-0.18000000000000002
-3.469446951953614E-18
-0.08
-0.16
-0.23000000000000007
-0.09999999999999999
-0.25000000000000006
-0.16
-0.11999999999999998
0.0
0.0
0.0
0.0
0.0
0.0
0.0
0.0
0.0
0.02
0.060000000000000005
0.17
0.38000000000000017
0.23000000000000007
0.060000000000000005
-0.13999999999999999
0.12999999999999998
0.09
-0.12999999999999998
0.04
0.05
0.17
0.13999999999999999
-0.09999999999999999
-0.35000000000000014
-0.16
-0.25000000000000006
-0.15
-0.11999999999999998
0.0
0.0
0.0
0.0
0.0
0.0
0.0
0.0
0.0
-0.01
0.03
0.009999999999999997
0.3100000000000001
0.13999999999999999
0.13999999999999999
0.2900000000000001
0.10999999999999999
0.19000000000000003
0.18000000000000002
0.15
0.05
0.07
0.05
0.04
-0.08
-0.18000000000000002
-0.17
-0.09
-0.05
0.0
0.0
0.0
0.0
0.0
0.0
0.0
0.0
0.0
-0.03
-0.03
-0.020000000000000004
0.15
0.08
0.15
-0.019999999999999997
-0.08
0.09
-0.030000000000000006
-3.469446951953614E-18
-0.09
0.03
0.13999999999999999
0.16
0.18000000000000002
-0.04
-0.060000000000000005
-0.03
-0.03
0.0
0.0
0.0
0.0
0.0
0.0
