0.5020000000000003
0.0
0.0
-0.18600000000000014
-0.036
-0.003
-0.003
-0.001
-0.14699999999999996
0.0
0.5390000000000004
-0.02399999999999974
0.07500000000000603
-2.8275992658421956E-16
0.026999999999999316
0.047000000000009715
0.2410000000000001
1.2009999999999785
0.4560000000000003
0.06599999999999663
0.13200000000000867
0.28200000000000014
0.09499999999998458
0.288
-0.7370000000000005
0.5380000000000004
0.07799999999999241
-0.06600000000001084
-0.2880000000000001
-0.1250000000000105
0.08699999999996319
0.1890000000000014
-0.4870000000000003
-0.8460000000000006
0.22300000000000003
-0.17400000000000004
-0.19299999999999995
-0.1249999999999995
-0.3160000000000003
-0.6520000000000005
-0.23500000000000018
-0.16500000000000012
-0.7180000000000005
0.3090000000000002
0.13600000000000106
0.03400000000000271
0.13799999999999488
0.008999999999998953
-0.024000000000000014
0.0
