-20740.83400376671
0.0
0.0
0.0
0.0
0.0
0.0
0.0
0.0
0.0
0.0
0.0
0.0
0.0
0.0
0.0
0.0
0.0
0.0
0.0
0.0
0.0
0.0
0.0
0.0
0.0
0.0
0.0
0.0
0.0
0.0
0.0
0.0
0.0
0.0
0.0
0.0
0.0
-19.96799999999981
-9.983999999999906
-39.93400000000284
-19.96600000000142
-69.88300000001155
-59.89700000000186
-69.91000000001152
-69.90700000001152
-49.95000000000692
-19.965999999999813
-9.982999999999906
-39.93400000000284
-29.95200000000073
-9.983999999999906
-19.96799999999981
0.0
0.0
0.0
0.0
0.0
0.0
0.0
0.0
0.0
0.0
-19.96799999999981
0.0
-19.96799999999981
-39.93600000000284
-49.926000000006916
-69.94499999999763
-169.79700000018974
-229.65000000044762
-389.4340000003403
-738.8729999952309
-958.4989999894302
-1248.0059999827088
-1277.8849999813378
-1377.734999979642
-978.3699999887136
-728.7949999942232
-479.20500000006507
-189.68600000031176
-129.78399999991962
-29.952000000000726
-19.96799999999981
0.0
0.0
0.0
0.0
0.0
0.0
0.0
0.0
0.0
-39.93400000000284
-99.83299999998154
-159.73200000012562
-279.6100000004974
-619.0629999976242
-878.6919999910034
-1377.9279999796374
-1867.202999968081
-2556.1349999830804
-3155.2280000166948
-3993.854000041328
-3983.7150000531683
-3664.3200000480283
-2955.3900000086105
-2226.634999970693
-1348.008999980463
-609.2039999970385
-349.50200000048204
-129.8419999999199
-59.90000000002724
0.0
0.0
0.0
0.0
0.0
0.0
0.0
-19.965999999999813
-49.94700000000692
-199.71700000026195
-339.48800000065654
-838.7719999931666
-1447.9369999782025
-2157.0599999674528
-3285.396000007039
-4573.341000144427
-6151.116000472676
-7988.299000856731
-9166.592001110894
-9655.864001219968
-9605.977001214984
-9166.589001110895
-7658.937000798941
-6091.229000455807
-4024.092000033934
-2466.527999975864
-1268.231999982147
-778.9069999941645
-329.5200000006884
-59.96200000002732
0.0
0.0
0.0
0.0
0.0
0.0
-49.93300000000691
-179.74700000021107
-489.2800000002014
-1018.612999987975
-1937.1969999660912
-3185.4130000118803
-4992.796000231788
-7119.984000675226
-9566.543001191401
-11723.733001643652
-13990.33500212688
-15528.331002451074
-16656.38600267882
-16596.52800266681
-15428.43200242314
-13840.685002084263
-11314.228001553927
-8308.548000917433
-5272.6650002765855
-3165.7669999958994
-1907.2519999672397
-1098.3449999867205
-349.5430000007442
-79.89999999999519
0.0
0.0
0.0
0.0
0.0
-209.69000000029047
-299.6050000004107
-669.0479999956301
-1687.6779999722387
-2796.016000004813
-4863.21800023435
-7639.13000079651
-10145.877001331002
-13201.660001960807
-15378.297002422805
-18104.318002981105
-19621.783003301534
-19322.357003262463
-19981.419003375402
-17824.676002954162
-16536.683002669208
-14030.21600214033
-10934.740001478202
-7909.157000828191
-4713.643000169148
-2955.6709999937984
-1777.2639999700887
-858.7149999923927
-119.87099999995309
-59.96200000002732
0.0
0.0
-19.96799999999981
-0.006
-109.82099999998951
-319.6020000005272
-798.9769999928569
-1398.1969999779963
-2996.0890000125273
-5402.966000336712
-7799.528000865901
-10645.63400144754
-13611.060002052332
-16397.195002621414
-17665.5350028985
-18134.42000300432
-18244.44200302813
-17595.345002908234
-17745.138002912703
-15878.072002534838
-13721.112002087539
-10895.150001484202
-7419.9120007725705
-5212.991000295688
-3475.1000000210806
-2126.8969999665824
-1158.3559999851213
-279.6310000005412
-69.97300000001144
0.0
0.0
19.965999999999813
59.90300000000187
-59.91900000002727
-129.9040000001442
-339.7090000000642
-789.3949999926202
-2587.108999978998
-4784.072000196016
-8149.398000890048
-11154.958001520576
-13871.227002083158
-14929.718002310348
-15259.163002380947
-15318.991002382223
-15668.334002440342
-15768.158002467182
-15229.218002371908
-14619.945002249618
-13112.170001936533
-10375.858001371627
-7140.430000714925
-5203.043000286025
-3135.906000013183
-1707.620999971059
-958.6899999892818
-349.6000000008755
-39.9840000000029
0.0
0.0
-9.991000000000108
89.88499999998228
109.8170000000322
169.57300000010304
-100.20799999964795
-1129.1379999875514
-2437.339999965552
-4923.995000190801
-8349.227000926137
-11484.594001571415
-12982.586001899614
-13641.722002026912
-12793.187001858203
-12513.13800178151
-12353.319001750142
-12962.55200188519
-13321.818001970516
-13671.090002038234
-12512.934001793179
-9437.333001175532
-6142.06800051059
-4244.506000090783
-2646.693999984881
-1388.181999979357
-738.9739999956021
-109.89999999994669
-19.9899999999998
0.0
0.0
-0.01
129.79099999997564
299.54100000046924
379.30200000058704
-150.22299999967373
-849.3659999928445
-2487.334999974794
-5772.691000385545
-9547.519001181141
-12013.516001710346
-13002.839001922497
-13022.546001913553
-12353.31500175904
-11983.906001685276
-12193.646001740632
-12842.442001881493
-13321.692001980127
-13261.929001958417
-12013.682001685978
-8928.20700105844
-5732.813000397485
-3665.4900000126927
-1997.6339999655493
-819.108999993443
-309.67500000063814
-19.983999999999803
0.0
0.0
0.0
0.0
139.8070000000435
179.69700000033217
89.68000000006404
-519.6350000004727
-1138.8469999841047
-4004.918000031634
-6731.0460006321255
-10385.616001383592
-13381.71600200249
-14100.465002152681
-14090.899002131684
-13860.853002076872
-14000.931002118105
-13551.312002065371
-15208.907002377055
-15488.198002422721
-14369.954002177412
-10945.031001501491
-8259.086000917638
-5253.189000264352
-2527.0479999778568
-1088.9549999867418
-499.65100000034545
-179.84000000017107
-19.970999999999812
-19.96799999999981
0.0
0.0
0.0
129.79699999991968
169.70800000010365
-50.09200000002353
-699.4159999951125
-2097.4489999655048
-5312.675000304531
-8178.823000949835
-12662.11200185386
-14200.176002193537
-14609.439002276136
-15468.857002421984
-16426.910002616227
-16527.018002669873
-17405.35000285294
-18483.413003058977
-17235.956002790073
-13830.745002107877
-11304.284001567854
-8068.884000870559
-4603.925000146824
-2407.14699997272
-1078.872999986392
-599.4379999980362
-229.79200000038495
-9.989999999999903
-19.96799999999981
0.0
0.0
0.0
19.965999999999813
19.90599999999834
-229.8070000004167
-1138.8159999854392
-3175.903000012489
-6131.451000509459
-10025.98200132245
-14020.146002139405
-15408.10800244245
-17265.84600279822
-17974.853002939682
-20300.777003421175
-18982.91500321697
-20190.973003455943
-20280.703003445295
-18084.741002987485
-14469.836002239032
-11493.885001601479
-8008.877000868568
-4583.837000151277
-2437.020999979589
-1298.6279999809888
-699.2439999951166
-199.80500000026237
-0.006
0.0
0.0
0.0
0.0
0.0
-59.956000000001865
-359.58600000055884
-1677.944999973076
-3864.7150000389283
-7080.160000700264
-11253.866001561239
-14878.767002324912
-17185.337002794997
-19212.712003189776
-21389.205003632378
-22357.448003864945
-21598.710003753575
-22317.73000388312
-21119.681003610072
-17765.149002929436
-14449.844002240956
-11233.962001567303
-8018.86000088926
-5222.660000291228
-3205.7069999979067
-1538.2979999756526
-789.2119999936741
-139.912000000096
-19.999999999999794
0.0
0.0
0.0
0.0
0.0
-169.77600000010398
-269.59200000054847
-1957.5709999661228
-4543.7590001322005
-7759.089000830323
-11433.8300016078
-13750.31800212068
-16406.580002649163
-19392.177003230223
-21938.27000375884
-22447.41900390379
-21468.88500372855
-22327.546003855256
-19263.052003226403
-16567.097002685234
-14190.108002184219
-11913.06500169294
-8108.56300091522
-5881.774000432656
-3475.480000028399
-1877.673999967511
-799.1579999930254
-189.84600000027422
-109.90399999994668
0.0
0.0
0.0
0.0
-39.95200000000286
-239.64900000044656
-739.0619999950396
-2426.8099999730653
-5013.148000233579
-7839.075000846081
-10814.767001481881
-13530.802002054075
-16466.670002637784
-18643.119003078893
-19861.336003348126
-19751.42200336847
-19182.453003260573
-20111.182003386508
-17775.309002898648
-15158.889002398033
-14249.855002193575
-12062.991001726894
-8777.669001062284
-6670.61300059669
-3994.767000047901
-2087.34599996502
-998.8249999881311
-339.60300000042
-59.94300000000187
0.0
0.0
0.0
0.0
-79.88799999999522
-359.4040000005588
-1228.2389999835998
-2926.014999997911
-5432.578000327563
-7459.665000780944
-10415.30700138163
-12961.73200191471
-15178.519002363102
-16386.437002622413
-17065.51000277583
-17854.474002939052
-17784.68700291513
-17186.004002776473
-16017.97400254199
-15118.885002375935
-14779.227002284983
-12552.360001829167
-9576.553001221502
-6760.618000629903
-4354.187000100037
-2227.21099997102
-1128.6269999849944
-479.2990000003141
-99.8529999999815
0.0
0.0
0.0
0.0
-49.906000000006905
-499.18600000034587
-1467.8789999772794
-3335.4450000307966
-6021.999000451609
-8368.521000942863
-10016.328001294612
-11973.421001713496
-13531.195002043996
-14769.183002295165
-15108.561002373066
-15747.756002497568
-15917.430002527339
-15717.943002476446
-15947.881002529435
-15248.8260024051
-13910.557002134796
-12512.304001829663
-9666.56400123193
-6021.575000506301
-4184.445000084983
-2217.0819999704886
-998.7409999879949
-359.49800000041563
-99.87399999994864
-39.96600000000288
0.0
0.0
0.0
-99.82899999998153
-609.055999997042
-1897.222999966414
-3824.703000073706
-6650.995000602803
-8758.061001044078
-10455.617001392671
-12662.695001851085
-13501.41700205094
-13910.47400214927
-14539.452002268908
-15418.284002435767
-15817.822002508907
-15797.988002510918
-16566.706002659717
-15708.055002497591
-14579.630002258258
-12272.652001772021
-8687.835001041218
-6001.714000466267
-3595.2400000341904
-2017.4249999647495
-988.624999989259
-309.5660000007127
-19.965999999999813
-39.96600000000288
0.0
0.0
0.0
-139.79900000004346
-868.6679999920908
-2096.9699999655636
-4294.0840001152155
-7120.112000709997
-9576.780001220586
-12262.831001755607
-14140.413002151186
-14589.781002274945
-14999.049002367277
-16127.091002581918
-16866.152002724742
-16666.502002694233
-16257.325002622802
-16986.316002748845
-15738.072002502426
-13740.710002081221
-10415.656001402815
-7619.409000802529
-4853.446000227971
-2686.3589999960354
-1587.9129999747531
-679.0469999961402
-219.70500000035406
-19.97199999999981
0.0
0.0
0.0
0.0
-129.8049999999757
-698.9319999965063
-1907.1509999671696
-3794.5750000534817
-6450.926000582787
-9017.522001127396
-11463.825001630581
-13780.845002104776
-15598.206002473498
-17016.005002751568
-18054.63500295811
-17585.22200288625
-17206.049002808555
-16726.566002709525
-16696.774002669554
-13681.124002075983
-11025.065001527226
-8748.077001028108
-5842.015000431868
-3924.6790000417222
-2037.294999963683
-1028.6329999879565
-419.4450000000515
-119.82100000000413
-39.93700000000285
0.0
0.0
0.0
0.0
-69.88600000001155
-349.46500000061303
-1168.2679999850754
-2975.7369999886446
-5572.208000344319
-8268.42800093543
-10215.676001375818
-12532.662001847382
-14220.202002196673
-15858.082002520634
-16207.416002603446
-15778.20800252632
-15258.975002412137
-14450.20400222581
-12862.832001883939
-10096.466001344064
-7859.654000875498
-6052.081000465361
-3914.849000034161
-2516.701999975667
-1248.3989999824785
-599.2179999980414
-309.5800000004884
-89.888000000003
-19.97199999999981
0.0
0.0
0.0
0.0
-19.96799999999981
-209.68900000029046
-599.168999998273
-1308.1809999813593
-3325.398999995642
-5542.194000329794
-7609.5230007904975
-9866.341001261553
-11523.858001614673
-12123.21200177452
-12922.466001930698
-12992.096001936327
-11983.495001717296
-10615.759001419134
-8798.212001043124
-7430.210000744216
-5572.81800034773
-3755.0820000243907
-2186.999999968084
-1188.439999984385
-499.33299999955955
-239.66400000053767
-179.72600000013006
0.0
0.0
0.0
0.0
0.0
0.0
0.0
-99.86999999994865
-299.6290000005274
-549.2479999994534
-1208.3729999838217
-1737.705999970508
-2636.6519999841707
-3944.841000024754
-5352.912000303126
-6221.697000511292
-6920.7280006334395
-6531.29400056321
-6261.722000475978
-5552.737000304501
-4234.483000051213
-3405.394000006737
-2556.5459999797004
-1557.9279999752116
-808.8869999917094
-549.2769999992013
-219.7360000004535
-139.8310000000436
-59.90600000002725
0.0
0.0
0.0
0.0
0.0
0.0
0.0
-19.96799999999981
-29.97400000000073
10.003999999999893
-10.05300000000019
199.6490000003344
169.57400000061696
-30.258999999828358
-309.7710000010889
-579.4359999996452
-379.7660000000892
-779.0509999955788
-619.3150000002938
-419.446000002498
-429.406000001216
-429.31399999930596
-838.752999993167
-469.3049999999367
-339.4730000000658
-229.659000000416
-99.91599999994854
-9.986999999999904
-39.94800000000286
0.0
0.0
0.0
0.0
0.0
0.0
0.0
0.0
0.01
29.97300000000073
209.64400000032492
499.1519999998221
658.8569999957303
788.6429999928127
808.6219999918865
908.4429999904432
648.8699999958217
588.9339999972029
509.07999999835533
628.9219999970866
349.3919999998278
269.55400000055505
9.978999999999704
-0.021000000000000005
-29.94400000000073
-69.89800000002546
-9.966999999999915
-19.96799999999981
0.0
0.0
0.0
0.0
0.0
0.0
