0.5200000000000004
0.0
0.0
0.0
0.0
0.0
0.0
0.0
0.0
0.0
0.0
0.0
0.0
0.0
0.0
0.0
0.0
0.0
0.0
0.0
-0.008
-0.06600000000000004
-0.23200000000000018
-0.09900000000000007
-0.007
-0.003
-0.002
0.0
0.0
0.0
0.0
0.0
0.0
-0.026999999999999996
-0.23900000000000018
-0.22200000000000017
0.6380000000000005
-0.04800000000000022
-0.06500000000000031
0.3530000000000004
-0.6310000000000004
-0.46000000000000035
-0.2490000000000002
0.08600000000000008
-0.19700000000000015
-0.011000000000000003
0.0
-0.024000000000000014
0.47700000000000037
0.22700000000000015
0.3230000000000003
-0.09500000000000004
0.27400000000000013
0.09099999999999987
0.0820000000000001
0.11400000000000016
-0.0300000000000003
0.20700000000000007
-0.4270000000000003
0.02100000000000001
0.0
0.0
0.12700000000000009
0.19100000000000014
0.09800000000000005
0.2810000000000002
0.17300000000000013
0.0650000000000002
0.21100000000000016
-0.09299999999999997
0.1420000000000001
0.25500000000000017
0.24300000000000016
0.2730000000000002
-0.20100000000000015
0.0
0.0
0.6220000000000004
0.5120000000000003
-0.19900000000000012
-0.12400000000000028
-0.06400000000000047
0.14800000000000016
0.18300000000000013
0.35900000000000026
0.4040000000000003
-0.03699999999999998
0.22100000000000014
-0.09100000000000015
-0.20300000000000015
0.0
0.0
0.44500000000000034
0.031000000000000028
-0.16200000000000012
0.2410000000000001
0.051000000000000184
-0.4820000000000004
-1.6219664500383146E-16
-0.06599999999999998
-0.10400000000000006
0.04200000000000004
0.18300000000000013
-0.1750000000000001
-0.5360000000000004
0.0
0.0
0.3840000000000003
0.34900000000000025
0.036000000000000074
-0.4150000000000003
-0.1890000000000001
-0.1440000000000001
-0.4010000000000003
0.08499999999999991
0.3710000000000003
0.2710000000000002
-0.10700000000000028
-0.1830000000000002
-0.48000000000000037
0.0
0.0
0.5910000000000004
0.003999999999999926
0.14200000000000004
0.36100000000000027
-0.21800000000000014
-0.10300000000000017
-0.10500000000000015
0.13300000000000003
-0.2790000000000002
0.24100000000000016
0.025999999999999905
-0.05500000000000009
0.3970000000000003
-0.039
0.0
-0.12500000000000008
0.17400000000000013
-0.32100000000000023
-0.49600000000000033
0.017999999999999957
-0.044999999999999915
-0.19400000000000012
-0.21300000000000016
-0.20800000000000013
-0.19400000000000014
0.03399999999999949
-0.1950000000000002
-0.11800000000000009
0.0
0.0
-0.012000000000000004
-0.34400000000000025
-0.2610000000000002
0.08300000000000009
-0.19700000000000026
-0.14200000000000007
0.16600000000000012
-0.19100000000000011
-0.24600000000000025
-0.6580000000000005
-0.18600000000000014
-0.5650000000000004
-0.005
-0.001
0.0
-0.010000000000000002
-0.023999999999999994
0.3010000000000002
-0.07300000000000025
-0.01100000000000036
-0.12000000000000005
-0.21600000000000016
0.1250000000000002
0.05300000000000035
-0.3170000000000002
-0.5480000000000004
-0.22500000000000017
-0.001
0.0
0.0
-0.18300000000000013
-0.1380000000000001
0.47200000000000036
0.25000000000000017
0.18000000000000013
0.16800000000000012
0.24600000000000016
0.1530000000000001
0.19300000000000014
0.34300000000000025
0.35800000000000026
-0.034999999999999934
0.0
0.0
0.0
