40.92000000000043
0.0
0.0
-1.8600000000000012
-3.5399999999999863
-8.249999999999913
-3.439999999999972
0.0
4.379999999999913
0.22000000000000006
27.68000000000179
123.18999999999785
15.259999999995921
-51.230000000006584
-58.929999999993086
35.8900000000008
-5.4600000000003215
31.880000000000837
149.01000000000772
-60.51999999999922
-64.89999999999344
213.14999999999074
7.609999999999052
40.409999999998284
1.3099999999999543
22.490000000001203
-41.58999999999834
-28.010000000006904
-160.57000000001366
-46.86000000000876
93.7600000000033
46.520000000006206
7.449999999999932
5.979999999999917
254.21999999999085
-102.28999999998697
-71.37999999999371
-12.800000000001996
-60.179999999997506
-130.36000000000803
-13.870000000000015
-0.6100000000000003
-20.109999999999392
66.41999999999987
25.57000000000205
18.189999999997557
-31.81000000000276
-81.91000000000263
10.09999999999983
0.0
