0.06900000000000005
0.0
0.0
0.0
0.0
0.0
0.0
0.0
0.0
0.0
0.0
0.0
0.0
0.0
0.0
0.0
0.0
0.0
0.0
0.0
0.0
0.0
0.0
0.0
0.0
0.0
0.0
0.0
0.0
0.0
0.0
0.0
0.0
0.0
0.0
0.0
0.0
0.0
0.0
0.0
0.0
0.0
0.0
0.0
0.0
0.0
0.0
0.0
0.0
0.0
0.0
0.0
0.0
0.0
0.0
0.0
0.0
0.0
0.0
0.0
0.0
0.0
0.0
0.0
0.0
0.0
0.0
0.0
0.0
0.0
0.0
0.0
0.0
0.0
0.0
0.0
0.0
0.0
0.0
0.0
0.0
0.0
0.0
0.0
0.0
0.0
0.0
0.0
0.0
0.0
0.0
0.0
0.0
0.0
0.0
-0.002
0.0
-0.004
-0.004
-0.002
-0.008
-0.006
-0.004
-0.002
-0.003
-0.004
-0.001
-0.001
-0.002
0.0
0.0
0.0
0.0
0.0
0.0
0.0
0.0
0.0
0.0
0.0
0.0
0.0
-0.002
-0.004
-0.007
-0.003
-0.003
-0.009000000000000001
0.006
0.0
-0.004
-0.003
-0.004
-0.015000000000000003
-0.016
-0.012
-0.004
-0.002
-0.004
-0.002
0.0
0.0
0.0
0.0
0.0
0.0
0.0
0.0
0.0
0.0
-0.006
-0.004
-0.009000000000000001
-0.020000000000000004
0.014000000000000002
0.02600000000000001
0.03700000000000002
-0.009000000000000005
-0.011999999999999995
-0.03900000000000002
-0.009000000000000011
-0.011
0.026000000000000002
-0.054000000000000034
-0.044000000000000025
-0.02700000000000001
-0.015
-0.015000000000000001
-0.012
0.0
0.0
0.0
0.0
0.0
0.0
0.0
0.0
0.0
-0.004
-0.004
0.029000000000000012
0.014
0.024000000000000007
0.06500000000000004
0.009000000000000003
-0.02000000000000001
-0.014999999999999994
0.01800000000000001
0.005
0.04100000000000002
0.004000000000000004
-9.999999999999983E-4
-0.00499999999999999
-0.024
-0.018000000000000002
0.02700000000000001
-0.013000000000000001
-0.006
-0.030000000000000013
-0.01
0.0
0.0
0.0
0.0
0.0
0.0
-0.002
0.002
0.005000000000000001
0.003000000000000008
0.04100000000000002
0.010000000000000012
0.004
0.01900000000000001
0.0010000000000000104
0.025000000000000015
0.004999999999999997
0.016999999999999967
-0.04100000000000003
-0.013999999999999985
0.007000000000000004
0.057000000000000044
0.008999999999999998
0.034000000000000016
8.673617379884035E-18
-0.0029999999999999966
-0.024000000000000007
-0.02700000000000001
-0.009000000000000001
-0.006
-0.006
-0.006
0.0
0.0
0.0
-0.001
0.006
-0.003
0.022000000000000006
0.02600000000000001
-9.999999999999966E-4
0.06200000000000004
0.036000000000000025
0.022000000000000006
-0.002000000000000012
-0.016000000000000007
0.016000000000000014
0.027000000000000024
0.016000000000000007
0.01100000000000002
0.026000000000000002
0.035000000000000024
-3.469446951953614E-18
0.004999999999999993
0.05200000000000003
-0.013000000000000001
-0.020000000000000004
0.007
-0.003
-0.006
-0.006
0.0
0.0
0.01
0.012
0.005
0.023
-0.001
0.005
0.011999999999999992
0.02200000000000002
0.056000000000000036
0.03900000000000002
0.038000000000000034
0.043000000000000024
0.032000000000000015
0.011000000000000006
0.02000000000000001
-0.002
0.03600000000000003
0.006000000000000007
-0.02600000000000001
0.02500000000000001
0.034000000000000016
0.04800000000000003
0.004
0.007000000000000001
0.0
0.0
0.0
0.0
0.0
0.0
0.005
0.017
0.03700000000000002
0.029000000000000005
0.00899999999999999
0.02800000000000001
-0.002
-0.019999999999999997
-0.00799999999999998
-0.004
0.005000000000000007
-0.001
0.045000000000000026
0.004000000000000007
0.03600000000000002
0.05300000000000003
0.07700000000000005
0.00599999999999999
0.007999999999999997
-0.013999999999999997
-0.02800000000000001
0.011000000000000001
0.007000000000000001
0.0
0.0
0.0
0.0
0.0
0.0
0.01
0.020000000000000004
-0.004
-0.019000000000000003
0.003
0.008000000000000005
0.014999999999999993
-0.010000000000000018
0.017999999999999988
-0.007999999999999998
-0.005
0.023000000000000007
0.028000000000000018
0.04900000000000003
0.03600000000000002
0.05200000000000002
0.07000000000000005
0.026999999999999996
-0.01
0.0030000000000000044
0.011999999999999993
0.006
0.009000000000000001
-0.002
-0.001
0.0
0.0
0.0
0.0
0.012
0.022000000000000006
0.019000000000000003
0.012
-0.004000000000000002
-0.023000000000000007
0.01200000000000001
0.010000000000000007
-0.00899999999999999
-0.012000000000000009
-0.04400000000000003
-0.020000000000000004
-0.013000000000000006
0.0050000000000000105
0.030000000000000006
0.031000000000000007
0.047000000000000035
-9.999999999999966E-4
0.010000000000000004
0.045000000000000026
0.017
0.007000000000000001
-0.01
-0.004
-0.002
0.0
0.0
0.0
0.0
0.006
0.02700000000000001
-0.006
0.033000000000000015
-0.044000000000000025
-0.017999999999999988
-0.04100000000000002
-0.001
0.0
-0.04200000000000002
-0.043000000000000024
-0.06900000000000005
-0.03200000000000003
0.002
0.043000000000000024
0.00799999999999999
-0.003
0.011999999999999978
-0.002000000000000007
0.003999999999999997
-9.999999999999992E-4
-0.007
-0.008
-0.001
-0.004
0.0
0.0
0.0
0.0
0.012
0.008
0.004
0.016
0.029000000000000012
0.0019999999999999983
0.013000000000000003
-0.022
9.99999999999993E-4
-0.06400000000000004
-0.08000000000000006
-0.05000000000000003
-0.03300000000000001
-0.020000000000000018
-0.008
-0.012000000000000007
0.0030000000000000183
0.010000000000000014
0.002999999999999994
-0.001
-0.006
0.002
-0.013000000000000001
0.005
-0.002
0.0
0.0
0.0
0.0
0.0
0.009000000000000001
0.015000000000000003
0.014
0.009000000000000001
0.021000000000000005
-0.02700000000000001
0.007000000000000007
-0.00399999999999999
0.0040000000000000036
-0.09400000000000007
-0.06300000000000004
-0.023000000000000007
-0.008999999999999994
-0.008999999999999987
0.02699999999999999
-0.003999999999999983
0.017999999999999988
0.017999999999999995
0.03500000000000002
-0.008
0.013999999999999999
0.001
0.013000000000000001
-0.002
0.0
0.0
0.0
0.0
0.0
0.001
0.006
0.037000000000000026
0.024000000000000007
-0.030000000000000013
0.04700000000000003
-0.04500000000000001
-0.032000000000000015
-0.03200000000000001
-0.0019999999999999957
-0.03800000000000001
-0.007999999999999986
-0.08600000000000006
-0.016
0.04300000000000001
0.013999999999999992
0.06700000000000003
0.002000000000000007
-0.01
-0.012
-0.004
-0.018000000000000002
-0.002
-0.002
0.0
0.0
0.0
0.0
0.0
0.018000000000000002
0.0
-0.031000000000000014
-0.007
0.006
-0.022000000000000006
-0.01800000000000001
-0.017000000000000026
0.007999999999999983
0.017
-0.022
0.026000000000000023
-0.0010000000000000104
0.029999999999999978
-0.00599999999999999
0.001
-0.0010000000000000035
-0.030000000000000013
-0.026000000000000016
-0.01600000000000001
-0.001
0.001
-0.002
0.0
0.0
0.0
0.0
0.0
0.016
0.024000000000000007
-0.006
-0.02800000000000001
-0.020000000000000004
-0.03900000000000002
-0.015000000000000001
-0.07000000000000005
-0.013999999999999986
-0.005
-0.016
-0.011000000000000003
0.029000000000000012
-0.0020000000000000052
-0.028000000000000018
-0.043000000000000045
0.015000000000000006
0.04200000000000001
0.016999999999999994
-0.011999999999999997
-0.015000000000000003
-0.008
0.006
-0.001
0.0
-0.002
0.0
0.0
0.0
0.016
0.01
-0.010000000000000002
-0.021000000000000008
-0.03500000000000002
-0.02700000000000001
-0.02500000000000001
-0.02700000000000001
-0.02900000000000002
0.012999999999999994
-0.026000000000000016
0.04800000000000003
0.003
0.005999999999999997
0.005999999999999994
-0.05100000000000003
-0.03200000000000002
-0.012000000000000005
-0.021000000000000005
-0.018999999999999996
-0.015
-0.014
0.016
-0.002
0.0
-0.002
0.0
0.0
0.0
0.0
0.0
-0.012
-0.034000000000000016
-0.029000000000000012
0.010000000000000002
-1.734723475976807E-18
-0.015
-0.051000000000000024
-0.003000000000000002
-0.007
-0.04000000000000002
-0.024000000000000007
-0.020000000000000004
-0.021000000000000005
-0.07100000000000005
-0.013000000000000001
-0.023000000000000007
-0.018000000000000002
-0.007
0.002
-0.024000000000000007
-0.008
-0.002
-0.002
0.0
0.0
0.0
0.0
0.0
0.0
0.0
-0.02500000000000001
0.0
0.008
0.019000000000000003
-0.005
-0.02800000000000001
0.036000000000000025
-0.014999999999999951
0.00799999999999999
-0.02000000000000001
-0.017
-0.014999999999999996
0.021000000000000005
-0.032000000000000015
-0.05200000000000003
-0.024000000000000014
-0.044000000000000025
-0.004
-0.014
-0.006
-0.002
-0.001
0.0
0.0
0.0
0.0
0.0
0.0
-0.006
-0.002
-0.02600000000000001
-0.003
0.02600000000000001
-0.021000000000000005
0.018000000000000016
0.0020000000000000104
-0.013000000000000005
0.014000000000000002
0.006999999999999994
0.008
-0.028000000000000004
-0.019000000000000003
-0.03800000000000002
-0.05900000000000004
-0.015000000000000003
-0.015000000000000006
-0.014000000000000004
-0.012
-0.004
-0.002
-0.002
0.0
0.0
0.0
0.0
0.0
-0.002
-0.009000000000000001
0.007000000000000001
0.020000000000000004
-0.011999999999999993
-0.03600000000000002
-0.008
-0.019000000000000003
-0.013000000000000005
0.030000000000000013
-0.06200000000000004
0.020000000000000004
0.009999999999999998
0.042000000000000016
-0.0030000000000000035
-0.02000000000000001
-0.06200000000000004
-0.043000000000000024
0.0
-0.030000000000000013
-0.013
-0.002
0.0
0.0
0.0
0.0
0.0
0.0
0.0
-0.004
0.004
0.019000000000000003
0.03300000000000002
0.020000000000000004
0.05700000000000004
0.013999999999999995
-0.023000000000000007
-0.018000000000000002
-0.02300000000000002
0.011
0.04600000000000003
0.019000000000000003
-0.009999999999999993
0.012
0.003000000000000001
-0.06200000000000004
-0.01800000000000001
0.003
-0.015
-0.017
-0.002
0.0
0.0
0.0
0.0
0.0
0.0
0.0
0.0
0.0
0.022000000000000006
0.008000000000000002
0.02600000000000001
0.008000000000000004
0.013000000000000006
0.04800000000000003
0.028000000000000018
0.020000000000000004
0.013999999999999985
9.99999999999994E-4
0.04100000000000002
0.06000000000000004
0.0010000000000000035
0.020000000000000004
-0.019000000000000003
-0.001
0.001
-0.013000000000000001
-0.007
-0.002
0.0
0.0
0.0
0.0
0.0
0.0
0.0
0.0
0.0
0.022000000000000006
0.007000000000000003
0.008000000000000004
0.0
0.030000000000000013
-0.007000000000000003
0.020000000000000004
0.023000000000000007
0.019000000000000003
0.007
0.024000000000000007
0.018000000000000002
0.034000000000000016
0.04700000000000003
0.021000000000000005
0.02800000000000001
0.01800000000000001
0.033000000000000015
-0.006
0.0
0.0
0.0
0.0
0.0
0.0
