31.630000000002145
0.0
0.0
0.0
0.0
0.0
0.0
0.0
0.0
0.0
0.0
0.0
0.0
0.0
0.0
0.0
0.0
0.0
0.0
0.0
-3.4900000000000024
-5.940000000000004
-0.7800000000000004
-0.5100000000000002
-0.9600000000000005
-1.4200000000000008
-1.3900000000000008
0.0
0.0
0.0
0.0
0.0
0.0
-0.03
-0.3100000000000004
2.88000000000002
21.019999999999772
-4.0000000000000195
-18.18999999999984
-2.7900000000004304
-19.319999999999066
-12.529999999999795
-5.909999999999959
2.9899999999998688
-5.039999999999937
0.0
0.0
-0.02
51.68000000000051
53.820000000000604
38.920000000001515
-22.929999999999776
4.360000000000139
-3.4099999999999446
-16.14000000000006
0.6400000000000134
-5.25
-4.099999999999741
-2.7899999999999587
5.579999999999923
-0.36000000000000004
0.0
14.279999999999784
27.849999999999334
19.729999999999784
34.900000000001455
1.3700000000000034
-7.220000000000074
11.719999999999288
11.41000000000007
16.939999999999962
3.179999999999618
1.9900000000000282
1.1700000000000006
1.8400000000000014
-0.18000000000000002
0.4400000000000002
16.209999999999777
26.449999999998244
-27.449999999999065
7.400000000000185
-14.600000000000016
6.57999999999965
11.709999999999118
29.029999999999944
37.310000000001146
25.70000000000006
-17.809999999999718
6.119999999999964
-7.689999999999898
0.0
0.4400000000000002
22.77000000000028
4.430000000000194
-41.090000000001496
-17.13000000000032
-5.2799999999997675
-45.09999999999639
-14.289999999999834
-19.670000000001995
-30.949999999998102
-1.3900000000000803
-3.38000000000001
-36.3699999999998
-15.739999999999775
0.0
0.0
8.409999999999865
23.71000000000027
19.88999999999953
-19.199999999999726
1.1799999999998405
-24.72999999999884
-8.43000000000005
-16.430000000000284
21.660000000000124
37.29000000000131
16.9799999999997
3.3499999999999917
3.0200000000000418
0.0
0.0
-1.300000000000001
25.470000000000216
36.690000000000204
20.71000000000044
-34.28999999999816
-8.050000000001605
7.320000000000293
-5.209999999999983
3.3200000000007326
-4.51999999999997
16.329999999999764
11.700000000000001
5.089999999999932
0.0
0.0
3.569999999999968
-0.1600000000000005
-13.210000000000004
-36.3999999999998
-11.91999999999984
12.219999999999759
7.510000000000091
-4.360000000000028
-25.910000000001606
-30.27999999999895
-27.359999999998788
-23.529999999999788
-0.3200000000000001
0.0
0.0
-0.02
-11.339999999999893
-27.180000000000636
-6.810000000000061
-15.339999999999637
9.78999999999967
12.429999999999849
5.54999999999999
18.49999999999899
-38.069999999999254
-16.769999999999705
-20.070000000000054
-0.18000000000000002
0.0
0.0
-0.05
-0.3499999999999993
14.859999999999816
29.809999999997636
-3.84000000000007
9.219999999999905
-0.4099999999999708
12.359999999999566
-14.389999999999505
-39.14999999999993
-19.279999999999806
-12.349999999999786
0.0
0.0
0.0
-0.9600000000000006
-2.2299999999999964
10.199999999999891
4.729999999999829
-10.869999999999942
-18.599999999999685
3.929999999999777
-9.020000000000012
6.940000000000097
1.2899999999999585
1.3500000000000005
-7.350000000000155
0.0
0.0
0.0
