0.8000000000000005
0.0
0.0
0.0
0.0
0.0
0.0
0.0
0.0
0.0
0.0
0.0
0.0
0.0
0.0
0.0
0.0
0.0
0.0
0.0
0.0
0.0
0.0
0.0
0.0
0.0
0.0
0.0
0.0
0.0
0.0
0.0
0.0
0.0
0.0
0.0
0.0
0.0
0.0
0.0
0.0
0.0
0.0
0.0
0.0
0.0
0.0
0.0
0.0
0.0
0.0
0.0
0.0
0.0
0.0
0.0
0.0
0.0
0.0
0.0
0.0
0.0
0.0
0.0
0.0
0.0
0.0
0.0
-0.03
-0.03
0.0
0.0
0.0
0.0
0.0
0.0
0.0
0.0
0.0
0.0
0.0
0.0
0.0
0.0
0.0
0.0
0.0
0.0
0.0
0.0
0.0
0.0
0.0
0.0
0.0
-0.02
-0.03
-0.03
-0.03
0.0
-0.01
-0.01
-0.060000000000000005
-0.060000000000000005
-0.060000000000000005
-0.02
-0.02
-0.03
-0.02
-0.01
0.0
0.0
0.0
0.0
0.0
0.0
0.0
0.0
0.0
0.0
0.0
0.0
-0.01
-0.03
-0.07
-0.04
-0.09999999999999999
-0.12999999999999998
0.16
0.060000000000000005
-0.07
-0.07
-0.09
-0.23000000000000007
-0.10999999999999999
-0.09
-0.07
-0.05
-0.01
0.0
0.0
0.0
0.0
0.0
0.0
0.0
0.0
0.0
0.0
0.0
-0.01
-0.02
-0.09999999999999999
-0.11999999999999998
0.030000000000000006
0.3200000000000001
0.2900000000000001
-0.25000000000000006
-0.19000000000000003
-0.2900000000000001
0.05000000000000001
0.060000000000000005
0.21000000000000005
-0.4300000000000002
-0.5000000000000002
-0.3000000000000001
-0.17
-0.060000000000000005
-0.04
-0.060000000000000005
-0.01
-0.01
0.0
0.0
0.0
0.0
0.0
0.0
0.0
-0.01
0.22000000000000006
0.21000000000000005
0.4100000000000002
0.3000000000000001
0.11999999999999998
-0.12999999999999998
-0.24000000000000005
0.24000000000000007
0.2800000000000001
0.08
-0.12999999999999998
-0.22000000000000003
0.19000000000000003
0.060000000000000005
-0.3100000000000001
0.020000000000000004
0.05
-0.05
-0.10999999999999999
-0.060000000000000005
-0.02
0.0
0.0
0.0
0.0
-0.05
0.0
0.02
0.13999999999999999
0.08
0.5200000000000002
0.009999999999999997
-0.09
0.36000000000000015
-0.10999999999999999
0.36000000000000015
-0.11999999999999998
0.05000000000000001
-3.469446951953614E-18
0.08
0.21000000000000005
0.26000000000000006
0.3000000000000001
0.10999999999999999
-0.04000000000000001
-0.009999999999999997
-0.060000000000000005
-0.22000000000000006
-0.060000000000000005
-0.04
0.0
0.0
0.0
0.0
0.0
0.01
0.07
0.05
0.11999999999999998
0.25000000000000006
-0.13999999999999999
0.6100000000000003
0.3100000000000001
0.010000000000000004
-0.23000000000000004
-0.010000000000000004
-0.11999999999999998
0.20000000000000004
0.4200000000000002
0.24000000000000005
-0.24000000000000005
0.18000000000000002
0.03
-0.11999999999999998
0.4800000000000002
-0.13999999999999999
-0.17
0.07
-0.03
0.0
0.0
0.0
0.0
0.0
0.03
0.019999999999999997
-0.010000000000000004
-0.2800000000000001
-3.469446951953614E-18
0.07
-0.09999999999999999
0.12999999999999998
0.38000000000000017
0.5200000000000002
0.24000000000000005
-0.030000000000000006
-3.469446951953614E-18
0.3000000000000001
0.09
0.16
0.25000000000000006
-0.08
0.24000000000000005
0.4400000000000002
0.25000000000000006
-0.030000000000000006
0.11999999999999998
0.0
0.0
0.0
0.0
0.0
0.0
0.03
0.2700000000000001
0.4200000000000002
0.15
0.03
0.09
-0.19000000000000003
-0.09
-0.20000000000000004
-0.10999999999999999
-0.21000000000000005
-0.17
0.2700000000000001
0.19000000000000003
-0.03
0.5600000000000003
0.5600000000000003
0.10999999999999999
0.10999999999999999
-0.010000000000000004
0.060000000000000005
3.469446951953614E-18
-0.04
-0.02
0.0
0.0
0.0
0.0
0.0
0.02
0.26000000000000006
0.10999999999999999
-0.18000000000000002
-0.060000000000000005
0.16
0.2700000000000001
0.010000000000000004
0.13999999999999999
-0.060000000000000005
0.10999999999999999
0.2900000000000001
0.10999999999999999
0.6800000000000004
0.5000000000000002
0.37000000000000016
0.5900000000000003
0.21000000000000005
0.03
0.25000000000000006
0.060000000000000005
0.019999999999999997
-0.03
-0.02
0.0
0.0
0.0
0.0
0.0
0.0
0.24000000000000007
0.18000000000000002
-0.060000000000000005
0.11999999999999998
-0.04
0.17
-0.19000000000000003
0.24000000000000007
0.26000000000000006
-0.4300000000000002
-0.11999999999999998
-0.09
0.07
0.2900000000000001
0.009999999999999997
0.16999999999999998
-0.20000000000000004
0.15
0.15
0.060000000000000005
0.18000000000000002
-0.15
0.0
0.0
0.0
0.0
0.0
0.0
0.0
0.2700000000000001
0.009999999999999997
0.15
-0.17
-0.2700000000000001
-0.2900000000000001
-0.03
-0.09999999999999999
-0.36000000000000015
-0.2900000000000001
-0.35000000000000014
-0.13999999999999999
-0.25000000000000006
0.2700000000000001
-0.3300000000000001
0.09
0.10999999999999999
0.13999999999999999
0.07
0.12999999999999998
-0.16
-0.09999999999999999
0.08
0.0
0.0
0.0
0.0
0.0
0.0
0.22000000000000006
0.05
0.16
0.2700000000000001
-0.16
-0.10999999999999999
-0.38000000000000017
-0.04
-0.5600000000000003
-0.23000000000000004
-0.08
-0.3000000000000001
-0.08
0.2900000000000001
-0.2900000000000001
-0.13999999999999999
0.15
0.009999999999999997
0.060000000000000005
3.469446951953614E-18
-0.09
-0.13999999999999999
0.09999999999999999
0.0
0.0
0.0
0.0
0.0
0.0
0.16
0.18000000000000002
0.25000000000000006
0.009999999999999997
0.04
-0.11999999999999998
0.03
0.03
-0.10999999999999999
-0.5400000000000003
-0.4800000000000002
-0.23000000000000004
-0.08
0.23000000000000004
0.25000000000000006
0.17
0.24000000000000005
0.12999999999999998
0.17
-0.22000000000000006
-0.09999999999999999
3.469446951953614E-18
0.09
-0.01
0.0
0.0
0.0
0.0
-0.01
0.15
0.11999999999999998
0.24000000000000005
0.20000000000000004
-0.25000000000000006
0.18000000000000002
-0.20000000000000004
-0.24000000000000005
-0.25000000000000006
-0.060000000000000005
-0.21000000000000002
-0.22000000000000003
-0.5200000000000002
-0.08
0.45000000000000023
0.09
0.5900000000000003
0.09999999999999999
0.020000000000000004
-0.10999999999999999
0.12999999999999998
0.020000000000000004
0.03
0.0
0.0
0.0
0.0
0.0
-0.01
-0.07
0.25000000000000006
-0.08
0.12999999999999998
-0.05000000000000001
0.019999999999999997
-0.2800000000000001
-0.22000000000000006
0.25000000000000006
0.009999999999999997
-0.05
-3.469446951953614E-18
0.15
0.05
0.35000000000000014
-0.04
-0.26000000000000006
-0.10999999999999999
-0.18000000000000002
-0.26000000000000006
0.09
0.13999999999999999
0.04
0.0
0.0
0.0
0.0
0.0
0.060000000000000005
-0.009999999999999997
0.15
-0.009999999999999997
-0.10999999999999999
-0.18000000000000002
-0.21000000000000005
-0.36000000000000015
-0.3200000000000001
-0.03
-0.22000000000000006
0.009999999999999997
0.16
0.09
-0.12999999999999998
-0.36000000000000015
-0.16
0.2700000000000001
0.020000000000000004
-0.05
-0.23000000000000007
-0.07
0.09
0.0
0.0
0.0
0.0
0.0
0.0
0.060000000000000005
-0.060000000000000005
-0.05
-0.24000000000000007
-0.4300000000000002
-0.4400000000000002
-0.38000000000000017
-0.36000000000000015
-0.15
0.060000000000000005
-0.13999999999999999
0.16
-0.18000000000000002
-0.12999999999999998
0.05
-0.38000000000000017
-0.009999999999999997
-0.18000000000000002
-0.24000000000000007
-0.019999999999999997
-0.18000000000000002
-0.03
0.11999999999999998
0.0
0.0
0.0
0.0
0.0
0.0
0.0
-0.08
-0.12999999999999998
-0.2700000000000001
-0.3100000000000001
-0.18000000000000002
-0.2700000000000001
-0.07
-0.12999999999999998
0.05000000000000001
-0.07
-0.2
-0.2800000000000001
0.04
-0.16
-0.34000000000000014
-0.09
-0.10999999999999999
-0.009999999999999997
0.19000000000000003
-0.05
-0.21000000000000005
-0.01
0.0
0.0
0.0
0.0
0.0
0.0
0.0
-0.01
-0.10999999999999999
-0.20000000000000004
-0.24000000000000007
-0.05
0.060000000000000005
-0.12999999999999998
-0.15
0.08
0.10999999999999999
-0.07
0.020000000000000004
-0.15
-0.35000000000000014
0.030000000000000006
0.05000000000000001
-0.2700000000000001
-0.19000000000000003
-0.060000000000000005
-0.21000000000000005
-0.09
-0.01
0.0
0.0
0.0
0.0
0.0
0.0
0.0
-0.01
-0.04
0.060000000000000005
-0.15
-0.09
0.060000000000000005
0.17
0.23000000000000004
0.009999999999999997
0.17
-0.3000000000000001
0.15
0.21000000000000002
0.11999999999999998
-0.09999999999999999
-0.3900000000000002
-0.34000000000000014
0.019999999999999997
0.04
-0.22000000000000006
-0.11999999999999998
-0.03
0.0
0.0
0.0
0.0
0.0
0.0
0.0
-0.04
-0.05
0.05
0.08
-0.030000000000000006
-0.25000000000000006
-0.10999999999999999
-0.5300000000000002
-0.3000000000000001
0.07
-0.35000000000000014
0.16
-0.2900000000000001
0.3000000000000001
-0.3100000000000001
-0.3100000000000001
-0.5200000000000002
-0.22000000000000006
-0.10999999999999999
-0.20000000000000004
-0.10999999999999999
-0.03
0.0
0.0
0.0
0.0
0.0
0.0
0.0
-0.08
0.03
0.19000000000000003
0.3300000000000001
0.10999999999999999
0.11999999999999998
-0.09
-0.17
0.15
-0.20000000000000004
-0.21000000000000005
0.24000000000000005
-0.07
-0.04
0.26000000000000006
-0.2800000000000001
-0.5400000000000003
-0.34000000000000014
-0.019999999999999997
-0.18000000000000002
-0.04
-0.02
0.0
0.0
0.0
0.0
0.0
0.0
0.0
0.0
0.02
0.21000000000000005
0.3900000000000002
0.25000000000000006
0.26000000000000006
0.10999999999999999
0.19000000000000003
0.07
0.21000000000000002
0.17
0.10999999999999999
0.05
0.23000000000000004
0.18000000000000002
0.13999999999999999
-0.08
0.11999999999999998
0.019999999999999997
-0.08
-0.07
-0.02
0.0
0.0
0.0
0.0
0.0
0.0
0.0
0.0
-0.04
0.04
-3.469446951953614E-18
-0.020000000000000004
0.17
0.09
0.16
-0.010000000000000004
0.15
0.05
-0.15
0.09
0.11999999999999998
0.25000000000000006
0.48000000000000026
0.45000000000000023
0.15
0.09999999999999999
0.09999999999999999
-0.03
0.0
0.0
0.0
0.0
0.0
0.0
