1.314999999999966
0.0
0.0
-0.18700000000000014
-0.08700000000000001
-0.04400000000000003
-0.04100000000000001
0.0
-0.4230000000000003
-0.001
0.2850000000000002
0.12499999999999195
0.02199999999999975
-0.004000000000001055
-0.0329999999999987
0.11000000000001385
0.10599999999999768
0.2690000000000002
0.3190000000000002
0.12399999999997756
0.05900000000001824
0.3620000000000002
0.09000000000000764
0.23200000000000004
-0.30500000000000016
0.6720000000000005
-0.10400000000001869
0.03500000000000368
-0.2260000000000001
-0.062000000000027936
0.12499999999997621
0.04400000000000295
-0.08500000000000006
0.18400000000000014
0.08300000000000317
-0.18300000000000022
-0.16699999999999976
-0.15100000000000374
-0.23400000000000015
-0.2830000000000002
-0.5540000000000004
-0.036000000000000025
-0.5180000000000003
0.23400000000000004
0.060000000000003585
0.0630000000000079
0.03700000000000142
0.12399999999999789
0.6030000000000004
-0.6400000000000005
