0.06200000000000004
0.0
0.0
0.0
0.0
0.0
0.0
0.0
0.0
0.0
0.0
0.0
0.0
0.0
0.0
0.0
0.0
0.0
0.0
0.0
0.0
0.0
0.0
0.0
0.0
0.0
0.0
0.0
0.0
0.0
0.0
0.0
0.0
0.0
0.0
0.0
0.0
0.0
0.0
0.0
0.0
0.0
0.0
0.0
0.0
0.0
0.0
0.0
0.0
0.0
0.0
0.0
0.0
0.0
0.0
0.0
0.0
0.0
0.0
0.0
0.0
0.0
0.0
0.0
0.0
0.0
0.0
0.0
0.0
0.0
0.0
0.0
0.0
0.0
0.0
0.0
0.0
0.0
0.0
0.0
0.0
0.0
0.0
0.0
0.0
0.0
0.0
0.0
0.0
0.0
0.0
0.0
0.0
0.0
0.0
0.0
0.0
-0.006
-0.006
-0.003
-0.008
-0.007
-0.006
-0.002
-0.006
-0.002
-0.001
-0.001
-0.002
0.0
0.0
0.0
0.0
0.0
0.0
0.0
0.0
0.0
0.0
0.0
0.0
0.0
-0.002
-0.002
-0.009000000000000001
-0.006
-0.008
-0.016
0.013
-0.004
-0.006
-0.007
-0.018000000000000002
-0.02600000000000001
-0.033000000000000015
-0.018000000000000002
-0.005
-0.003
0.0
0.0
0.0
0.0
0.0
0.0
0.0
0.0
0.0
0.0
0.0
0.0
-0.006
-0.014000000000000002
-0.014
-0.021000000000000005
0.005
0.016
0.04100000000000002
0.0010000000000000035
-0.015
-0.018000000000000002
-0.023
-0.022000000000000006
0.026000000000000002
-0.05100000000000004
-0.07800000000000006
-0.03800000000000002
-0.02500000000000001
-0.016
-0.011000000000000001
0.0
0.0
0.0
0.0
0.0
0.0
0.0
0.0
0.0
0.0
-0.014000000000000002
0.02700000000000001
0.032000000000000015
0.030000000000000013
0.03700000000000002
0.002
-0.013999999999999999
-0.04000000000000002
0.03900000000000002
0.026000000000000002
0.005999999999999997
0.010000000000000002
-0.020999999999999998
0.02600000000000001
-0.019000000000000003
-0.031000000000000014
0.006
-0.011000000000000001
-0.002
-0.015000000000000001
-0.01
0.0
0.0
0.0
0.0
0.0
0.0
0.0
0.001
0.01
0.004
0.044000000000000025
-0.005000000000000004
0.014000000000000007
0.03300000000000002
-0.019999999999999997
0.04500000000000003
-0.00900000000000001
0.011000000000000018
-0.015999999999999993
9.999999999999835E-4
0.030000000000000006
0.06100000000000005
0.01999999999999997
0.023000000000000007
-0.007000000000000004
-0.0070000000000000106
-0.018000000000000002
-0.01800000000000001
-0.003
-0.007
-0.006
-0.004
0.0
0.0
0.0
0.0
0.015
0.011000000000000001
0.05100000000000003
0.03000000000000002
0.001
0.06000000000000004
0.032000000000000015
0.013000000000000001
0.015000000000000008
-0.019000000000000003
0.03300000000000001
0.029000000000000005
0.01699999999999998
0.00899999999999998
-0.028000000000000004
0.025
0.03400000000000001
0.016999999999999973
0.03100000000000002
-0.02700000000000001
-0.017
0.003
-0.005
-0.006
-0.004
0.0
0.0
0.014
0.016
0.012000000000000002
-0.002
-0.018000000000000002
-0.001
-0.026000000000000002
0.04000000000000003
0.07200000000000004
0.03500000000000002
0.04700000000000002
0.034000000000000016
0.022999999999999958
0.021000000000000005
0.02100000000000002
-0.003999999999999987
0.03100000000000002
-0.016999999999999987
-0.01899999999999996
0.010000000000000004
0.02700000000000001
0.04000000000000003
0.012000000000000002
0.017
-0.004
-0.002
0.0
0.0
0.0
0.0
0.013000000000000001
0.03000000000000002
0.05300000000000003
0.007000000000000004
0.010000000000000014
0.020999999999999977
0.001
-0.014
-0.020000000000000004
-0.03500000000000002
-0.005999999999999984
0.002000000000000007
0.030000000000000013
0.031000000000000014
0.03400000000000002
0.04500000000000003
0.06900000000000005
0.009000000000000015
-0.014000000000000021
0.0019999999999999966
-0.017999999999999995
0.020000000000000004
0.017
-0.002
0.0
0.0
0.0
0.0
0.0
0.018000000000000002
0.034000000000000016
0.031000000000000014
-0.006
-1.734723475976807E-18
0.009000000000000005
0.029000000000000012
-0.001999999999999993
0.0020000000000000035
0.02700000000000001
0.004
-0.00699999999999998
0.030000000000000013
0.056000000000000036
0.04100000000000002
0.03300000000000002
0.09700000000000007
-0.01199999999999999
-0.002
-0.014999999999999987
0.003999999999999999
0.017
-0.001
-0.001
0.0
0.0
0.0
0.0
0.0
0.012
0.04100000000000002
0.002
0.017
0.002
-5.204170427930421E-18
-0.026000000000000016
0.017999999999999988
0.009000000000000008
0.008999999999999987
-0.036000000000000025
-0.002000000000000014
-0.026000000000000002
-0.010000000000000009
0.03300000000000002
0.018999999999999996
0.05400000000000002
-0.018999999999999982
0.010000000000000002
0.01800000000000001
-0.02600000000000001
0.015
-0.009000000000000001
-0.006
0.0
0.0
0.0
0.0
0.0
0.004
0.05100000000000003
-0.011000000000000003
0.014
-0.04700000000000003
-0.029000000000000005
-0.018000000000000016
0.0049999999999999906
-0.011000000000000001
-0.07000000000000005
-0.07100000000000005
-0.07000000000000005
-0.02800000000000001
-0.033000000000000015
0.034000000000000016
-2.0816681711721685E-17
0.002999999999999993
0.058000000000000045
0.005000000000000002
-0.008
0.010000000000000002
-0.017000000000000005
-0.002
0.0
-0.004
0.0
0.0
0.0
0.0
0.008
0.045000000000000026
0.017000000000000008
-0.001
0.029000000000000012
0.022
-0.03
-0.014999999999999996
-0.022
-0.059000000000000045
-0.039000000000000035
-0.015999999999999997
-0.040000000000000015
-0.01899999999999999
0.044000000000000025
-0.013000000000000022
0.013000000000000001
0.03300000000000002
-0.005999999999999997
9.999999999999974E-4
-0.001
-0.005
-0.022000000000000006
0.01
-0.004
0.0
0.0
0.0
0.0
0.0
0.02100000000000001
0.04700000000000003
0.008000000000000007
0.00599999999999999
0.014
0.027000000000000017
-0.01899999999999999
-0.009000000000000018
-0.017
-0.09100000000000007
-0.06000000000000005
-0.02600000000000001
0.008000000000000004
0.023000000000000007
0.037000000000000026
0.022
0.028000000000000004
0.031000000000000007
0.029000000000000012
-0.016
0.005000000000000001
-0.005
0.007
-0.004
0.0
0.0
0.0
0.0
0.0
0.03600000000000002
0.01
0.013000000000000001
-0.012
-0.030000000000000006
0.02100000000000001
-0.05000000000000004
-0.023
-0.016999999999999987
-0.01399999999999997
-0.052000000000000025
-0.05000000000000004
-0.06700000000000005
-0.02600000000000001
0.006999999999999987
0.031000000000000014
0.061000000000000026
0.02100000000000001
0.0010000000000000182
-0.013000000000000005
-0.007000000000000001
-0.029000000000000012
0.0
-0.004
0.0
0.0
0.0
0.0
0.0
-0.006
0.009000000000000001
-0.02600000000000001
0.007000000000000001
0.002
0.01
-0.014
-0.031000000000000014
-0.011000000000000001
0.016000000000000007
-0.01699999999999998
0.015000000000000017
-0.005999999999999998
0.01899999999999999
0.026000000000000016
-0.009000000000000011
0.002
-0.005000000000000004
-0.018999999999999996
-0.006
-0.017
-0.007000000000000001
0.01
0.0
0.0
0.0
0.0
0.0
0.02600000000000001
0.009000000000000001
0.011000000000000001
-0.008000000000000005
-0.021000000000000005
-0.016000000000000007
-0.031000000000000014
-0.04800000000000003
-0.02500000000000001
-0.006
0.014000000000000009
-0.004999999999999986
0.017
-0.011999999999999997
-0.036000000000000025
-0.04900000000000004
-0.0029999999999999975
0.03500000000000001
0.017000000000000008
-0.001
-0.03600000000000001
-0.012000000000000004
-0.020000000000000004
0.0
0.0
0.0
0.0
0.0
0.0
0.02600000000000001
0.013000000000000001
-0.006
-0.02600000000000001
-0.033000000000000015
-0.035000000000000024
-0.03500000000000002
-0.023000000000000007
-0.023
0.022000000000000006
0.010000000000000007
0.04000000000000003
0.009000000000000011
0.0060000000000000175
0.021000000000000005
-0.03500000000000002
-0.04800000000000002
-0.016000000000000014
-0.03200000000000001
-0.004999999999999997
-0.023000000000000007
-0.016
0.007000000000000001
0.0
0.0
0.0
0.0
0.0
0.0
0.0
-0.001
-0.011000000000000001
-0.02700000000000001
-0.014
-0.004999999999999997
-0.010000000000000002
-0.032000000000000015
-0.04800000000000003
0.021999999999999992
-0.02899999999999999
-0.048000000000000036
-0.02200000000000002
-0.023000000000000007
-0.005000000000000002
-0.032000000000000015
-0.04000000000000003
-0.02600000000000001
-0.014999999999999996
0.006
-0.002
-0.022000000000000006
-0.013000000000000001
0.0
0.0
0.0
0.0
0.0
0.0
0.0
0.0
-0.002
-0.018000000000000002
0.008000000000000002
0.008000000000000002
0.013000000000000001
0.015000000000000006
-0.04000000000000002
0.031000000000000014
-0.013000000000000015
0.030000000000000013
0.003000000000000028
0.001999999999999986
-0.033
0.019999999999999997
0.0019999999999999922
-0.06500000000000004
-0.03500000000000002
-0.029000000000000012
-0.003
-0.017
-0.019000000000000003
0.0
0.0
0.0
0.0
0.0
0.0
0.0
0.0
-0.006
0.007
-0.008
-0.004
0.016
0.0010000000000000035
0.023
-0.020999999999999998
-0.009000000000000005
-0.021000000000000005
0.002999999999999993
-0.002999999999999993
0.010000000000000012
-0.006
-0.045000000000000026
-0.056000000000000036
-0.004
0.01
-0.013
-0.021000000000000005
-0.01
0.0
0.0
0.0
0.0
0.0
0.0
0.0
-0.006
-0.019000000000000003
0.011
0.0
4.336808689942018E-18
-0.03800000000000001
-0.005000000000000004
-0.04500000000000002
-0.0029999999999999983
0.03000000000000002
-0.010999999999999994
0.015999999999999986
-0.003000000000000002
0.012000000000000004
-0.02500000000000001
-0.002000000000000001
-0.055000000000000035
0.002
-0.017
-0.023000000000000007
-0.024000000000000007
-0.008
0.0
0.0
0.0
0.0
0.0
0.0
0.0
-0.01
0.002
0.020999999999999998
0.03600000000000002
0.024000000000000007
0.029000000000000012
0.019000000000000003
-0.023000000000000013
0.015
0.006000000000000007
0.011999999999999995
0.017
-0.007999999999999997
-0.014000000000000002
0.011000000000000006
0.001
-0.08300000000000006
-0.021000000000000005
-0.016
-0.02800000000000001
-0.015000000000000001
0.0
0.0
0.0
0.0
0.0
0.0
0.0
0.0
0.0
-0.004
0.023000000000000007
0.008000000000000004
0.034000000000000016
0.009000000000000005
0.011999999999999986
0.02600000000000001
0.02100000000000001
0.026000000000000016
0.01899999999999999
0.012000000000000014
0.011000000000000008
0.04900000000000003
0.029000000000000012
0.045000000000000026
-0.045000000000000026
0.018999999999999996
-0.008
-0.007
-0.008
0.0
0.0
0.0
0.0
0.0
0.0
0.0
0.0
0.0
0.002
0.012
0.002
0.001
0.017
0.03500000000000002
0.009000000000000001
0.018999999999999996
0.0060000000000000045
0.0
0.024000000000000007
0.030000000000000013
0.008999999999999998
0.031000000000000014
0.04700000000000003
0.018000000000000002
0.023000000000000007
0.008
0.019000000000000003
-0.006
0.0
0.0
0.0
0.0
0.0
0.0
