1.0040000000000002
0.0
0.0
0.0
0.0
0.0
0.0
0.0
0.0
0.0
0.0
0.0
0.0
0.0
0.0
0.0
0.0
0.0
0.0
0.0
-0.014
-0.08900000000000005
-0.2470000000000002
-0.17000000000000012
-0.2820000000000002
-0.002
-0.002
0.0
0.0
0.0
0.0
0.0
0.0
-0.001
-0.19200000000000014
-0.36900000000000027
0.6210000000000004
-0.09700000000000006
-0.3990000000000003
0.4800000000000004
-0.7170000000000005
-0.5260000000000004
0.04700000000000003
0.10800000000000008
-0.07000000000000005
-0.027000000000000017
0.0
-0.002
0.5940000000000004
0.28200000000000025
0.25700000000000023
-0.02699999999999994
0.19400000000000012
0.04999999999999956
0.07500000000000016
0.07800000000000004
-0.14700000000000013
0.1450000000000002
-0.4570000000000003
0.23000000000000018
-0.002
0.0
0.058000000000000045
0.24800000000000016
0.24400000000000013
0.1480000000000001
0.08
0.18700000000000017
0.09800000000000006
-0.003000000000000516
0.2200000000000001
0.1330000000000001
0.16100000000000012
0.20500000000000013
-0.07799999999999997
-0.001
0.001
0.5060000000000003
0.5830000000000004
-0.15500000000000003
0.29100000000000015
-0.11600000000000013
0.08900000000000005
0.22900000000000015
0.24000000000000016
0.3740000000000003
-0.009999999999999004
0.2839999999999999
-0.13400000000000017
-0.07600000000000005
0.0
0.001
0.4300000000000003
-0.3230000000000004
-0.14000000000000007
0.07999999999999999
0.2710000000000003
-0.36400000000000027
-0.063
-0.03199999999999972
-0.15500000000000005
-0.06899999999999995
0.10499999999999994
-0.12800000000000006
-0.18200000000000013
-0.05000000000000004
0.0
0.3110000000000002
0.5960000000000004
0.03599999999999996
-0.33700000000000024
-0.09900000000000028
-0.18400000000000014
-0.2820000000000002
-0.07100000000000004
0.23000000000000015
0.2730000000000002
-0.16700000000000004
-0.2970000000000002
-0.1410000000000001
-0.05000000000000004
0.0
-0.07200000000000005
0.1790000000000001
0.23300000000000015
0.36100000000000027
-0.2910000000000002
-0.034999999999999684
-0.004000000000000129
0.09799999999999986
-0.1770000000000001
0.07700000000000021
0.1000000000000001
-0.22500000000000017
0.32100000000000023
0.0
0.0
-0.022000000000000013
0.22400000000000017
-0.2800000000000002
-0.4840000000000004
-0.07000000000000005
0.08900000000000007
-0.3820000000000003
-0.09900000000000007
-0.2600000000000002
-0.10700000000000001
-0.4110000000000003
-0.2980000000000002
-0.001
0.0
0.0
-0.001
-0.32900000000000024
-0.12500000000000008
0.06700000000000007
-0.3120000000000003
-0.07199999999999952
0.19400000000000012
-0.05799999999999929
-0.10100000000000019
-0.3010000000000002
-0.2780000000000002
-0.21500000000000016
-0.001
0.0
0.0
0.0
-0.34100000000000025
0.5460000000000004
-0.027000000000000392
-0.09000000000000007
-0.09600000000000003
-0.24200000000000016
0.12000000000000022
-0.1810000000000002
-0.7720000000000006
-0.032
-0.2580000000000002
0.0
0.0
0.0
-0.22600000000000017
-0.2880000000000002
0.07100000000000005
0.3740000000000003
0.16600000000000012
0.06500000000000002
0.13300000000000034
-0.08100000000000002
0.09199999999999986
0.5450000000000004
0.33300000000000024
-0.19300000000000012
0.0
0.0
0.0
