41.81000000000025
0.0
0.0
-14.859999999999744
-11.269999999999952
-7.529999999999884
-29.129999999999555
0.0
-3.980000000000038
0.37000000000000016
46.170000000000215
94.3900000000005
38.069999999992156
-76.39000000001901
-102.59000000000542
46.01999999999797
-34.71000000000044
48.14000000000004
250.21000000002954
-80.0299999999985
-92.6099999999854
292.7400000000063
-16.699999999998973
62.129999999983376
-63.81000000000061
38.62000000000135
-91.56000000000701
-13.049999999999356
-232.56000000005486
-65.95000000001198
133.4500000000101
73.78000000000243
1.9300000000001796
-0.4000000000000003
187.00999999999678
-145.24999999999224
-70.83999999999492
-29.809999999999196
-72.28999999999579
-189.27000000001843
-29.85000000000092
-8.21999999999987
-142.51999999999282
126.72999999999483
70.79000000000315
56.3900000000115
-12.16000000000122
-98.57000000000455
12.749999999999812
-0.01
