0.08800000000000006
0.0
0.0
0.0
0.0
0.0
0.0
0.0
0.0
0.0
0.0
0.0
0.0
0.0
0.0
0.0
0.0
0.0
0.0
0.0
0.0
0.0
0.0
0.0
0.0
0.0
0.0
0.0
0.0
0.0
0.0
0.0
0.0
0.0
0.0
0.0
0.0
0.0
0.0
0.0
0.0
0.0
0.0
0.0
0.0
0.0
0.0
0.0
0.0
0.0
0.0
0.0
0.0
0.0
0.0
0.0
0.0
0.0
0.0
0.0
0.0
0.0
0.0
0.0
0.0
0.0
0.0
0.0
0.0
0.0
0.0
0.0
0.0
0.0
0.0
0.0
0.0
0.0
0.0
0.0
0.0
0.0
0.0
0.0
0.0
0.0
0.0
0.0
0.0
0.0
0.0
0.0
0.0
0.0
0.0
-0.002
0.0
0.0
0.0
0.0
-0.006
-0.004
-0.009000000000000001
-0.004
-0.006
-0.002
-0.001
-0.003
-0.003
-0.002
0.0
0.0
0.0
0.0
0.0
0.0
0.0
0.0
0.0
0.0
0.0
-0.002
-0.003
-0.005
-0.008
-0.003
-0.004
-0.014
0.023000000000000007
0.006000000000000002
-0.0010000000000000018
-0.001
-0.016
-0.034000000000000016
-0.031000000000000014
-0.019000000000000003
-0.006
-0.003
-0.002
0.0
0.0
0.0
0.0
0.0
0.0
0.0
0.0
0.0
0.0
0.0
-0.01
-0.006
-0.017000000000000005
-0.018000000000000002
0.020000000000000004
0.015000000000000001
0.07300000000000005
-0.02600000000000001
-0.014000000000000002
-0.02700000000000001
-0.0019999999999999896
-0.031000000000000014
0.04700000000000003
-0.04900000000000004
-0.07900000000000006
-0.03800000000000002
-0.030000000000000013
-0.023000000000000007
-0.011000000000000001
0.0
0.0
0.0
0.0
0.0
0.0
0.0
0.0
0.0
-0.002
-0.008
0.023000000000000007
0.009000000000000003
0.045000000000000026
0.05900000000000005
-0.002
-0.03800000000000001
-0.01999999999999999
0.040000000000000036
0.013000000000000003
0.0040000000000000036
0.018999999999999996
-0.028000000000000025
0.026000000000000002
9.999999999999992E-4
-0.04800000000000003
0.013
-0.007999999999999998
0.0
-0.031000000000000014
-0.011000000000000003
-0.005
0.0
0.0
0.0
0.0
0.0
0.0
0.002
0.02700000000000001
0.0020000000000000026
0.06800000000000005
-0.011999999999999986
0.006999999999999993
0.03600000000000002
-0.005000000000000009
0.03800000000000003
-0.015999999999999986
0.011
-0.005000000000000012
-0.0020000000000000035
0.017
0.055000000000000035
0.025
0.031
-0.01100000000000001
-0.010999999999999992
-0.002
-0.016
-0.004
-0.008
-0.002
-0.002
0.0
0.0
0.0
0.003
0.016
0.020000000000000004
0.04200000000000002
0.028000000000000004
-9.999999999999966E-4
0.07400000000000005
0.056000000000000036
-0.017999999999999988
0.024000000000000007
-0.035
0.012000000000000031
0.026999999999999996
0.04100000000000002
0.042000000000000016
-0.01899999999999999
0.029000000000000005
0.012999999999999979
-0.007999999999999995
0.06300000000000004
-0.009000000000000001
-0.015000000000000001
-0.001
-0.013
-0.002
-0.002
0.0
0.0
0.012
0.006
0.001
0.017
-0.019999999999999997
-0.0010000000000000035
0.004000000000000007
0.02000000000000003
0.07900000000000004
0.025
0.055000000000000056
0.017999999999999988
0.025000000000000015
0.029000000000000012
0.02600000000000001
-0.007
0.06800000000000005
0.01100000000000002
-0.035000000000000024
0.009000000000000001
0.04600000000000002
0.05800000000000004
0.009999999999999992
0.008
0.0
0.0
0.0
0.0
0.0
0.0
0.007
0.035000000000000024
0.06000000000000004
0.017
0.01100000000000001
0.011999999999999986
-0.03200000000000001
-0.013999999999999992
-0.013000000000000001
-0.034
-0.006999999999999987
0.0039999999999999975
0.05800000000000004
0.02100000000000001
0.02300000000000002
0.08400000000000006
0.07300000000000005
0.02800000000000001
0.018000000000000002
-0.017
-0.03400000000000002
-0.003
0.015000000000000001
0.0
0.0
0.0
0.0
0.0
0.0
0.012
0.034000000000000016
0.034000000000000016
0.041000000000000016
-0.003999999999999979
0.024
0.003
-0.025000000000000015
0.012000000000000004
0.01099999999999997
-1.734723475976807E-17
-0.009000000000000001
0.004999999999999997
0.062000000000000034
0.04000000000000002
0.06300000000000004
0.09100000000000007
0.03500000000000002
-0.022
0.003000000000000013
0.001
-0.008
-0.004
0.0
0.0
0.0
0.0
0.0
0.0
0.019000000000000003
0.03800000000000003
0.006
0.010999999999999998
0.016999999999999994
0.0010000000000000018
-0.007999999999999993
0.020999999999999998
0.00899999999999999
0.002999999999999994
-0.05700000000000004
-0.007000000000000029
-0.022000000000000006
0.02000000000000001
0.017999999999999995
0.03200000000000001
0.06000000000000004
-0.05500000000000003
0.03600000000000002
0.056000000000000036
-0.016999999999999994
0.02700000000000001
-0.011000000000000001
0.0
0.0
0.0
0.0
0.0
0.0
0.004
0.05900000000000004
0.007
0.02800000000000001
-0.05800000000000004
-0.04200000000000003
-0.015999999999999997
0.009999999999999988
-0.01499999999999998
-0.09300000000000007
-0.04900000000000003
-0.07300000000000005
-0.05200000000000004
-0.020000000000000018
0.03600000000000001
0.005000000000000018
-0.0020000000000000052
0.03900000000000002
0.009000000000000005
0.003
-0.031000000000000014
-0.021000000000000005
-0.01
0.004
0.0
0.0
0.0
0.0
0.0
0.008
0.05000000000000003
0.009999999999999998
0.012999999999999998
0.02700000000000001
0.014999999999999993
-0.012000000000000004
-0.05100000000000003
0.012000000000000002
-0.05700000000000004
-0.06500000000000004
-0.012000000000000005
-0.05000000000000004
-0.007
0.040000000000000015
-0.03100000000000002
-1.734723475976807E-17
0.03500000000000001
-0.009
-0.0029999999999999966
0.006
-0.007000000000000001
-0.023000000000000007
0.016
0.0
0.0
0.0
0.0
0.0
0.0
0.013000000000000005
0.05700000000000004
0.030000000000000006
-0.0010000000000000018
0.003000000000000002
0.011999999999999999
0.012000000000000014
-0.001999999999999993
-1.474514954580286E-17
-0.1230000000000001
-0.04400000000000003
-0.03600000000000003
-0.006999999999999995
0.012000000000000004
0.03300000000000002
0.03600000000000001
0.038000000000000006
0.05000000000000002
0.05500000000000004
-0.003999999999999999
0.0
0.013000000000000001
0.017
0.0
0.0
0.0
0.0
0.0
0.0
0.029000000000000012
0.014000000000000005
0.006000000000000002
0.010999999999999998
-0.03500000000000001
0.03300000000000001
-0.06400000000000004
-0.02700000000000001
-0.044000000000000025
-0.008000000000000005
-0.044000000000000025
-0.06200000000000003
-0.07000000000000005
-0.012
0.022000000000000006
0.027000000000000017
0.09200000000000007
0.015000000000000012
-0.004999999999999999
-0.020999999999999998
0.012
0.013999999999999999
0.008
0.0
0.0
0.0
0.0
0.0
0.0
0.0
0.03700000000000002
-0.02500000000000001
-8.673617379884035E-19
0.009999999999999998
-0.011
-0.042000000000000016
-0.044000000000000025
0.005999999999999983
0.005
-0.009000000000000001
0.02000000000000001
0.010999999999999992
0.027000000000000024
0.032000000000000015
0.009000000000000011
0.002
0.0
-0.020000000000000004
-0.012000000000000002
0.005
0.045000000000000026
0.014
0.0
0.0
0.0
0.0
0.0
0.008
0.013000000000000001
0.021000000000000005
0.003
-0.005000000000000004
-0.031000000000000014
-0.05100000000000003
-0.08200000000000006
-0.02500000000000001
-0.017
-0.021000000000000005
-0.001
0.03400000000000001
0.013000000000000001
-0.021000000000000005
-0.07200000000000005
-0.004000000000000009
0.05800000000000004
0.002
-0.016000000000000004
-0.034000000000000016
-0.008
-0.009000000000000001
0.0
0.0
0.0
0.0
0.0
0.0
0.008
0.001
-0.002
-0.03600000000000002
-0.05900000000000004
-0.04600000000000003
-0.04900000000000003
-0.057000000000000044
-0.028000000000000004
0.036000000000000025
-0.008999999999999994
0.06300000000000006
0.003999999999999997
0.0030000000000000096
0.01800000000000001
-0.06400000000000004
-0.037000000000000026
-0.012000000000000007
-0.024000000000000014
-0.01199999999999999
-0.04600000000000002
-0.02700000000000001
0.005
0.0
0.0
0.0
0.0
0.0
0.0
0.0
-0.003
-0.033000000000000015
-0.05100000000000003
-0.019000000000000003
-0.005000000000000006
-0.02700000000000001
-0.032000000000000015
-0.04400000000000003
0.019999999999999997
-0.05600000000000003
-0.056000000000000036
-0.036000000000000025
-0.023000000000000007
-0.04600000000000003
-0.05500000000000003
-0.05200000000000003
-0.019000000000000003
-0.007
0.009000000000000001
-0.005999999999999997
-0.021000000000000005
-0.013000000000000005
0.0
0.0
0.0
0.0
0.0
0.0
0.0
-0.001
-0.011000000000000001
-0.009000000000000001
-0.015
0.012
0.04100000000000002
-0.010000000000000005
-0.05000000000000003
0.02600000000000001
-0.002999999999999986
0.015000000000000032
0.007999999999999997
-0.024000000000000014
-0.04700000000000002
0.03800000000000004
-0.02000000000000001
-0.03600000000000001
-0.03600000000000001
-0.03700000000000002
-0.020000000000000004
-0.022000000000000006
-0.017
-0.002
0.0
0.0
0.0
0.0
0.0
0.0
-0.002
-0.011000000000000001
0.005
-0.02500000000000001
-0.009000000000000001
0.0069999999999999975
-0.004000000000000002
0.0019999999999999827
0.03400000000000001
-0.009000000000000008
-0.051000000000000024
0.001000000000000007
0.020000000000000004
-0.012000000000000007
-0.012
-0.04300000000000004
-0.08000000000000006
-0.020000000000000004
0.017
-0.03600000000000002
-0.016
-0.01
0.0
-0.002
0.0
0.0
0.0
0.0
0.0
-0.01
-0.006
0.011
0.018000000000000002
-0.013000000000000001
-0.026000000000000002
0.006999999999999987
-0.05200000000000003
-0.020000000000000004
0.05000000000000003
-0.016999999999999994
0.03600000000000002
-0.009000000000000001
0.017999999999999995
-0.030000000000000013
-0.023000000000000013
-0.08200000000000006
-0.02000000000000001
-0.011999999999999999
-0.030000000000000013
-0.02800000000000001
-0.008
-0.002
-0.002
0.0
0.0
0.0
0.0
0.0
-0.014
0.005000000000000001
0.022000000000000006
0.04900000000000003
0.024000000000000014
0.05300000000000004
0.0010000000000000243
-0.024999999999999994
-0.004999999999999997
-3.469446951953614E-18
-0.012999999999999994
0.014999999999999998
0.029000000000000012
0.003000000000000007
0.02800000000000001
0.010000000000000002
-0.09600000000000007
-0.034000000000000016
0.0
-0.014000000000000002
-0.005
0.0
0.0
0.0
0.0
0.0
0.0
0.0
0.0
0.0
-0.002
0.03700000000000002
0.020999999999999998
0.05000000000000003
0.001
0.027999999999999997
0.04100000000000002
0.016999999999999994
0.013
0.04600000000000003
0.012999999999999992
0.00899999999999999
0.04700000000000003
0.02800000000000001
0.021000000000000005
-0.054000000000000034
-0.018000000000000002
0.007000000000000001
-0.008
-0.016
0.0
0.0
0.0
0.0
0.0
0.0
0.0
0.0
0.0
0.0
0.012
0.001
0.013000000000000001
0.012000000000000004
0.031000000000000014
-0.003
0.023
-0.009000000000000001
0.015
0.015
8.673617379884035E-19
0.011
0.045000000000000026
0.06100000000000004
0.025000000000000015
0.030000000000000013
0.012000000000000004
0.029000000000000012
-0.01
0.0
0.0
0.0
0.0
0.0
0.0
