0.9900000000000007
0.0
0.0
0.0
0.0
0.0
0.0
0.0
0.0
0.0
0.0
0.0
0.0
0.0
0.0
0.0
0.0
0.0
0.0
0.0
0.0
0.0
0.0
0.0
0.0
0.0
0.0
0.0
0.0
0.0
0.0
0.0
0.0
0.0
0.0
0.0
0.0
0.0
0.0
0.0
0.0
0.0
0.0
0.0
0.0
0.0
0.0
0.0
0.0
0.0
0.0
0.0
0.0
0.0
0.0
0.0
0.0
0.0
0.0
0.0
0.0
0.0
0.0
0.0
0.0
0.0
0.0
0.0
-0.01
-0.01
0.0
0.0
0.0
0.0
0.0
0.0
0.0
0.0
0.0
0.0
0.0
0.0
0.0
0.0
0.0
0.0
0.0
0.0
0.0
0.0
0.0
0.0
0.0
0.0
0.0
-0.05
-0.01
-0.02
-0.03
-0.02
-0.07
-0.10999999999999999
-0.10999999999999999
-0.07
-0.04
-0.02
-0.01
0.0
0.0
0.0
0.0
0.0
0.0
0.0
0.0
0.0
0.0
0.0
0.0
0.0
0.0
0.0
0.0
-0.05
-0.08
-0.02
-0.05
-0.09
0.24000000000000005
0.09999999999999999
-0.05
-0.019999999999999997
-0.07
-0.3100000000000001
-0.24000000000000007
-0.12999999999999998
-0.04
-0.03
0.0
-0.01
0.0
0.0
0.0
0.0
0.0
0.0
0.0
0.0
0.0
0.0
-0.02
-0.09
-0.18000000000000002
-0.16
0.12999999999999998
0.4100000000000002
0.49000000000000027
-0.11999999999999998
-0.26000000000000006
-0.3100000000000001
0.12999999999999998
0.05
0.2700000000000001
-0.5800000000000003
-0.6800000000000004
-0.24000000000000007
-0.12999999999999998
-0.12999999999999998
-0.09999999999999999
-0.04
0.0
0.0
0.0
0.0
0.0
0.0
0.0
0.0
-0.02
-0.07
0.16
0.09999999999999999
0.36000000000000015
0.49000000000000027
0.060000000000000005
-0.13999999999999999
-0.22000000000000006
0.3300000000000001
0.04
0.019999999999999997
0.020000000000000004
-0.08
0.07
0.07
-0.3300000000000001
0.060000000000000005
-0.09999999999999999
0.09999999999999999
-0.16
-0.07
-0.060000000000000005
-0.01
0.0
0.0
0.0
-0.01
-0.02
0.07
0.07
0.04
0.4200000000000002
0.25000000000000006
-0.09
0.4200000000000002
-0.2900000000000001
0.36000000000000015
0.019999999999999997
0.15
-0.26000000000000006
0.08
0.47000000000000025
0.3200000000000001
0.060000000000000005
0.08
-0.08
-0.060000000000000005
-0.25000000000000006
-0.19000000000000003
0.09999999999999999
-0.08
0.0
0.0
0.0
0.0
0.0
-0.01
0.11999999999999998
0.05
0.26000000000000006
0.38000000000000017
0.060000000000000005
0.5700000000000003
0.22000000000000003
0.08
0.05
-0.09999999999999999
-0.09999999999999999
0.17
0.4300000000000002
0.20000000000000004
-0.16
0.24000000000000005
0.03
-0.09999999999999999
0.5700000000000003
-0.45000000000000023
-0.2700000000000001
0.019999999999999997
-0.10999999999999999
0.0
0.0
0.0
0.0
0.09999999999999999
0.03
0.05
0.13999999999999999
-0.25000000000000006
-0.13999999999999999
0.09
0.10999999999999999
0.2700000000000001
0.4100000000000002
0.5000000000000002
0.3100000000000001
-0.05
0.10999999999999999
0.16999999999999998
0.20000000000000004
0.47000000000000025
0.16
-0.2700000000000001
0.24000000000000005
0.3300000000000001
0.24000000000000005
0.09999999999999999
0.010000000000000004
-0.04
0.0
0.0
0.0
0.0
0.0
0.04
0.3900000000000002
0.6000000000000003
0.03
0.12999999999999998
0.10999999999999999
-0.24000000000000005
-0.009999999999999997
-0.22000000000000003
-0.26000000000000006
-0.060000000000000005
3.469446951953614E-18
0.35000000000000014
0.26000000000000006
0.09
0.4300000000000002
0.47000000000000025
0.13999999999999999
0.060000000000000005
-0.09
0.07
0.22000000000000006
0.03
-0.01
0.0
0.0
0.0
0.0
0.0
0.03
0.37000000000000016
0.3000000000000001
-0.24000000000000005
-0.12999999999999998
0.18000000000000002
0.17
-0.04
0.060000000000000005
0.060000000000000005
0.05
0.14999999999999997
0.12999999999999998
0.6600000000000004
0.4400000000000002
0.3000000000000001
0.7100000000000004
0.4100000000000002
-0.010000000000000004
0.21000000000000002
0.009999999999999997
0.060000000000000005
-0.04
-0.01
0.0
0.0
0.0
0.0
0.0
0.04
0.3000000000000001
0.15
-0.20000000000000004
-0.05
-0.07
0.4300000000000002
-0.18000000000000002
0.25000000000000006
0.18000000000000002
-0.6400000000000003
-0.19000000000000003
-0.2700000000000001
0.060000000000000005
0.22000000000000006
0.10999999999999996
0.17
-0.13999999999999999
0.20000000000000004
0.3300000000000001
-0.05
0.16
-0.16
0.0
0.0
0.0
0.0
0.0
0.0
0.019999999999999997
0.4300000000000002
0.009999999999999997
0.19000000000000003
-0.4200000000000002
-0.2700000000000001
-0.3200000000000001
-0.04
-0.07
-0.4800000000000002
-0.4300000000000002
-0.3300000000000001
-0.25000000000000006
-0.45000000000000023
0.5100000000000002
-0.20000000000000004
0.09999999999999999
0.10999999999999999
-0.07
0.09
0.060000000000000005
-0.2900000000000001
-0.10999999999999999
0.05
0.0
0.0
0.0
0.0
0.0
0.03
0.35000000000000014
0.08
0.36000000000000015
0.4400000000000002
-0.11999999999999998
0.07
-0.3100000000000001
-0.13999999999999999
-0.45000000000000023
-0.26000000000000006
-0.15999999999999998
-0.22000000000000003
-0.060000000000000005
0.21000000000000005
-0.4800000000000002
-0.030000000000000006
-0.010000000000000004
0.020000000000000004
0.019999999999999997
-0.060000000000000005
-0.08
-0.16
0.12999999999999998
0.0
0.0
0.0
0.0
0.0
0.0
0.19000000000000003
0.3300000000000001
0.20000000000000004
-0.05
-0.13999999999999999
-0.04
-0.07
0.2700000000000001
-0.10999999999999999
-0.6700000000000004
-0.5400000000000003
-0.3100000000000001
-0.2900000000000001
-0.04000000000000001
0.3900000000000002
0.18
0.36000000000000015
0.19
0.3000000000000001
-0.2900000000000001
0.16
0.060000000000000005
0.16
0.0
0.0
0.0
0.0
0.0
0.0
0.22000000000000006
0.15
0.11999999999999998
0.23000000000000004
-0.23000000000000007
0.2800000000000001
-0.3100000000000001
-0.37000000000000016
-0.13999999999999999
-0.17
-0.18
-0.2900000000000001
-0.5800000000000003
0.04000000000000001
0.22000000000000006
0.3000000000000001
0.5700000000000003
0.13999999999999999
-0.04
-0.13999999999999999
0.11999999999999998
-0.24000000000000005
0.05
0.0
0.0
0.0
0.0
0.0
0.0
-0.05000000000000001
0.3100000000000001
-0.060000000000000005
0.22000000000000006
0.15
0.15
-0.20000000000000004
-0.09
0.060000000000000005
0.20000000000000004
0.060000000000000005
0.09999999999999999
0.23000000000000004
0.05
0.24000000000000005
-0.12999999999999998
-0.2800000000000001
-0.030000000000000006
-0.35000000000000014
-0.2800000000000001
-0.04
-0.11999999999999998
0.08
0.0
0.0
0.0
0.0
0.0
0.09
0.060000000000000005
0.3200000000000001
-0.009999999999999997
-0.2800000000000001
-0.34000000000000014
-0.2900000000000001
-0.5700000000000003
-0.5700000000000003
-0.38000000000000017
-0.20000000000000004
-0.03
0.25000000000000006
0.15
-0.15
-0.5100000000000002
0.26000000000000006
0.4400000000000002
0.17
0.09
-0.12999999999999998
0.03
0.08
0.0
0.0
-0.02
0.0
0.0
0.0
0.09
0.01
-0.12999999999999998
-0.38000000000000017
-0.6300000000000003
-0.4200000000000002
-0.3900000000000002
-0.12999999999999998
-0.2700000000000001
0.12999999999999998
0.10999999999999999
0.13999999999999999
-0.2800000000000001
-0.060000000000000005
0.3000000000000001
-0.3100000000000001
-0.18000000000000002
-0.26000000000000006
-0.26000000000000006
-0.060000000000000005
-0.36000000000000015
-0.16
0.12999999999999998
0.0
0.0
-0.02
0.0
0.0
0.0
0.0
-0.01
-0.19000000000000003
-0.37000000000000016
-0.34000000000000014
-0.16
-0.04
-0.09
-0.15
0.11999999999999998
-0.2900000000000001
-0.21000000000000005
-0.2800000000000001
-0.10999999999999999
-0.17
-0.4200000000000002
-0.19000000000000003
-0.2800000000000001
3.469446951953614E-18
0.18000000000000002
-0.13999999999999999
-0.3100000000000001
-0.02
0.0
0.0
0.0
0.0
0.0
0.0
0.0
0.0
-0.08
-0.22000000000000006
-0.18000000000000002
0.07
0.009999999999999997
0.17
-0.3200000000000001
0.21000000000000005
-0.15
-0.05
0.08
-0.4400000000000002
-0.36000000000000015
0.15
-0.23000000000000004
-0.4100000000000002
-0.26000000000000006
-0.09
-0.23000000000000007
-0.09
-0.02
0.0
0.0
0.0
0.0
0.0
0.0
0.0
-0.02
-0.09
-0.09
-0.17
-0.07
0.03
0.09999999999999999
0.26000000000000006
-0.11999999999999998
0.04
0.07
0.030000000000000006
0.11999999999999998
0.15
-0.060000000000000005
-0.4200000000000002
-0.4400000000000002
-0.08
-0.019999999999999997
-0.35000000000000014
-0.20000000000000004
-0.03
0.0
-0.02
0.0
0.0
0.0
0.0
0.0
-0.060000000000000005
-0.11999999999999998
0.03
0.20000000000000004
-0.10999999999999999
-0.34000000000000014
-0.10999999999999999
-0.6200000000000003
-0.26000000000000006
0.4100000000000002
-0.2900000000000001
0.2700000000000001
-0.19000000000000003
0.36000000000000015
-0.4200000000000002
-0.2800000000000001
-0.5100000000000002
-0.25000000000000006
-0.26000000000000006
-0.3200000000000001
-0.20000000000000004
-0.03
-0.02
-0.02
0.0
0.0
0.0
0.0
0.0
-0.060000000000000005
-0.07
0.25000000000000006
0.4400000000000002
0.3300000000000001
0.25000000000000006
-0.04
-0.4100000000000002
0.15
-0.17
-0.3000000000000001
0.36000000000000015
-0.16
-0.15
0.15
-0.10999999999999999
-0.7200000000000004
-0.5200000000000002
-0.09999999999999999
-0.26000000000000006
-0.13999999999999999
-0.02
0.0
0.0
0.0
0.0
0.0
0.0
0.0
0.0
-0.03
0.3000000000000001
0.21000000000000005
0.3000000000000001
0.22000000000000006
0.25000000000000006
0.45000000000000023
0.26000000000000006
0.15
0.19
0.09999999999999999
0.09999999999999999
0.23000000000000007
0.3300000000000001
0.09
-0.19000000000000003
0.010000000000000004
0.04
-0.11999999999999998
-0.07
-0.02
0.0
0.0
0.0
0.0
0.0
0.0
0.0
0.0
-0.08
-0.060000000000000005
-0.09999999999999999
-3.469446951953614E-18
0.11999999999999998
0.18000000000000002
0.060000000000000005
0.060000000000000005
0.18000000000000002
-0.030000000000000006
0.17
-0.04
0.08
0.3000000000000001
0.5200000000000002
0.48000000000000026
0.21000000000000005
0.13999999999999999
0.12999999999999998
-0.05
0.0
0.0
0.0
0.0
0.0
0.0
