0.9730000000000008
0.0
0.0
0.0
0.0
0.0
0.0
0.0
0.0
0.0
0.0
0.0
0.0
0.0
0.0
0.0
0.0
0.0
0.0
0.0
-0.01
-0.11000000000000007
-0.33000000000000024
-0.2420000000000002
-0.2840000000000002
-0.010000000000000002
0.0
0.0
0.0
0.0
0.0
0.0
0.0
-0.003
-0.2790000000000002
-0.33500000000000024
0.7030000000000005
-0.05500000000000026
-0.03400000000000068
0.2160000000000004
-0.8180000000000006
-0.4230000000000003
-0.07500000000000005
-0.04599999999999971
-0.017000000000000008
0.0
0.004
-0.18900000000000014
0.46900000000000036
0.4280000000000003
0.24100000000000016
-0.13300000000000003
0.3020000000000002
-0.008000000000000985
0.13800000000000007
0.07799999999999989
-0.038000000000001186
0.13099999999999987
-0.39900000000000024
0.36400000000000027
-0.003
0.012
0.20900000000000016
0.004000000000000305
0.18899999999999992
0.21700000000000014
0.023000000000000492
0.1480000000000004
0.029000000000000085
0.07800000000000054
0.13600000000000007
0.16000000000000014
0.04000000000000001
0.1410000000000001
0.12300000000000011
-0.003
0.001
0.7190000000000005
0.6770000000000005
-0.3020000000000002
0.2280000000000001
-0.06100000000000014
0.028000000000000785
0.23700000000000015
0.1380000000000001
0.3180000000000002
-0.02499999999999889
0.22400000000000017
-0.2220000000000002
-0.06400000000000004
0.0
-0.06900000000000005
0.47600000000000037
-0.14400000000000007
-0.07200000000000001
0.07500000000000002
0.20100000000000026
-0.2880000000000002
-0.03500000000000014
-0.07899999999999996
-0.05099999999999928
-0.008000000000000021
0.15400000000000008
-0.056999999999999995
-0.041999999999999996
0.0
-0.07000000000000005
0.5080000000000003
0.43600000000000033
0.17100000000000018
-0.3960000000000003
-0.04700000000000072
-0.23100000000000015
-0.1670000000000001
-0.04399999999999968
0.1760000000000001
0.20000000000000015
-0.05100000000000007
-0.23800000000000027
-0.3110000000000002
0.0
0.0
0.7910000000000006
0.13900000000000007
0.08100000000000003
0.36600000000000027
-0.2600000000000002
-0.10800000000000007
-0.04900000000000011
0.12100000000000019
-0.14200000000000002
0.14800000000000013
-0.06899999999999998
0.09099999999999978
0.45500000000000035
-0.026999999999999996
0.0
-0.059000000000000045
0.2600000000000002
-0.2900000000000002
-0.4170000000000003
0.05999999999999983
0.013999999999999239
-0.24300000000000016
-0.09100000000000008
-0.1700000000000001
-0.25600000000000017
-0.1390000000000001
-0.2450000000000002
-0.1430000000000001
0.0
0.0
-0.06600000000000004
-0.45600000000000035
-0.06999999999999985
0.11700000000000024
-0.28900000000000026
-0.06199999999999997
0.04700000000000015
-0.10300000000000004
-0.16800000000000012
-0.3070000000000002
0.11599999999999971
-0.6210000000000004
0.0
0.0
0.0
0.0
-0.058000000000000024
0.4050000000000003
-0.10600000000000019
-0.05400000000000005
-0.07800000000000021
-0.1820000000000001
0.08400000000000012
-0.03599999999999842
-0.5000000000000003
-0.6420000000000005
-0.20000000000000015
0.0
0.0
0.0
-0.16500000000000012
-0.34300000000000025
0.32000000000000023
0.45400000000000035
0.20300000000000015
0.17200000000000013
0.19000000000000017
0.0490000000000016
0.05700000000000001
0.5590000000000004
0.45300000000000035
0.15100000000000013
0.0
0.0
0.0
