1.6379999999999304
0.0
0.0
-0.19700000000000015
-0.10300000000000005
-0.02700000000000001
-0.012000000000000004
0.0
-0.3020000000000002
0.0
5.455705331947058E-16
0.12000000000000338
-0.038999999999998376
-0.041000000000001174
-0.038999999999988905
0.11399999999999391
-0.020999999999998967
1.2559999999999423
0.34100000000000014
0.11399999999999004
0.0910000000000308
0.2380000000000001
0.10599999999997016
0.23300000000000004
-0.3240000000000002
0.5620000000000004
-0.09900000000002493
0.003000000000001569
-0.2750000000000001
-0.11000000000003277
0.07299999999994561
0.09200000000000852
-0.10800000000000012
0.09600000000000007
0.10199999999998303
-0.18099999999999988
-0.08100000000002144
-0.15600000000000308
-0.1530000000000018
-0.45000000000000034
-1.6779999999999677
-0.19000000000000014
-0.5790000000000004
0.15999999999999992
0.08399999999998929
0.07600000000004592
-0.002999999999996553
0.2059999999999991
0.9100000000000007
-0.6930000000000005
