0.10900000000000008
0.0
0.0
0.0
0.0
0.0
0.0
0.0
0.0
0.0
0.0
0.0
0.0
0.0
0.0
0.0
0.0
0.0
0.0
0.0
0.0
0.0
0.0
0.0
0.0
0.0
0.0
0.0
0.0
0.0
0.0
0.0
0.0
0.0
0.0
0.0
0.0
0.0
0.0
0.0
0.0
0.0
0.0
0.0
0.0
0.0
0.0
0.0
0.0
0.0
0.0
0.0
0.0
0.0
0.0
0.0
0.0
0.0
0.0
0.0
0.0
0.0
0.0
0.0
0.0
0.0
0.0
0.0
0.0
0.0
-0.002
-0.002
-0.001
0.0
0.0
0.0
0.0
0.0
0.0
0.0
0.0
0.0
0.0
0.0
0.0
0.0
0.0
0.0
0.0
0.0
0.0
0.0
0.0
0.0
0.0
-0.004
0.0
-0.002
-0.002
-0.004
-0.012
-0.009000000000000001
-0.016
-0.005
-0.008
-0.001
-0.001
0.0
0.0
0.0
0.0
0.0
0.0
0.0
0.0
0.0
0.0
0.0
0.0
0.0
0.0
0.0
0.0
-0.004
-0.006
-0.007
-0.008
-0.018000000000000002
0.016
-0.002
0.001
0.001
-0.009000000000000001
-0.03600000000000002
-0.031000000000000014
-0.023000000000000007
-0.012
-0.014000000000000002
-0.006
-0.006
0.0
0.0
0.0
0.0
0.0
0.0
0.0
0.0
0.0
0.0
-0.004
-0.01
-0.016
-0.02700000000000001
0.016
0.023000000000000007
0.06600000000000004
-0.024000000000000007
-0.015000000000000001
-0.04200000000000002
-0.02000000000000001
-0.032000000000000015
0.05300000000000003
-0.06800000000000005
-0.08600000000000006
-0.03800000000000002
-0.02500000000000001
-0.021000000000000005
-0.016
-0.003
-0.001
-0.002
0.0
0.0
0.0
0.0
0.0
0.0
-0.004
-0.01
0.019000000000000003
0.012
0.04900000000000003
0.06900000000000003
-0.005
-0.03800000000000003
-0.025
0.043000000000000024
0.017
0.01
0.016999999999999994
-0.03700000000000001
0.007999999999999997
-0.006000000000000007
-0.06500000000000004
8.673617379884035E-19
-0.015000000000000001
0.007
-0.03500000000000002
-0.016
-0.004
0.0
0.0
0.0
0.0
-0.004
-0.002
0.0
0.0019999999999999983
-0.001
0.055000000000000035
-0.013000000000000001
0.03800000000000003
0.05400000000000003
-0.00800000000000001
0.06200000000000004
-0.003
0.009999999999999993
-0.039000000000000035
-0.011000000000000024
0.03900000000000001
0.06700000000000003
0.03400000000000001
0.04400000000000004
-0.005000000000000007
0.007000000000000001
-0.023
-0.023000000000000007
0.004
-0.013000000000000001
-0.006
0.0
0.0
0.0
0.0
-0.001
0.02800000000000001
0.014999999999999993
0.04600000000000003
0.05000000000000004
-0.009000000000000005
0.08500000000000006
0.037000000000000026
-0.020999999999999998
0.02600000000000001
-0.026000000000000016
0.01999999999999999
0.017000000000000043
0.036000000000000046
0.04500000000000002
3.469446951953614E-18
0.034000000000000016
0.015999999999999966
-0.02700000000000001
0.053000000000000026
-0.03200000000000001
-0.024000000000000007
-0.002
-0.020000000000000004
-0.008
-0.002
0.0
0.0
0.014
0.01
0.0
0.030000000000000013
-0.029000000000000012
-0.00399999999999998
9.999999999999792E-4
0.030000000000000027
0.08000000000000004
0.030000000000000013
0.07600000000000005
0.023
0.011000000000000003
0.03500000000000004
0.029000000000000012
-0.014999999999999968
0.06600000000000004
0.00700000000000007
-0.03
0.00499999999999999
0.05900000000000004
0.056000000000000036
0.009000000000000001
-0.001
-0.006
-0.006
-0.002
0.0
0.0
0.0
0.006
0.03900000000000003
0.08200000000000006
0.023000000000000007
0.011000000000000017
0.008000000000000007
-0.037000000000000005
-0.014999999999999965
-0.010000000000000012
-0.042000000000000016
9.999999999999966E-4
0.006000000000000004
0.05700000000000004
0.017
0.011000000000000018
0.08000000000000006
0.08600000000000006
0.008999999999999956
0.0
-0.007999999999999986
-0.011
0.017
0.012
-0.002
0.0
0.0
0.0
0.0
0.0
0.016
0.03900000000000002
0.03700000000000002
-0.002
-0.005000000000000004
0.0070000000000000045
0.014000000000000004
-0.019999999999999983
0.001000000000000014
0.026000000000000002
-0.010000000000000016
0.018999999999999996
0.045000000000000026
0.06900000000000005
0.05700000000000004
0.05800000000000004
0.10100000000000008
0.034
0.004999999999999997
-9.999999999999844E-4
0.009999999999999998
-0.003999999999999999
-0.004
-0.002
0.0
0.0
0.0
0.0
0.0
0.014
0.055000000000000035
0.024000000000000014
0.030000000000000013
0.030000000000000006
0.014999999999999975
0.0019999999999999966
0.011
-0.0030000000000000243
-0.004999999999999994
-0.05700000000000004
0.0
-0.029000000000000012
-0.0069999999999999975
0.024
0.023999999999999973
0.055000000000000035
-0.029000000000000033
0.007999999999999997
0.05300000000000003
-0.022000000000000006
0.034000000000000016
-0.016
-0.006
0.0
0.0
0.0
0.0
0.0
0.001
0.05700000000000004
0.013000000000000005
-0.0010000000000000009
-0.08200000000000005
-0.029000000000000005
-0.015000000000000005
-0.009000000000000001
0.004999999999999986
-0.09400000000000007
-0.07300000000000005
-0.08400000000000006
-0.03900000000000002
-0.023000000000000007
0.039000000000000014
3.469446951953614E-18
0.0019999999999999966
0.05200000000000003
-0.004999999999999997
0.007999999999999983
-0.020999999999999998
-0.022
-0.009000000000000001
0.003
-0.006
0.0
0.0
0.0
0.0
0.006
0.05100000000000003
0.006000000000000005
0.008000000000000007
0.04600000000000002
0.014999999999999993
-0.0040000000000000036
-0.03400000000000001
-0.008000000000000005
-0.07400000000000005
-0.06300000000000004
-0.024000000000000007
-0.03200000000000002
0.0
0.04100000000000002
-0.023000000000000007
-0.012000000000000005
0.008999999999999984
-0.006000000000000004
0.004
-0.004000000000000001
-0.009
-0.02800000000000001
0.019000000000000003
-0.006
0.0
0.0
0.0
0.0
0.0
0.014000000000000005
0.06400000000000004
0.03500000000000002
-0.012000000000000007
0.013000000000000001
-0.006999999999999988
0.012000000000000004
0.005999999999999972
-0.008000000000000007
-0.1370000000000001
-0.06300000000000003
-0.023000000000000007
-0.004000000000000007
0.012
0.033000000000000015
0.007999999999999993
0.03900000000000003
0.03500000000000002
0.052000000000000025
-0.018999999999999996
0.007
0.011000000000000006
0.021000000000000005
-0.01
0.0
0.0
0.0
0.0
0.0
0.04100000000000002
0.015
0.011999999999999995
0.0020000000000000035
-0.04900000000000003
0.014999999999999986
-0.07100000000000005
-0.016
9.99999999999993E-4
-0.032000000000000015
-0.05300000000000003
-0.054000000000000034
-0.10600000000000007
-0.003999999999999972
0.031000000000000007
0.05400000000000005
0.09100000000000007
0.017
-0.016999999999999994
-0.033000000000000015
-0.002
-0.024000000000000007
0.0
-0.006
0.0
0.0
0.0
0.0
0.0
0.002
0.04600000000000003
-0.04600000000000002
-0.009000000000000001
0.02600000000000001
0.0019999999999999966
-0.03200000000000002
-0.041000000000000016
-0.010000000000000014
0.021000000000000026
-0.022
0.027000000000000017
-0.003999999999999979
0.0019999999999999896
0.04700000000000003
-0.0019999999999999966
-0.0029999999999999905
-0.0029999999999999966
-0.04100000000000003
-0.022000000000000013
-0.023000000000000007
-8.673617379884035E-19
0.013000000000000001
0.0
0.0
0.0
0.0
0.0
0.022000000000000006
0.019000000000000003
0.029000000000000012
0.01
-0.013
-0.026000000000000016
-0.03700000000000002
-0.06800000000000005
-0.03000000000000002
-0.013000000000000015
-0.003999999999999997
0.003000000000000015
0.03900000000000003
0.002
-0.031000000000000014
-0.07500000000000005
0.035000000000000024
0.048000000000000036
0.028000000000000004
0.011
-0.030000000000000013
0.0
-0.015
-0.002
0.0
-0.004
0.0
0.0
0.0
0.022000000000000006
-0.001
-0.002
-0.04000000000000003
-0.06900000000000005
-0.045000000000000026
-0.03700000000000002
-0.037000000000000026
-0.04200000000000003
0.034000000000000016
-0.03900000000000002
0.07500000000000005
0.005999999999999993
0.008999999999999977
0.03700000000000001
-0.06900000000000005
-0.04700000000000003
-0.003999999999999997
-0.05100000000000003
0.002
-0.03400000000000002
-0.03600000000000001
0.01
0.0
0.0
-0.004
0.0
0.0
0.0
0.0
-0.007
-0.031000000000000014
-0.054000000000000034
-0.019000000000000003
-0.009000000000000011
-0.02800000000000001
-0.025
-0.056000000000000036
0.030000000000000013
-0.03200000000000002
-0.05600000000000005
-0.03900000000000001
-0.053000000000000026
-0.043999999999999984
-0.06100000000000004
-0.04100000000000003
-0.011000000000000003
-0.031000000000000014
0.016000000000000007
-0.02500000000000001
-0.03700000000000002
-0.011000000000000003
0.0
0.0
0.0
0.0
0.0
0.0
0.0
-0.004
-0.012
-0.012
-0.012000000000000004
0.025
0.023000000000000007
-0.006999999999999994
-0.029000000000000012
0.02300000000000002
-0.004999999999999986
0.016999999999999994
-0.0019999999999999966
-0.023000000000000007
-0.041000000000000016
0.017999999999999995
-0.019000000000000003
-0.06200000000000003
-0.06200000000000004
-0.03700000000000002
-0.018000000000000002
-0.018000000000000002
-0.022000000000000006
0.0
0.0
0.0
0.0
0.0
0.0
0.0
0.0
-0.01
-0.001
-0.03700000000000002
-0.004999999999999999
0.031000000000000014
-0.02500000000000001
0.022000000000000006
0.018000000000000002
-0.017999999999999967
-0.033000000000000015
0.010000000000000002
0.024000000000000035
-0.023000000000000007
-0.012000000000000007
-0.04600000000000003
-0.08300000000000006
-0.020000000000000004
0.02600000000000001
-0.029000000000000012
-0.023000000000000007
-0.012
0.0
-0.002
0.0
0.0
0.0
0.0
0.0
-0.004
-0.009000000000000001
0.010000000000000002
0.021000000000000005
-0.030000000000000013
-0.055000000000000035
-1.734723475976807E-18
-0.04900000000000004
-0.023000000000000013
0.06400000000000004
-0.02000000000000001
0.023999999999999994
3.469446951953614E-18
0.03600000000000002
-0.06600000000000004
-0.03800000000000002
-0.08700000000000006
-0.015000000000000003
-0.015000000000000001
-0.02800000000000001
-0.030000000000000013
-0.012
-0.002
-0.002
0.0
0.0
0.0
0.0
0.0
-0.008
0.002
0.02800000000000001
0.06700000000000005
0.031000000000000014
0.06100000000000004
0.031000000000000014
-0.04500000000000003
-0.010000000000000009
-0.005999999999999993
-0.003999999999999997
0.03400000000000002
0.020999999999999998
0.006999999999999967
0.03500000000000002
0.002999999999999999
-0.11200000000000009
-0.03900000000000002
-0.018999999999999996
-0.02600000000000001
-0.015
0.0
0.0
0.0
0.0
0.0
0.0
0.0
0.0
0.0
-0.004
0.032000000000000015
0.029000000000000012
0.044000000000000025
0.02800000000000001
0.017999999999999988
0.06500000000000004
0.010000000000000009
0.023
0.021999999999999992
0.011000000000000005
0.015000000000000001
0.05900000000000004
0.045000000000000026
0.014000000000000005
-0.05800000000000004
-0.002
-0.010999999999999996
-0.011
-0.008
0.0
0.0
0.0
0.0
0.0
0.0
0.0
0.0
0.0
0.0
0.034000000000000016
0.011000000000000001
0.004
0.009000000000000006
0.05200000000000003
-0.006000000000000003
0.017999999999999995
0.018000000000000002
0.02700000000000001
0.017
0.010999999999999996
0.015000000000000006
0.045000000000000026
0.07000000000000005
0.016000000000000004
0.02700000000000001
-0.002
0.03500000000000002
-0.006
0.0
0.0
0.0
0.0
0.0
0.0
