-2.389999999999993
0.0
0.0
0.0
-0.04
-9.539999999999925
-6.239999999999932
-0.7800000000000005
-8.369999999999955
-0.02
-13.450000000000035
-42.69000000000069
-59.90999999999991
12.599999999998897
27.17999999999945
49.809999999998944
-16.590000000000003
0.0
-7.019999999999974
14.28000000000052
72.31
56.40999999999772
123.42999999999752
23.399999999999682
-1.3599999999999994
4.89999999999994
66.85999999999788
44.76000000000289
-14.920000000001263
-45.16000000000178
54.93999999999835
-79.62000000000249
-8.39000000000005
-1.6100000000000012
23.879999999999814
23.1699999999993
-90.95999999999945
-39.88000000000115
-71.33000000000163
-24.469999999999626
4.749999999999943
-0.01
-14.409999999999874
1.1699999999999995
63.45000000000195
2.2399999999996387
58.34999999999948
-5.430000000000049
0.0
-0.12999999999999998
