-0.08
0.0
0.0
0.0
0.0
0.0
0.0
0.0
0.0
0.0
0.0
0.0
0.0
0.0
0.0
0.0
0.0
0.0
0.0
0.0
0.0
0.0
-0.02
-0.04
-0.09000000000000001
-0.060000000000000005
0.0
0.0
0.0
0.0
0.0
0.0
0.0
0.0
0.0
-0.14
-0.07999999999999999
-0.22999999999999998
-0.3600000000000002
-0.5299999999999999
-0.4500000000000002
-0.23
-0.13
-0.30000000000000004
0.0
0.0
0.0
0.0
-0.02
-0.5500000000000002
-0.4
-0.31999999999999995
0.19000000000000003
0.47
0.32000000000000045
0.010000000000000005
-0.09000000000000005
-0.32999999999999996
-0.4299999999999999
-0.11
0.0
0.0
-0.03
-0.09999999999999999
-0.06999999999999998
-0.31000000000000016
-0.1700000000000001
0.03999999999999993
0.42000000000000015
0.09999999999999969
0.08999999999999994
0.05999999999999998
-0.06999999999999994
-0.32000000000000006
-0.14
0.0
0.0
-0.08
-0.18
0.06999999999999998
0.21999999999999995
0.20999999999999988
0.11999999999999995
-0.059999999999999935
-0.1500000000000001
0.24999999999999978
0.8500000000000001
0.32999999999999974
-0.44999999999999996
-0.029999999999999995
0.0
0.0
-0.060000000000000005
-0.14
0.4799999999999994
0.3100000000000004
0.16999999999999962
0.1399999999999996
0.35
0.3099999999999999
0.29000000000000004
0.3299999999999999
-0.25
-0.3600000000000001
-0.06000000000000001
-0.01
0.0
0.0
-0.15
0.26999999999999974
0.34000000000000025
-0.32000000000000006
0.36000000000000015
0.17999999999999994
0.07999999999999988
-0.18999999999999995
-0.2799999999999997
-0.40999999999999986
-0.29000000000000004
-0.04
-0.01
0.0
0.0
-0.13
-0.06000000000000002
-0.09999999999999998
-0.16999999999999998
0.11999999999999997
0.040000000000000015
0.22000000000000006
0.35
-0.029999999999999943
-0.14999999999999997
-0.19999999999999998
-0.13
-0.04
0.0
0.0
-0.02
-0.21999999999999997
0.060000000000000005
-0.1
-0.6000000000000001
-0.41
-0.39000000000000007
-3.469446951953614E-17
-0.12999999999999992
0.060000000000000005
-0.029999999999999992
-0.01
0.0
0.0
0.0
0.0
-0.21999999999999997
-0.29999999999999993
-0.5700000000000001
-0.18999999999999995
-0.31
-0.18999999999999992
-0.5399999999999995
-0.1800000000000001
0.17
0.030000000000000006
-0.01
0.0
0.0
0.0
0.0
-0.22999999999999995
-0.3099999999999999
0.09000000000000015
-0.04999999999999999
-0.2699999999999999
-0.11000000000000001
-0.1
0.08999999999999997
0.29
0.07
0.0
0.0
0.0
0.0
0.0
-0.18999999999999997
0.10999999999999986
0.36000000000000015
0.15
0.04000000000000001
0.18
0.28
0.4800000000000001
0.36
0.05000000000000001
0.0
0.0
0.0
