-0.026000000000000016
0.0
0.0
0.0
0.0
0.0
0.0
0.0
0.0
0.0
0.0
0.0
0.0
0.0
0.0
0.0
0.0
0.0
0.0
0.0
0.0
0.0
-0.012
-0.007
-0.002
-0.001
0.0
0.0
0.0
-0.002
0.0
0.0
0.0
0.0
0.0
-0.007
-0.039000000000000014
0.049000000000000044
0.008
-0.07200000000000004
-0.07000000000000003
-0.06000000000000003
-0.024000000000000007
-0.050000000000000024
0.0
-0.002
0.0
0.0
-0.023000000000000007
-0.07600000000000004
-0.0029999999999999584
0.04300000000000004
-0.04300000000000001
0.056999999999999995
0.02400000000000001
0.046
8.673617379884035E-19
0.019999999999999973
-0.08800000000000004
-0.016000000000000004
-0.003
0.0
0.0
-0.05000000000000002
-0.09500000000000006
-0.07900000000000006
0.04200000000000001
3.469446951953614E-18
0.04599999999999997
0.01700000000000003
-0.005
-0.05400000000000005
-0.019000000000000024
-0.021999999999999947
-0.01800000000000001
0.0
0.0
-0.006
-0.021999999999999992
0.04700000000000003
0.04200000000000004
0.014000000000000044
-0.014999999999999998
-0.007000000000000005
-0.020999999999999994
0.029000000000000057
0.07500000000000004
0.08000000000000004
-0.031999999999999994
-0.036000000000000004
-0.009000000000000001
0.0
0.0
0.06600000000000003
0.09000000000000005
0.036000000000000046
0.03200000000000004
-0.018000000000000006
0.08300000000000003
0.03900000000000001
0.09400000000000006
0.004999999999999987
0.06900000000000003
-0.006999999999999997
-0.027999999999999997
0.0
0.0
0.009000000000000001
0.012999999999999965
-0.011999999999999953
0.014999999999999986
-0.01899999999999999
0.004000000000000021
-0.030000000000000002
0.018000000000000002
0.07000000000000003
-0.048000000000000015
-0.034
-0.048
-0.020000000000000004
0.0
0.0
-0.006
0.005
-0.04099999999999998
0.0049999999999999975
0.011000000000000005
-0.020000000000000042
0.048
0.015000000000000013
-0.02599999999999996
0.009999999999999998
0.008999999999999998
-0.018999999999999975
-0.004
0.0
0.0
-0.005
-0.017999999999999988
-0.010999999999999989
-0.03399999999999999
-0.014000000000000016
-0.07500000000000004
-0.08400000000000005
-0.09800000000000005
0.08500000000000003
-0.03299999999999998
0.03300000000000001
-0.02
0.0
0.0
0.0
-0.005
-0.035
-0.05
0.030999999999999975
-0.03099999999999999
-0.00800000000000001
0.013999999999999985
0.011999999999999997
-0.10700000000000005
-0.002
-0.029000000000000015
0.02800000000000001
0.0
0.0
0.0
0.0
-0.01800000000000001
-0.04300000000000001
-0.04600000000000001
0.013000000000000012
-0.03399999999999999
-0.02599999999999999
-0.04200000000000002
0.029000000000000012
-0.003000000000000001
0.01899999999999999
0.04200000000000001
-0.001
0.0
0.0
-0.006
-0.006
0.019999999999999997
0.034
-9.540979117872439E-18
0.05500000000000001
0.004999999999999984
0.008999999999999952
0.047000000000000014
0.028000000000000014
0.02800000000000001
0.0
0.0
0.0
0.0
