-13.109999999999765
0.0
0.0
0.0
-0.060000000000000005
-1.2700000000000007
-5.029999999999982
-2.2299999999999964
-63.75000000000226
-0.3300000000000001
-1.260000000000001
-45.94000000000041
35.41999999999589
-62.95999999999772
74.45000000000213
173.83000000000828
-66.66999999999965
0.0
25.98000000000037
25.600000000000534
89.70999999998476
161.1000000000063
297.80999999997425
101.58000000000297
-24.750000000000103
-7.589999999999883
43.789999999998635
86.57999999999068
-116.23999999997338
-140.26999999999123
107.04000000001435
-121.26000000000668
-67.42000000000107
-0.009999999999999997
-81.5200000000006
-77.55000000000436
-51.12999999999984
-138.3999999999869
-129.04000000000988
27.429999999998792
-84.54000000000177
-0.03
4.490000000000087
22.580000000001256
49.82999999999838
176.92999999998705
62.82999999999398
86.28999999999942
-12.449999999999926
-0.01
