-1.5009999999999455
0.0
0.0
0.0
0.0
0.0
0.0
0.0
0.0
0.0
0.0
0.0
0.0
0.0
0.0
0.0
0.0
0.0
0.0
0.0
0.0
0.0
0.0
0.0
0.0
0.0
0.0
0.0
0.0
0.0
0.0
0.0
0.0
0.0
0.0
0.0
0.0
0.0
0.0
0.0
0.0
0.0
-0.006
-0.003
-0.006
0.0
0.0
0.0
0.0
0.0
0.0
0.0
0.0
0.0
0.0
0.0
0.0
0.0
0.0
0.0
0.0
0.0
0.0
0.0
0.0
0.0
0.0
0.0
-0.013000000000000005
-0.02600000000000001
-0.018000000000000002
-0.04600000000000003
-0.04200000000000002
-0.04600000000000003
-0.034000000000000016
-0.016000000000000004
-0.029000000000000012
-0.029000000000000012
-0.015000000000000001
-0.006
0.0
0.0
0.0
0.0
0.0
0.0
0.0
0.0
0.0
0.0
0.0
0.0
0.0
0.0
-0.002
0.0
-0.013000000000000005
-0.02000000000000001
-0.04100000000000002
-0.02800000000000001
-0.08100000000000006
-0.10900000000000008
-0.1480000000000001
-0.1480000000000001
-0.12800000000000009
-0.09700000000000007
-0.11100000000000008
-0.08600000000000006
-0.08300000000000006
-0.027000000000000017
-0.024000000000000007
0.0
0.0
0.0
0.0
0.0
0.0
0.0
0.0
0.0
0.0
0.0
-0.002
-0.002
-0.033000000000000015
-0.04800000000000003
-0.1440000000000001
-0.1420000000000001
-0.22900000000000018
-0.2620000000000002
-0.32200000000000023
-0.45200000000000035
-0.45600000000000035
-0.5170000000000003
-0.5230000000000004
-0.5690000000000004
-0.3980000000000003
-0.33100000000000024
-0.18300000000000013
-0.16000000000000011
-0.045000000000000026
-0.034000000000000016
-0.030000000000000013
0.0
0.0
0.0
0.0
0.0
0.0
0.0
-0.002
-0.004
-0.055000000000000035
-0.08900000000000007
-0.1570000000000001
-0.20300000000000015
-0.36900000000000027
-0.43500000000000033
-0.7610000000000006
-0.8480000000000006
-0.9270000000000007
-1.0329999999999997
-1.106999999999997
-1.0000000000000007
-0.8980000000000007
-0.8160000000000006
-0.6170000000000004
-0.2710000000000002
-0.2990000000000002
-0.09000000000000007
-0.07100000000000005
-0.031000000000000014
-0.002
0.0
0.0
0.0
0.0
0.0
-0.008
-0.006
-0.06800000000000005
-0.09400000000000007
-0.1500000000000001
-0.32500000000000023
-0.4960000000000004
-0.6940000000000005
-0.9670000000000007
-0.9630000000000007
-1.1459999999999946
-1.2179999999999895
-1.2279999999999869
-1.210999999999987
-1.1459999999999912
-1.0819999999999963
-0.9930000000000008
-0.7510000000000006
-0.5980000000000004
-0.35100000000000026
-0.1520000000000001
-0.054000000000000034
-0.018000000000000002
-0.002
-0.002
0.0
0.0
0.0
-0.008
-0.004
-0.032000000000000015
-0.06500000000000004
-0.16200000000000012
-0.2930000000000002
-0.4140000000000003
-0.5320000000000004
-0.8200000000000006
-0.9220000000000007
-1.121999999999993
-1.4169999999999836
-1.4049999999999834
-1.2039999999999882
-1.1359999999999917
-1.215999999999988
-1.1569999999999936
-1.0100000000000002
-0.7870000000000006
-0.5490000000000004
-0.3890000000000003
-0.18400000000000014
-0.06300000000000004
-0.024000000000000007
0.0
0.0
0.0
0.0
0.0
-0.008
-0.006
-0.04000000000000002
-0.1300000000000001
-0.23300000000000018
-0.34900000000000025
-0.4920000000000004
-0.7660000000000006
-1.0509999999999984
-1.0619999999999976
-1.21899999999999
-1.2569999999999868
-1.1589999999999905
-1.307999999999989
-1.1749999999999903
-1.2179999999999913
-1.0899999999999954
-0.9960000000000008
-0.7890000000000006
-0.6750000000000005
-0.46500000000000036
-0.25100000000000017
-0.11200000000000009
-0.034000000000000016
0.0
0.0
0.0
0.0
0.0
-0.008
-0.02500000000000001
-0.06600000000000004
-0.1480000000000001
-0.2610000000000002
-0.4050000000000003
-0.6020000000000004
-0.7710000000000006
-0.9300000000000007
-1.0609999999999977
-1.2089999999999905
-1.1909999999999912
-1.098999999999995
-1.1949999999999912
-1.1439999999999926
-1.183999999999991
-1.1449999999999922
-0.9940000000000008
-0.8610000000000007
-0.5460000000000004
-0.31900000000000023
-0.2930000000000002
-0.09600000000000007
-0.04100000000000002
0.0
0.0
0.0
0.0
0.0
-0.006
-0.007
-0.06200000000000004
-0.1520000000000001
-0.1560000000000001
-0.3930000000000003
-0.6270000000000004
-0.7390000000000005
-1.0399999999999994
-1.1119999999999965
-1.1339999999999943
-0.9490000000000007
-1.0859999999999959
-1.197999999999991
-1.2099999999999886
-1.2859999999999854
-1.1119999999999939
-0.8680000000000007
-0.7980000000000006
-0.5100000000000003
-0.25300000000000017
-0.23400000000000018
-0.1210000000000001
-0.032000000000000015
0.0
0.0
0.0
0.0
0.0
-0.009000000000000001
-0.033000000000000015
-0.09400000000000007
-0.16900000000000012
-0.23600000000000018
-0.47600000000000037
-0.6110000000000004
-0.7960000000000006
-0.8590000000000007
-0.8600000000000007
-0.9970000000000008
-1.0040000000000002
-1.089999999999997
-1.2559999999999893
-1.398999999999983
-1.345999999999982
-1.1599999999999926
-0.9500000000000007
-0.7080000000000005
-0.3910000000000003
-0.19800000000000015
-0.20100000000000015
-0.07500000000000005
-0.012
0.0
0.0
0.0
0.0
0.0
-0.001
-0.02500000000000001
-0.03000000000000002
-0.11000000000000008
-0.3010000000000002
-0.4100000000000003
-0.6140000000000004
-0.8710000000000007
-0.7730000000000006
-0.8770000000000007
-1.0619999999999978
-1.0189999999999997
-1.167999999999992
-1.2529999999999875
-1.3209999999999824
-1.2599999999999854
-1.103999999999996
-0.7840000000000006
-0.6170000000000004
-0.3130000000000002
-0.16600000000000012
-0.16700000000000012
-0.10200000000000008
-0.004
0.0
0.0
0.0
0.0
0.0
-0.002
-0.02600000000000001
-0.02600000000000001
-0.18900000000000014
-0.22600000000000017
-0.5720000000000004
-0.7400000000000005
-0.7760000000000006
-0.7880000000000006
-1.091999999999997
-1.1059999999999963
-1.076999999999997
-1.20099999999999
-1.3159999999999823
-1.381999999999978
-1.4099999999999833
-0.9830000000000008
-0.8390000000000006
-0.6010000000000004
-0.4110000000000003
-0.21000000000000016
-0.16700000000000012
-0.07500000000000005
-0.004
0.0
0.0
0.0
0.0
0.0
0.0
-0.024000000000000007
-0.010000000000000002
-0.20800000000000016
-0.46000000000000035
-0.4840000000000004
-0.6640000000000005
-0.7950000000000006
-0.9030000000000007
-1.0949999999999955
-1.1419999999999944
-1.2199999999999875
-1.2609999999999844
-1.218999999999982
-1.5809999999999733
-1.1849999999999932
-1.0229999999999992
-0.6670000000000005
-0.6320000000000005
-0.48100000000000037
-0.2820000000000002
-0.16500000000000012
-0.09300000000000007
-0.003
0.0
0.0
0.0
0.0
0.0
0.0
-0.02600000000000001
-0.07500000000000005
-0.25300000000000017
-0.3980000000000003
-0.5380000000000004
-0.5950000000000004
-0.8000000000000006
-0.9950000000000008
-1.2009999999999903
-1.2399999999999873
-1.3699999999999843
-1.2759999999999823
-1.2929999999999822
-1.4759999999999784
-1.1639999999999917
-0.9890000000000008
-0.8230000000000006
-0.6740000000000005
-0.5550000000000004
-0.2670000000000002
-0.20600000000000016
-0.10500000000000008
-0.01
-0.01
0.0
0.0
0.0
0.0
0.0
-0.002
-0.08900000000000007
-0.2850000000000002
-0.36700000000000027
-0.5210000000000004
-0.8300000000000006
-0.8120000000000006
-1.0839999999999979
-1.1529999999999943
-1.2409999999999888
-1.2139999999999895
-1.3049999999999833
-1.3889999999999771
-1.1769999999999896
-1.3769999999999845
-1.0649999999999982
-0.9160000000000007
-0.7610000000000006
-0.5320000000000004
-0.2910000000000002
-0.1480000000000001
-0.08200000000000006
-0.030000000000000013
0.0
0.0
0.0
0.0
0.0
0.0
-0.024000000000000007
-0.1500000000000001
-0.3030000000000002
-0.4190000000000003
-0.5610000000000004
-0.6740000000000005
-0.7320000000000005
-0.9160000000000007
-1.0499999999999976
-1.0869999999999957
-1.187999999999993
-1.2419999999999876
-1.3619999999999814
-1.2379999999999878
-1.3919999999999866
-1.104999999999996
-0.8760000000000007
-0.7240000000000005
-0.5100000000000003
-0.36100000000000027
-0.17600000000000013
-0.10600000000000008
-0.008
-0.006
-0.006
0.0
0.0
0.0
-0.012
-0.034000000000000016
-0.1400000000000001
-0.3010000000000002
-0.5860000000000004
-0.5830000000000004
-0.6660000000000005
-0.8650000000000007
-0.9430000000000007
-0.9970000000000008
-1.0359999999999991
-1.1619999999999935
-1.1969999999999905
-1.1599999999999895
-1.3069999999999868
-1.2729999999999886
-0.9470000000000007
-0.8780000000000007
-0.7120000000000005
-0.4180000000000003
-0.33600000000000024
-0.1460000000000001
-0.04700000000000003
-0.024000000000000007
-0.006
-0.006
0.0
0.0
0.0
-0.024000000000000007
-0.04200000000000002
-0.11800000000000009
-0.23700000000000018
-0.4950000000000004
-0.5990000000000004
-0.6350000000000005
-0.9240000000000007
-0.9750000000000008
-1.0239999999999994
-1.1169999999999944
-1.0909999999999958
-1.2409999999999888
-1.2329999999999877
-1.2239999999999909
-1.0579999999999983
-0.9270000000000007
-0.8830000000000007
-0.6130000000000004
-0.44300000000000034
-0.2470000000000002
-0.08400000000000006
-0.022000000000000006
-0.018000000000000002
0.0
0.0
0.0
0.0
0.0
-0.012000000000000004
-0.02700000000000001
-0.1300000000000001
-0.3060000000000002
-0.46200000000000035
-0.6620000000000005
-0.7630000000000006
-0.8330000000000006
-0.9200000000000007
-1.0589999999999973
-1.1089999999999942
-1.2269999999999879
-1.2249999999999899
-1.181999999999992
-1.2869999999999884
-1.0199999999999994
-0.8620000000000007
-0.7830000000000006
-0.5550000000000004
-0.33900000000000025
-0.16400000000000012
-0.08900000000000007
-0.013000000000000001
-0.002
0.0
0.0
0.0
0.0
0.0
-0.002
-0.020000000000000004
-0.08500000000000006
-0.22900000000000018
-0.44900000000000034
-0.7130000000000005
-0.7880000000000006
-0.9170000000000007
-1.1119999999999963
-1.2179999999999895
-1.1489999999999922
-1.2849999999999848
-1.2319999999999893
-1.1589999999999918
-1.0899999999999952
-1.0779999999999974
-0.8960000000000007
-0.5910000000000004
-0.43400000000000033
-0.22400000000000017
-0.10100000000000008
-0.05300000000000003
-0.004
-0.002
-0.002
0.0
0.0
0.0
0.0
0.0
-0.006
-0.05800000000000004
-0.1470000000000001
-0.2950000000000002
-0.5540000000000004
-0.6920000000000005
-0.8950000000000007
-0.9620000000000007
-1.1069999999999955
-1.1029999999999947
-1.0979999999999952
-0.9860000000000008
-1.096999999999996
-1.0140000000000005
-0.9380000000000007
-0.6140000000000004
-0.4960000000000004
-0.2600000000000002
-0.17500000000000013
-0.06700000000000005
0.009000000000000001
-0.001
0.0
0.0
0.0
0.0
0.0
0.0
0.0
-0.002
-0.018000000000000002
-0.10500000000000008
-0.2710000000000002
-0.35400000000000026
-0.6040000000000004
-0.6710000000000005
-0.8450000000000006
-0.7890000000000006
-0.9450000000000007
-0.9730000000000008
-0.8890000000000007
-0.8500000000000006
-0.6550000000000005
-0.5490000000000004
-0.4220000000000003
-0.2920000000000002
-0.23400000000000018
-0.10300000000000008
-0.02800000000000001
0.008
-0.002
0.0
0.0
0.0
0.0
0.0
0.0
0.0
0.0
-0.003
-0.015000000000000001
-0.11800000000000009
-0.11300000000000009
-0.18200000000000013
-0.22300000000000017
-0.46300000000000036
-0.48100000000000037
-0.4820000000000004
-0.46600000000000036
-0.5620000000000004
-0.5120000000000003
-0.35100000000000026
-0.34200000000000025
-0.22700000000000017
-0.20100000000000015
-0.11100000000000008
-0.001
0.016000000000000007
0.022000000000000006
0.0
0.0
0.0
0.0
0.0
0.0
0.0
0.0
0.0
0.0
0.002
-0.03600000000000002
-0.054000000000000034
-0.04600000000000003
-0.07200000000000005
-0.09500000000000007
-0.09000000000000007
-0.09400000000000007
-0.1510000000000001
-0.17600000000000013
-0.1540000000000001
-0.10500000000000008
-0.07400000000000005
-0.10900000000000008
-0.06000000000000004
-0.07600000000000005
0.017000000000000008
0.030000000000000013
0.0
0.0
0.0
0.0
0.0
0.0
0.0
0.0
0.0
0.0
0.0
0.006
-0.009000000000000001
-0.005
-0.012
-0.004000000000000001
-0.004
-0.008
0.002
0.007000000000000001
0.0
-0.017
-0.06200000000000004
-0.04100000000000002
-0.04800000000000003
-0.02800000000000001
-0.018000000000000002
-0.001
0.0
0.0
0.0
0.0
0.0
0.0
0.0
0.0
