-0.02000000000000001
0.0
0.0
0.0
0.0
0.0
0.0
0.0
0.0
0.0
0.0
0.0
0.0
0.0
0.0
0.0
0.0
0.0
0.0
0.0
0.0
0.0
-0.003
-0.008
-0.031000000000000014
-0.01800000000000001
-0.002
0.0
0.0
-0.001
0.0
0.0
0.0
0.0
-0.006
-0.07500000000000005
0.03500000000000001
-0.016000000000000042
0.006999999999999955
-0.10100000000000008
-0.05100000000000002
-0.05100000000000002
-0.04200000000000003
-0.08700000000000006
-0.03700000000000002
-0.002
0.0
-0.006
-0.020000000000000007
0.05500000000000001
-0.06500000000000006
0.12600000000000006
-0.06900000000000005
0.10400000000000006
0.10100000000000009
-0.08499999999999999
0.03599999999999999
-0.03500000000000002
-0.11000000000000007
-0.06300000000000003
-0.002
0.0
-0.002
-0.025999999999999995
-0.05299999999999999
-0.07000000000000003
0.0010000000000001319
0.067
0.04400000000000001
0.036999999999999894
0.006999999999999962
0.06300000000000001
-0.14500000000000007
-0.06400000000000006
-0.04700000000000003
0.0
0.0
-0.03600000000000002
-0.025999999999999933
0.005000000000000139
0.06500000000000003
0.02000000000000008
-0.0049999999999999975
-0.0010000000000000165
0.04400000000000007
0.003000000000000001
0.04100000000000002
0.1410000000000001
0.01999999999999998
-0.016000000000000007
0.0
0.0
-0.024000000000000007
-0.01899999999999999
0.16600000000000012
0.029
0.06600000000000004
-0.02399999999999994
0.03400000000000003
0.04500000000000001
0.023000000000000194
0.082
-0.02300000000000001
0.11400000000000007
-0.041000000000000016
0.0
0.0
-0.007
0.05300000000000003
-0.04600000000000003
-0.028000000000000084
-0.04999999999999996
-0.012999999999999994
-0.09800000000000006
0.003000000000000039
0.09700000000000006
-0.08400000000000003
-0.08500000000000005
0.0020000000000000035
-0.019000000000000003
0.0
0.0
-0.001
0.1520000000000001
0.03000000000000004
0.09100000000000001
-0.020999999999999946
-0.03300000000000003
-0.056999999999999995
0.16900000000000012
0.06600000000000004
-0.01800000000000013
-0.1480000000000001
-0.01500000000000001
0.013000000000000005
0.0
0.0
0.001
-0.034
-0.10100000000000008
-0.009999999999999998
-0.027999999999999994
-0.020000000000000025
-0.1320000000000001
-0.10100000000000003
-0.021999999999999943
-0.05100000000000003
-0.10900000000000004
-3.469446951953614E-18
0.024000000000000014
0.0
0.0
0.003
-0.07600000000000004
0.11000000000000007
-0.00899999999999999
0.03199999999999996
-0.05700000000000001
0.06799999999999995
-0.07700000000000012
-0.03899999999999998
0.030999999999999975
-0.004000000000000055
0.01900000000000001
0.028000000000000018
0.0
0.0
0.0
-0.015000000000000006
-0.05100000000000002
-0.012999999999999998
0.05
-0.009999999999999953
-0.07300000000000005
0.08299999999999999
-0.012000000000000007
0.039999999999999966
0.08400000000000005
0.1300000000000001
0.003
0.0
0.0
-0.002
0.056000000000000036
0.06900000000000003
-0.0010000000000000018
0.06300000000000003
0.08900000000000007
0.07200000000000002
0.08200000000000005
0.034000000000000016
0.04300000000000005
0.08400000000000005
0.010000000000000002
0.0
0.0
0.0
