-1.1899999999999797
0.0
0.0
-0.006
-0.08000000000000006
-0.33100000000000024
-0.12400000000000007
-0.013000000000000005
-0.6700000000000005
0.0
-0.8080000000000006
-0.05099999999999826
0.22199999999999842
0.15100000000000632
-0.10899999999999993
0.11400000000001603
0.11600000000000486
-0.001
0.020000000000000323
0.21800000000000036
0.29100000000000004
-0.032999999999995984
0.3930000000000002
0.2019999999999968
-0.44000000000000034
0.21600000000000016
0.22300000000000064
0.041000000000002534
-0.13800000000000429
-0.07300000000000723
0.19099999999999756
-0.20000000000000273
-1.6209999999999336
0.8120000000000006
-0.24500000000000022
0.0890000000000119
-0.29200000000000015
-0.3470000000000004
-0.2819999999999992
-0.3209999999999999
0.5310000000000005
0.09000000000000007
-0.1329999999999999
0.06200000000000077
0.13799999999999973
0.15100000000000463
0.006999999999996075
0.7600000000000006
0.5320000000000004
-0.09200000000000007
