-0.015000000000000006
0.0
0.0
0.0
0.0
0.0
0.0
0.0
0.0
0.0
0.0
0.0
0.0
0.0
0.0
0.0
0.0
0.0
0.0
0.0
0.0
0.0
0.0
0.0
0.0
0.0
0.0
0.0
0.0
0.0
0.0
0.0
0.0
0.0
0.0
0.0
0.0
0.0
0.0
0.0
0.0
0.0
0.0
0.0
0.0
0.0
0.0
0.0
0.0
0.0
0.0
0.0
0.0
0.0
0.0
0.0
0.0
0.0
0.0
0.0
0.0
0.0
0.0
0.0
0.0
0.0
0.0
0.0
0.0
0.0
0.0
0.0
0.0
0.0
0.0
0.0
0.0
0.0
0.0
0.0
0.0
0.0
0.0
0.0
0.0
0.0
0.0
0.0
0.0
0.0
0.0
0.0
0.0
0.0
0.0
0.0
0.0
0.0
0.0
-0.002
-0.002
-0.001
-0.003
-0.005
-0.004
-0.003
-0.002
0.0
0.0
0.0
0.0
0.0
0.0
0.0
0.0
0.0
0.0
0.0
0.0
0.0
0.0
0.0
0.0
0.0
0.0
0.0
-0.002
-0.004
-0.001
-0.005
-0.009000000000000001
-0.007
-0.014
-0.010000000000000002
-0.008
-0.005
-0.005
-0.006
-0.002
-0.002
0.0
0.0
0.0
0.0
0.0
0.0
0.0
0.0
0.0
0.0
0.0
0.0
-0.002
-0.003
-0.004
-0.002
-0.013000000000000001
-0.003
-0.023000000000000007
-0.02600000000000001
-0.017
-0.020000000000000004
-0.04000000000000002
-0.020000000000000004
-0.023000000000000007
-0.015999999999999993
-0.001
-0.009000000000000001
-0.01
-0.006
-0.006
0.0
0.0
0.0
0.0
0.0
0.0
0.0
-0.002
-0.002
-0.004
-0.008
-0.011000000000000001
-0.01
0.009
-0.003
-0.007
-0.019000000000000003
0.013999999999999995
0.015
0.008000000000000002
0.005
0.002
-0.007
0.0
-0.008
0.012999999999999998
-0.015000000000000003
-0.003
-0.014
-0.01
0.0
0.0
0.0
0.0
0.0
0.0
-0.002
-0.001
-0.003
-0.023000000000000007
-0.015000000000000003
-0.023000000000000007
0.008
0.014999999999999993
-0.004
-0.002
0.012000000000000014
0.022000000000000013
0.02100000000000002
0.03500000000000002
0.011000000000000008
0.001
-0.004000000000000001
-0.016
-0.008000000000000005
-0.016
-0.011
-0.008
-0.008
-0.002
-0.002
0.0
0.0
0.0
0.0
0.0
-0.006
-0.007
-0.013000000000000001
-0.001
0.0029999999999999983
-0.013999999999999995
-0.015999999999999997
0.023000000000000013
0.007
0.015999999999999993
0.03900000000000002
0.010999999999999992
0.023000000000000007
0.020000000000000004
-0.006
0.005000000000000004
-0.035000000000000024
-0.012000000000000007
-0.015000000000000001
-0.015000000000000003
-0.007
-0.005
-0.002
-0.002
0.0
0.0
0.0
0.0
-0.002
-0.005
0.006
0.0
-0.018000000000000002
0.001
0.011999999999999993
-0.010000000000000002
0.003000000000000001
0.010000000000000002
0.008000000000000004
0.011000000000000012
-0.001
0.00599999999999999
-0.012000000000000004
0.006000000000000001
-0.003999999999999999
-0.016
-0.003
-0.011999999999999997
0.004
-0.012000000000000004
-0.008
0.0
0.0
0.0
0.0
0.0
0.0
-0.004
-0.008
0.016
0.011000000000000001
-0.001
0.010000000000000009
0.0010000000000000018
0.003999999999999997
0.010999999999999996
0.014000000000000005
-0.019000000000000003
-0.014999999999999998
-0.006999999999999997
-0.006
-0.014000000000000005
0.014999999999999994
0.021000000000000005
0.01100000000000001
0.013
0.002
0.004
-0.003
0.0
0.0
0.0
0.0
0.0
0.0
0.0
-0.008
-0.004
0.009000000000000001
0.009000000000000001
-2.6020852139652106E-18
0.003
0.018000000000000002
0.014000000000000016
0.03200000000000002
-0.001
-0.014
-0.012000000000000002
-0.006
0.017000000000000008
0.008
-0.004000000000000001
0.015
0.007000000000000001
0.02500000000000001
0.011999999999999997
-0.008
0.001
0.004
-0.002
-0.002
0.0
0.0
0.0
0.0
-0.005
-0.004
0.014000000000000002
0.015000000000000003
0.013999999999999992
0.004000000000000002
0.007999999999999997
0.013000000000000015
0.004
0.002
-0.007
-0.005
0.012999999999999996
-0.003
0.004
0.017
0.009000000000000006
0.022000000000000006
0.014000000000000002
-0.009000000000000001
-0.006
-0.002
-0.001
-0.001
-0.002
0.0
0.0
0.0
0.0
-0.004
-0.005
0.004
0.019999999999999997
0.013
0.009000000000000011
0.017999999999999995
0.009999999999999998
-0.002
0.006000000000000004
0.020000000000000004
-0.005
0.001
-0.003999999999999998
0.005000000000000004
0.009000000000000005
0.006000000000000001
0.015000000000000001
-0.004
-0.008
-0.008
-0.001
-0.002
0.0
0.0
0.0
0.0
0.0
0.0
-0.008
-0.001
-0.001
-0.008000000000000002
0.019999999999999997
0.006000000000000002
0.006999999999999986
-0.012000000000000004
0.016
-0.002
-0.002
0.016999999999999994
-0.002
-0.02700000000000001
0.020000000000000004
0.02600000000000001
0.012000000000000007
0.005000000000000001
-0.01
-0.007
0.002
-0.002
0.0
0.0
0.0
0.0
0.0
0.0
0.0
-0.007
-0.009000000000000001
-0.004
-0.006
0.012000000000000007
-0.01
0.01599999999999998
-0.009000000000000001
-0.021000000000000005
0.002
-0.005999999999999993
0.0040000000000000036
0.016
-0.002
0.016999999999999994
0.014999999999999994
0.012000000000000004
0.002
-0.019000000000000003
-0.007
-0.014
-0.012
0.0
-0.002
0.0
0.0
0.0
0.0
0.0
0.0
-0.008
-0.024000000000000007
-0.001
-0.009
-0.007999999999999997
0.0
0.003
0.011
-0.010000000000000002
-0.003
0.0049999999999999975
0.009000000000000001
0.00899999999999999
-0.005
0.002
-0.005
-0.013000000000000001
-0.005000000000000001
-0.009000000000000001
-0.014
-0.012
0.0
-0.003
0.0
0.0
0.0
0.0
0.0
0.01
-0.007
-0.005999999999999999
0.0
0.012000000000000002
-0.014000000000000002
-0.011000000000000003
0.0
0.022
-0.004
0.017
0.006
0.004
-0.011000000000000001
0.004
-0.010999999999999996
-0.012
-0.006
-0.015
-0.010000000000000002
-0.008
-0.01
0.0
-0.003
0.0
0.0
0.0
0.0
0.0
0.003
0.002
0.0
-0.007000000000000002
-0.009000000000000001
-0.006
-0.007
-0.003
-0.006
-0.006999999999999997
0.001
0.00599999999999999
0.003
8.673617379884035E-19
-0.01299999999999999
0.013000000000000001
0.004
-0.006000000000000001
-0.012000000000000004
-0.010000000000000002
-0.006
-0.006
0.0
-0.006
0.0
0.0
0.0
0.0
0.0
0.003
0.002
0.0
-0.003
-0.004
-0.012000000000000004
-0.008
0.004
-0.011000000000000001
-0.015000000000000001
-0.012000000000000005
-0.014
-0.003
0.001
0.0050000000000000044
0.006
-0.012000000000000004
0.003
-0.010000000000000002
-0.002
-0.004
-0.004
0.0
0.0
0.0
0.0
0.0
0.0
0.0
0.003
0.002
-0.007
0.011000000000000001
0.0
-0.005
-0.0010000000000000009
-0.017
-0.031000000000000014
-0.015000000000000006
0.004
-0.003
-0.002
-0.007000000000000004
0.003
-0.022000000000000006
0.003
-0.008
-0.011000000000000003
0.0
-0.002
0.0
0.0
0.0
0.0
0.0
0.0
0.0
0.0
0.0
0.005
0.001
0.001
-0.014
-0.001
-0.022000000000000006
-0.012000000000000002
-0.011000000000000006
-0.006000000000000004
0.002
-0.0070000000000000045
0.006000000000000004
0.008
-0.023000000000000007
-0.016
0.005
-0.013999999999999999
-0.002
0.0
-0.001
-0.002
-0.002
0.0
0.0
0.0
0.0
0.0
0.0
0.0
-0.002
-0.004
0.001
-0.006
0.001
-0.007
-0.011999999999999997
-0.010000000000000009
0.007
-0.004
0.01
0.005
-0.017
-0.022000000000000006
-0.005
0.008
-0.006
-0.001
0.001
0.003
-0.001
-0.001
0.0
0.0
0.0
0.0
0.0
0.0
0.0
0.0
-0.004
-0.002
0.003
0.003
-0.009000000000000001
0.011
0.009000000000000001
-0.020000000000000004
-0.018999999999999996
0.0049999999999999975
-0.02100000000000001
-0.011000000000000008
-0.016
0.013000000000000001
0.013
-0.01
0.004
0.004
0.004
0.0
0.0
0.0
0.0
0.0
0.0
0.0
0.0
0.0
-0.002
0.003
0.0
0.017
0.006
0.009000000000000001
-0.003
-0.007000000000000002
-0.021000000000000005
0.002
0.003000000000000002
-0.016999999999999994
0.003
-0.001
0.006
0.001
-0.003
0.002
0.006
0.004
0.0
0.0
0.0
0.0
0.0
0.0
0.0
0.0
0.0
0.004
-0.002
0.01
0.005
0.013000000000000001
0.006
0.007
-0.001
0.007000000000000002
0.024000000000000007
-0.0019999999999999974
-0.009000000000000001
0.01
0.003
-0.006
-0.002
0.002
0.007
0.006
0.0
0.006
0.0
0.0
0.0
0.0
0.0
0.0
0.0
0.004
0.002
0.004
-0.001
0.003
-0.004
0.006
0.006
0.010000000000000002
0.02600000000000001
0.011000000000000001
0.012
0.005
0.012
0.003
0.003
-0.002
-0.005
0.001
0.002
0.0
0.0
0.0
0.0
0.0
0.0
0.0
