-1.5900000000000012
0.0
0.0
0.0
0.0
0.0
0.0
0.0
0.0
0.0
0.0
0.0
0.0
0.0
0.0
0.0
0.0
0.0
0.0
0.0
0.0
0.0
-0.060000000000000005
-0.09
-0.04
-0.18000000000000005
-0.23999999999999996
-0.02
0.0
-0.07
0.0
0.0
0.0
0.0
-0.04
-0.17
-0.12000000000000022
0.8400000000000003
0.21999999999999897
-2.450000000000005
-1.0300000000000007
0.2599999999999999
-0.8400000000000005
-1.2000000000000008
-0.7800000000000004
0.0
0.0
0.0
-0.6200000000000004
-0.2700000000000006
-0.18999999999999995
0.8899999999999999
-0.5000000000000011
1.3600000000000003
1.4100000000000015
0.18999999999999928
0.2899999999999969
-0.4900000000000001
-1.2900000000000005
-1.5300000000000011
0.0
0.0
-0.05
0.020000000000000004
0.41999999999999954
-1.320000000000001
0.20000000000000012
0.7700000000000009
0.5999999999999978
0.34999999999999704
0.5799999999999987
-0.09000000000000075
0.07999999999999934
0.8100000000000005
-0.8000000000000004
0.0
-0.01
-0.5300000000000001
-0.35999999999999915
1.0200000000000005
-0.5499999999999966
1.3700000000000003
0.3499999999999999
0.5499999999999984
0.12000000000000041
0.36999999999999683
1.2000000000000002
-0.339999999999999
-0.6399999999999998
-0.37000000000000005
-0.21000000000000005
-0.01
-0.8000000000000005
0.5499999999999993
2.169999999999995
0.9699999999999998
-0.2800000000000016
-0.15000000000000285
0.8699999999999997
-0.7000000000000012
1.199999999999999
0.18999999999999528
0.7799999999999997
0.28000000000000086
-1.1300000000000008
0.0
0.0
0.4400000000000002
0.7800000000000005
-0.7299999999999993
0.21999999999999806
-0.4399999999999985
0.3800000000000001
-0.37999999999999917
-0.2600000000000001
0.8300000000000003
0.41000000000000214
-0.6400000000000007
-1.1500000000000006
-0.3200000000000001
-0.01
0.0
0.5100000000000002
0.9900000000000005
0.29999999999999905
-0.5799999999999977
-0.1699999999999995
-0.030000000000000825
-0.13999999999999702
1.040000000000001
0.19000000000000095
-0.4100000000000013
-0.6299999999999997
-0.77
0.24000000000000007
-0.01
0.0
-0.09999999999999999
-0.7900000000000004
-0.5599999999999997
0.059999999999999394
0.029999999999999527
-1.8000000000000005
-1.2400000000000004
-0.6599999999999994
0.4000000000000005
0.22999999999999846
-0.7100000000000001
-0.17
0.6400000000000003
0.0
0.0
-0.02
-1.0200000000000007
-0.6600000000000003
1.2300000000000006
0.4200000000000008
-0.39999999999999947
0.18000000000000044
-1.0700000000000003
-2.4999999999999902
-0.17999999999999952
0.07
0.8000000000000005
0.5600000000000003
0.0
0.0
0.0
0.04000000000000006
-0.17
-0.17
0.34999999999999964
-1.7100000000000009
-0.7999999999999989
-0.2699999999999974
1.04
0.4800000000000001
-0.24000000000000024
2.290000000000003
0.0
0.0
0.0
-0.4300000000000002
0.18
0.08000000000000008
-0.020000000000000115
0.9500000000000003
1.9200000000000013
0.6299999999999991
0.12999999999999906
0.5399999999999991
-1.930000000000001
-0.020000000000000052
0.26999999999999996
0.0
0.0
0.0
