-0.7290000000000005
0.0
0.0
0.0
0.0
-0.005
-0.5780000000000004
-0.060000000000000046
-2.0069999999999113
0.0
-0.7170000000000005
-0.04400000000000106
0.0399999999999976
0.11700000000000814
-0.029999999999997588
0.13800000000001833
-0.07399999999999834
-0.010000000000000002
0.16299999999999926
0.14800000000001
0.20500000000000024
0.02099999999999637
0.2570000000000002
0.15499999999999942
-0.5580000000000004
-0.33100000000000024
-0.048999999999995617
0.15900000000000758
-0.07700000000002019
0.0440000000000071
0.055999999999998135
-0.14700000000000263
-0.4130000000000003
-0.22700000000000017
-0.19000000000000017
-0.04300000000000196
-0.23300000000000004
-0.15300000000000025
-0.14300000000000251
-0.17500000000000035
-0.4090000000000003
0.10400000000000008
0.29700000000000015
0.11100000000000093
0.0739999999999964
0.026000000000003503
0.18099999999999997
0.4790000000000003
0.15300000000000008
0.0
