-14369.44200246869
0.0
0.0
0.0
0.0
0.0
0.0
0.0
0.0
0.0
0.0
0.0
0.0
0.0
0.0
0.0
0.0
0.0
0.0
0.0
0.0
0.0
0.0
0.0
0.0
0.0
0.0
0.0
0.0
0.0
0.0
0.0
0.0
0.0
0.0
0.0
0.0
-19.95199999999982
-29.930000000000728
-19.953000000001403
-39.906000000002805
0.0
0.0
0.0
-19.993999999999797
-49.8910000000069
-49.9160000000069
-29.919000000000725
-19.94999999999982
0.0
0.0
0.0
0.0
0.0
0.0
0.0
0.0
0.0
0.0
0.0
0.0
0.0
0.0
0.0
0.0
-19.94999999999982
-59.85600000002719
-19.953000000001403
-69.87799999999758
-109.80499999998952
-149.64700000001073
-189.57300000023457
-419.0090000004594
-548.677999998713
-827.9509999926629
-937.6459999892985
-957.6199999890192
-857.8759999917696
-498.76599999930056
-259.3590000005723
-109.72699999998956
-49.878000000006885
-29.929000000000727
-19.95399999999982
0.0
0.0
0.0
0.0
0.0
0.0
0.0
0.0
0.0
-39.9020000000028
-39.89700000000026
-59.85300000000186
-229.49800000044686
-399.063000000437
-468.92299999993776
-877.9359999918066
-1097.4419999857364
-1556.4469999748035
-2304.8019999742537
-2803.622999992712
-2603.8809999920777
-2424.266999984005
-1985.386999964896
-1287.0219999815145
-718.4329999952993
-359.263000000416
-159.6690000001253
-99.84099999998152
-59.89200000002723
0.0
0.0
0.0
0.0
0.0
0.0
0.0
-19.94999999999982
-29.929000000000727
-129.6809999999751
-239.45900000047595
-558.7610000001172
-977.7899999895736
-1407.010999979033
-2155.144999966578
-3123.2710000014513
-3921.6470000501276
-5358.469000321956
-6186.875000507194
-6545.879000585305
-6336.53300054175
-6007.201000451117
-4949.624000235155
-3622.411000039385
-2724.154999986516
-1596.8119999745954
-858.3059999915987
-598.7289999985137
-249.54700000050715
-39.922000000002825
0.0
0.0
0.0
0.0
0.0
0.0
-19.94999999999982
-89.78499999998243
-329.2430000004796
-738.4389999948675
-1187.4789999835946
-2085.6029999649677
-3562.308000011811
-4909.641000216993
-5967.594000467031
-7933.545000856313
-9559.845001204403
-9929.289001320678
-10627.481001462547
-10946.929001508812
-10138.412001343933
-8741.714001048807
-7284.68000072746
-5199.0730002887385
-3362.9410000218363
-2325.333999973054
-1367.0979999796295
-918.0509999913634
-149.71600000005958
-59.904000000027246
0.0
0.0
0.0
0.0
-19.94999999999982
-69.84800000001161
-199.5810000002977
-648.6689999971024
-1377.068999979758
-2025.7439999637081
-3562.5690000363966
-4949.348000259148
-6726.181000628413
-8143.236000937137
-8841.95800109924
-10238.895001383953
-10438.415001449424
-10587.989001489901
-11336.56900160367
-10278.796001403714
-9021.420001152825
-8143.090000940482
-6386.785000558559
-5259.087000290585
-3492.8300000212794
-2235.2309999702015
-1367.0549999800342
-538.8109999995467
-119.73699999995324
-39.954000000002864
0.0
-19.945999999999824
-39.9000000000028
-39.91600000000282
-149.68300000010797
-538.8140000003145
-917.8559999901661
-1885.89099996729
-3252.9430000139064
-5089.069000259604
-6994.906000670501
-7893.22000089181
-9350.465001178873
-10308.524001366926
-10767.851001473053
-11525.712001608137
-11934.872001681959
-11745.26300164955
-11545.963001615128
-10527.9670014217
-9410.319001190815
-7494.363000788282
-5628.229000404814
-4151.38400008043
-2774.0869999891934
-1466.8289999774925
-718.4129999956834
-149.66800000010792
-19.999999999999794
0.0
-19.945999999999824
-29.921000000000728
-109.75499999998955
-289.32000000055285
-668.4309999960574
-1696.0389999723354
-2474.5359999836373
-4081.0970000609395
-5688.130000418387
-6995.056000708487
-8362.482000984333
-9480.344001200301
-9839.406001285253
-10059.144001337529
-9869.257001306967
-10896.838001489006
-10518.043001437709
-10298.673001406436
-10477.990001425116
-9410.303001203465
-7604.106000833942
-6117.1590005075905
-4271.1230001091335
-2674.317999987998
-1307.2149999809603
-588.7449999983788
-189.61800000019647
-19.959999999999816
0.0
-19.945999999999824
-29.920000000000726
-129.6979999999192
-299.27000000046996
-808.21799999292
-1696.1289999718456
-2534.573999993909
-4240.774000113769
-5438.531000395018
-6586.162000642533
-8113.272000932322
-9260.918001157048
-9251.019001181467
-10039.457001325718
-9729.394001277782
-10338.412001394174
-10388.412001416156
-10528.1040014426
-10098.854001352967
-9300.497001173162
-7085.401000749546
-5398.828000363007
-3462.81600004352
-2285.2339999694377
-1017.8239999884001
-499.0370000011312
-89.8069999999824
0.0
0.0
0.0
0.0
-39.9020000000028
-279.3110000005416
-738.3519999939356
-1446.7579999774675
-2833.911000000039
-3781.85400007871
-4790.1600002705545
-6805.921000635865
-8462.331000974207
-9001.49900110656
-9340.998001181559
-9500.24000121167
-9988.749001304917
-10518.116001407257
-10198.678001370317
-10068.878001352492
-9889.076001296691
-8113.3030009503855
-6716.13300064912
-4630.353000182039
-2574.729999988806
-1536.832999976226
-628.8579999984047
-169.77200000010396
-19.97399999999981
0.0
0.0
0.0
0.0
-29.921000000000728
-319.28900000061714
-658.5069999957389
-1187.5109999833614
-2284.998999975586
-3762.0530000517906
-4620.617000219037
-6167.351000518594
-7674.231000843411
-8452.852001016347
-9111.410001143244
-9719.623001249163
-9839.84200127697
-9789.880001288799
-10637.84700144165
-10687.54600144446
-10218.272001336269
-7573.995000844926
-6326.80800053497
-3692.3600000494957
-1986.1189999645312
-1157.7639999852547
-489.16600000071287
-99.90599999994856
0.0
0.0
0.0
0.0
-19.945999999999824
-49.89300000000689
-269.3930000005576
-688.5169999964406
-1157.5589999844253
-2205.3589999701635
-3183.4610000401494
-4780.39400022974
-6237.387000547734
-7694.142000861231
-8702.013001067871
-9211.252001165343
-10487.972001402948
-9929.6870013392
-10518.303001448208
-11605.470001634212
-11755.240001644815
-9809.032001277339
-7513.9660008259225
-6206.819000498929
-3332.998000034081
-2155.638999966751
-958.1369999894389
-479.12800000031433
-189.76200000019716
-19.999999999999794
0.0
0.0
0.0
-9.972999999999912
-19.969000000001422
-179.6550000001702
-359.3610000001299
-1127.7729999859932
-2245.3929999727093
-2834.3890000303245
-4900.296000264884
-6906.23500066848
-8253.23900095639
-9380.702001186863
-10448.405001399966
-11296.131001587266
-10398.387001469488
-12044.703001767031
-13361.324001996078
-12194.491001763561
-10248.175001369107
-8202.169000942136
-5528.172000395883
-3991.705000043416
-2036.0119999639844
-998.1329999881475
-568.9649999983081
-229.56800000041554
-0.05000000000000003
0.0
0.0
0.0
-19.945999999999824
-29.94500000000073
-119.80299999995317
-379.3860000000909
-1187.6659999847518
-2445.077999978805
-3502.925000061104
-5399.544000358064
-7345.086000767126
-8292.822000976781
-9949.49800129951
-11615.714001627864
-11994.28900174666
-11745.186001748532
-14588.45700226919
-14538.737002236818
-12353.606001806773
-10597.220001453104
-8272.120000971947
-6136.960000511044
-4141.418000064396
-2354.9679999735913
-1247.655999982717
-549.1619999987014
-179.6910000002108
-0.05000000000000003
0.0
0.0
0.0
0.0
-19.945999999999824
-129.7589999999755
-389.19599999998974
-1277.5629999819935
-2694.5159999916154
-4221.543000101968
-5499.037000393464
-7065.730000740987
-8432.589001019229
-10468.199001406263
-11724.871001679268
-12163.869001815383
-13301.161002039062
-14627.805002286006
-13351.450002017864
-11435.684001659649
-10217.956001394443
-8940.628001093384
-6585.843000589641
-4440.882000124335
-2574.6399999861796
-1527.031999976043
-688.7579999954332
-159.78500000017138
9.923000000000025
0.0
0.0
0.0
0.0
0.0
-129.7389999999754
-578.8439999984678
-1766.3449999706106
-2973.9220000145615
-4411.150000157611
-5778.501000463361
-7464.374000815396
-9041.421001124992
-10338.068001390564
-10836.732001526789
-11874.38100176146
-12971.689001979252
-13051.98600197512
-12124.36300177495
-11754.842001679779
-9908.695001330776
-9259.966001147957
-6695.646000622287
-4550.574000162493
-2664.6619999932495
-1626.8139999735313
-748.5909999936337
-299.4680000005276
-10.007999999999893
0.0
0.0
0.0
0.0
19.95199999999982
-209.56900000035924
-908.2499999910553
-1896.0949999668046
-3642.5300000416896
-4630.460000231495
-6257.203000546761
-7085.751000740573
-9081.04600111908
-9829.090001286615
-10268.063001402197
-11764.583001699104
-11754.639001717902
-11515.269001661421
-11046.488001555503
-10757.358001479177
-9928.735001314108
-8751.29400105735
-6516.094000598983
-4740.184000201763
-3083.6949999978624
-1656.8829999726452
-888.2919999907217
-309.3860000004887
-109.76199999994691
0.0
0.0
0.0
0.0
-19.95399999999982
-289.3410000005126
-1137.660999985224
-2305.1919999769475
-4111.692000069368
-5488.547000369153
-6846.172000641759
-7464.7890008056675
-8492.561001032063
-9659.83400125046
-10627.248001448717
-11325.469001606038
-10846.546001534056
-11086.191001558662
-10926.705001507566
-10437.87700141072
-9250.086001187208
-8262.647000953093
-6396.54600056099
-4111.46500010718
-2864.099000003985
-1716.546999971304
-898.1659999908954
-329.2910000005838
-89.83699999998235
-19.959999999999816
0.0
0.0
0.0
-59.87900000000186
-329.34600000016667
-1237.3749999818883
-2674.3509999991225
-4460.806000158571
-6017.489000490251
-7444.742000768922
-8412.552000990641
-8921.29600112374
-9749.384001291748
-10707.068001490845
-11664.900001673612
-11325.568001620619
-11684.991001669503
-10956.466001517683
-10148.22300136152
-9709.095001258995
-7943.1620008690215
-5648.039000411474
-4091.608000075609
-2454.971999986401
-1646.6149999732527
-718.5009999952974
-229.49200000041517
-19.94999999999982
-19.959999999999816
0.0
0.0
0.0
-69.8540000000116
-448.9490000003916
-1456.863999977764
-2774.2710000039974
-4510.521000190193
-6496.452000584288
-7963.494000893439
-9130.881001146761
-9999.007001333835
-11455.766001624143
-11834.618001721743
-12273.576001811958
-12503.077001839503
-11325.876001618246
-10847.037001511368
-10158.56000135666
-8681.816001050538
-6346.935000578951
-5209.00200029663
-3353.2220000328766
-1915.8769999660715
-1386.9919999794843
-488.9439999999466
-169.63900000010332
0.0
0.0
0.0
0.0
0.0
-49.875000000006885
-389.08300000069147
-1247.2599999830582
-2574.4629999870454
-4181.070000110571
-5917.669000480717
-7803.564000867058
-9360.573001197848
-10856.938001500957
-12343.608001803046
-13012.065001948
-13331.350002006542
-12223.704001794871
-11156.322001579385
-11036.916001516838
-9091.107001117398
-6576.707000624925
-5239.26800031503
-3932.0460000470694
-2365.088999979075
-1387.0659999788859
-858.1369999919242
-359.2060000004161
-89.797000000003
-19.95199999999982
0.0
0.0
0.0
0.0
-39.9000000000028
-189.5370000002344
-718.4709999956822
-1846.0619999686385
-3193.195000017525
-5179.0530002976
-7015.371000700308
-8801.808001073312
-10168.734001370689
-10957.018001540355
-11705.309001686588
-11346.134001619554
-10827.31400150099
-9151.532001180536
-8353.248000975562
-6676.814000613492
-5000.314000268765
-3353.4710000346145
-2534.8989999784003
-1586.7549999746936
-977.853999989149
-429.1170000001554
-209.55600000035918
-99.80299999998155
0.0
0.0
0.0
0.0
0.0
-19.94999999999982
-139.65999999993875
-369.16600000049493
-888.2559999911884
-1985.8589999654405
-3692.344000015774
-5268.986000303638
-7045.239000698448
-8342.669000979673
-9120.94200115048
-9709.787001255369
-9280.61900117447
-7833.9360009034735
-6816.235000689444
-6207.574000502032
-4541.1210001336785
-2974.2459999940734
-1996.1099999652397
-1107.8279999858216
-648.7549999962498
-458.99200000052343
-159.60600000012502
-79.81999999999537
-19.95199999999982
0.0
0.0
0.0
0.0
0.0
0.0
-39.91000000000281
-129.64799999997499
-419.11000000106964
-918.0349999912137
-1526.7649999758685
-2285.016999975177
-3442.5140000412016
-4420.424000137358
-5009.318000256558
-5188.864000289587
-4999.420000255765
-4640.331000176833
-3832.321000024974
-2974.2489999872387
-2195.760999964572
-1237.696999983553
-548.9559999984551
-439.1339999996084
-379.16300000058715
-99.77500000001427
-69.79100000001168
0.012
0.0
0.0
0.0
0.0
0.0
0.0
0.0
-19.95599999999982
-9.97799999999991
9.970000000000095
-169.66700000006063
-478.9829999998166
-588.7579999967385
-977.9039999883014
-1007.8099999867758
-1197.3829999835511
-1077.6709999860363
-1017.8739999874504
-928.0989999895731
-668.7149999952254
-329.47900000037487
-39.977000000002846
39.8419999999929
10.006999999999906
-10.011999999999896
9.950999999999924
69.85200000002563
-9.971000000000084
19.95399999999982
0.0
0.0
0.0
0.0
0.0
0.0
0.0
0.0
19.94999999999982
-0.032000000000000015
-149.69800000001095
-219.4690000004853
-369.0980000003409
-438.8860000000493
-678.3249999957507
-708.2339999946424
-698.2419999949427
-598.5109999975973
-399.0349999996967
-199.48000000051562
-239.36700000053625
-139.63800000009468
-10.027999999999885
-9.99500000000011
-0.04900000000000003
-0.025000000000000015
-19.997999999999795
-19.94999999999982
0.0
0.0
0.0
0.0
0.0
0.0
