-32.5000000000021
0.0
0.0
0.0
-7.419999999999886
-15.049999999999768
-15.669999999999723
-0.08
-96.30000000000757
-0.07
-15.469999999999741
-113.66000000000606
-95.69000000002015
107.889999999966
45.33999999999619
323.679999999962
-179.45999999999808
-0.03
-19.149999999999885
198.57999999998148
172.9699999999401
348.1700000000338
455.1299999999922
140.49000000000177
-151.81000000000307
-7.839999999999877
228.23000000000712
81.15999999999829
-194.2899999999562
-189.22999999999735
146.0999999999859
-264.90999999998206
-94.00000000000152
5.82999999999992
-5.5199999999988165
-239.52999999997346
-353.2499999999754
-260.6100000000596
-168.29999999998736
74.14999999999252
0.8600000000000274
8.719999999999859
-15.059999999999599
234.73000000001437
201.24000000002007
179.1099999999579
101.98999999998824
123.43000000000461
7.580000000000128
-0.16
