-10.05999999999983
0.0
0.0
0.0
0.0
0.0
0.0
0.0
0.0
0.0
0.0
0.0
0.0
0.0
0.0
0.0
0.0
0.0
0.0
0.0
0.0
-0.6800000000000004
-4.91999999999998
-4.6999999999999655
-2.2100000000000013
-2.4400000000000017
-2.7500000000000018
-0.37000000000000016
0.0
0.0
0.0
0.0
0.0
-0.21999999999999997
-1.4200000000000008
-4.559999999999984
7.150000000000177
-15.31999999999979
-38.59000000000106
-39.66999999999951
-23.219999999999917
-3.329999999999972
-7.3099999999998895
-19.51999999999977
-4.219999999999998
-0.5600000000000003
0.0
-0.47000000000000025
-4.149999999999959
10.010000000000018
10.320000000000094
11.779999999999955
15.149999999999903
22.299999999999617
9.06999999999987
6.869999999999836
10.06999999999983
-7.66000000000023
-13.919999999999872
-2.2500000000000133
-0.7000000000000004
0.0
-0.9300000000000006
-1.8300000000000012
6.919999999999899
-8.130000000000043
23.470000000000073
37.66999999999878
41.270000000001474
36.02000000000045
2.799999999999962
15.459999999999898
-5.069999999999995
5.179999999999978
3.289999999999974
-0.02
0.0
-2.3499999999999965
-2.32000000000006
20.310000000000027
8.429999999999454
17.709999999999848
-13.460000000000013
1.8300000000000023
33.179999999998984
31.31999999999844
34.230000000001375
6.37000000000018
-4.420000000000083
-0.05999999999999738
0.0
0.0
-0.9600000000000006
15.579999999999837
37.53000000000012
23.370000000000886
0.7399999999999974
2.1400000000000055
5.949999999999954
4.009999999999802
33.94999999999946
26.529999999999703
7.439999999999987
-12.27999999999987
-6.719999999999939
0.03
0.0
1.9800000000000015
9.019999999999932
19.64999999999973
-6.869999999999871
-37.92999999999924
-19.85999999999938
-40.54999999999886
0.6499999999999949
34.24999999999947
10.979999999999977
-27.729999999999507
-8.099999999999945
-2.769999999999993
0.03
0.0
1.310000000000001
6.770000000000002
-9.309999999999999
-24.209999999999617
-15.409999999999718
-15.46999999999968
-2.9500000000001587
22.449999999999797
1.0799999999999896
15.919999999999996
-32.28999999999955
-8.100000000000016
-1.460000000000001
0.0
0.0
1.1900000000000008
2.7200000000000055
-8.169999999999982
-9.709999999999926
-13.01999999999999
-38.15999999999909
-12.449999999999905
-4.540000000000024
-25.049999999998946
-2.4300000000000206
-12.709999999999956
-1.8400000000000545
-0.2799999999999999
0.0
0.0
0.47000000000000036
-3.1999999999999464
-8.369999999999923
7.489999999999952
-10.320000000000043
-21.39000000000015
-8.03999999999984
-0.25000000000000155
-34.78000000000051
6.6500000000001815
16.319999999999848
6.529999999999935
-0.09999999999999991
-0.5300000000000002
0.0
-0.38000000000000017
4.9799999999999915
10.980000000000022
17.329999999999806
4.310000000000039
-22.19000000000085
-7.959999999999819
-3.679999999999974
2.4999999999999556
26.630000000000773
29.589999999999677
22.109999999999953
-1.0600000000000005
0.0
0.0
-0.6100000000000003
-0.15
10.829999999999828
19.049999999999795
12.429999999999797
16.649999999999846
16.86999999999977
16.09999999999987
10.969999999999779
-1.0399999999999945
5.400000000000064
5.580000000000017
0.0
0.0
0.0
