-17628.897003132726
0.0
0.0
0.0
0.0
0.0
0.0
0.0
0.0
0.0
0.0
0.0
0.0
0.0
0.0
0.0
0.0
0.0
0.0
0.0
0.0
0.0
0.0
0.0
0.0
0.0
0.0
0.0
0.0
0.0
0.0
0.0
0.0
0.0
0.0
0.0
0.0
0.0
0.0
0.0
-19.959999999999816
-19.95900000000141
-49.8970000000069
-49.89300000000689
-69.89800000001154
-79.85500000000079
-49.92400000000691
-19.959999999999816
0.0
-19.957999999999817
-29.937000000000726
-29.93700000000073
-19.957999999999817
0.0
0.0
0.0
0.0
0.0
0.0
0.0
0.0
0.0
0.0
0.0
0.0
-19.959999999999816
-19.959999999999816
-39.92400000000283
-69.90000000001153
-159.71500000012554
-239.52800000050664
-389.2540000003405
-598.8359999982808
-678.6599999957427
-958.1249999898712
-1137.6749999852238
-1227.5439999828295
-1027.8979999875712
-698.5629999955275
-329.32400000027116
-179.63600000021054
-69.8570000000116
-19.957999999999817
0.0
0.0
0.0
0.0
0.0
0.0
0.0
0.0
0.0
0.0
-59.87600000002721
-69.85799999999756
-119.76000000000413
-229.59700000044734
-439.15300000048853
-758.566999994431
-1067.9579999865675
-1407.3539999786324
-2016.2189999642305
-2735.0239999894707
-3283.8300000069844
-3223.9170000174204
-2894.561000009366
-2425.381999979523
-1547.0729999752336
-948.2819999897265
-439.26799999982785
-229.6110000005107
-149.76000000001127
-59.878000000027214
0.0
0.0
0.0
0.0
0.0
0.0
0.0
-19.957999999999817
-49.92700000000691
-179.68100000017031
-299.42100000052756
-568.9639999992781
-1008.1159999884111
-1906.728999967252
-2665.1989999852804
-3823.1710000383937
-5081.016000253733
-6408.661000541034
-7446.937000757069
-8055.469000884493
-7935.601000871732
-7476.641000774125
-6428.50100054745
-4980.994000230566
-3463.754000009077
-2046.4389999637797
-1197.9039999838844
-698.818999996114
-379.33700000091784
-59.936000000027285
0.0
0.0
0.0
0.0
0.0
-19.957999999999817
-59.896000000027236
-69.89699999999759
-419.21200000045934
-818.5859999926124
-1756.8449999707875
-2745.139999991358
-4481.954000121265
-5949.767000447029
-7696.8410008213195
-9233.97800114969
-11210.35300156039
-12098.922001760851
-13376.342002012343
-13336.609002006924
-12707.512001867764
-11399.768001580085
-9203.711001115764
-6638.306000585979
-4462.1500001198465
-2934.9839999854926
-1677.0029999727692
-1078.0339999875637
-249.59400000050738
-59.91800000002726
0.0
0.0
0.0
0.0
-19.957999999999817
-119.76999999990227
-299.4740000005275
-718.7559999950996
-1866.559999968318
-2844.8990000022
-4572.06300017822
-6199.147000529377
-8655.251001023065
-9723.449001281027
-11200.83300158193
-12129.177001779704
-12837.762001937619
-12758.0680019358
-13157.309001995507
-12468.4450018625
-11948.93500172799
-10052.561001336846
-8066.200000904077
-5969.76300045213
-4022.9540000514453
-2455.579999979463
-1527.161999975859
-688.7359999962351
-149.72700000005963
-39.95800000000287
0.0
0.0
0.0
-19.957999999999817
-249.55300000050718
-708.7949999959922
-1397.4319999791005
-2575.2989999853326
-3932.986000059956
-6528.581000555645
-8564.90900099743
-9952.670001302922
-11130.93800155301
-12388.747001796055
-13427.01300199974
-14225.1500021502
-14374.75000218178
-14135.223002143004
-13796.007002085642
-12837.496001895468
-11869.20300169079
-9273.956001154069
-6688.291000612156
-4841.578000207905
-2944.7750000049564
-1826.6019999689308
-908.3179999909017
-239.5510000004764
-29.979000000000728
0.0
0.0
-19.95599999999982
-79.8250000000008
-409.2730000005446
-1068.0149999868247
-1946.371999965707
-2994.5130000138347
-4811.257000211159
-7157.259000703782
-8994.358001094626
-9703.183001269796
-11030.896001526991
-11709.853001655443
-12189.10400175849
-12078.968001747287
-12947.464001909475
-13286.801001984113
-12627.90700187527
-12597.714001866369
-11879.279001698464
-9393.512001186831
-7177.370000711251
-5231.06400027778
-2885.119000005897
-1507.3469999761198
-858.5049999920763
-239.59000000044628
-19.983999999999803
0.0
0.0
-29.932000000000727
-159.6670000000798
-399.22500000006613
-1157.867999984418
-2026.1729999633576
-3194.1820000207445
-5130.758000279498
-6458.599000598947
-7766.710000893573
-9703.354001250007
-10671.539001445832
-11580.257001626002
-11919.722001706812
-11739.374001685557
-12557.941001842186
-12388.183001828473
-12478.176001855112
-12477.968001841122
-10881.071001513066
-8615.069001055033
-6129.733000527046
-4292.764000095746
-2386.140999977015
-1138.1189999854557
-668.9309999974898
-99.84399999994871
0.0
0.0
0.0
-29.933000000000728
-99.80099999998156
-369.24900000018624
-1038.0079999870186
-1776.7379999690138
-2944.7840000129686
-4392.1590001545455
-5670.361000454155
-7766.589000852272
-10052.476001296736
-10701.833001450186
-11061.017001526381
-11938.93900169506
-12617.831001831653
-13037.30800192753
-12288.33500181217
-12448.20500184184
-12098.89100175328
-9872.96800130309
-8006.189000914924
-5490.783000379616
-3094.990000019676
-1747.308999971123
-649.1289999970915
-329.5320000006884
-29.943000000000726
0.0
0.0
0.0
-19.95399999999982
-89.8139999999824
-309.38900000041434
-978.2149999888583
-1207.9029999817762
-2405.832999985045
-4282.693000097223
-5141.487000342858
-7666.712000817643
-9403.918001188258
-10112.680001353303
-11819.816001667194
-12488.327001805294
-12298.716001789155
-12588.320001863538
-13157.154001973893
-13606.21600203923
-12467.893001793338
-9333.627001186645
-7367.37800076743
-4941.532000242136
-2615.8459999874144
-1398.0749999797765
-559.3239999998572
-119.87799999990202
-19.968999999999813
0.0
0.0
0.0
0.0
-79.83999999999533
-309.42600000063766
-688.6689999952351
-1038.2639999859489
-2485.876999979973
-3643.785000067105
-5450.961000376172
-7597.113000826157
-9234.379001178537
-10581.791001457283
-11520.172001630619
-12897.393001905331
-12668.356001895834
-12957.66100196831
-14514.42700223699
-14574.57500222204
-12148.504001739548
-8754.703001081056
-6817.984000653529
-4412.390000124653
-2555.9549999805304
-1068.5559999870702
-479.3690000000647
-179.823000000171
-0.014
0.0
0.0
0.0
0.0
-0.004
-179.6480000002106
-568.930999998309
-1068.3159999860422
-2286.276999976067
-3534.1130000817243
-5810.480000458581
-8336.062000960434
-9453.81200122794
-12069.313001720062
-12398.48300180343
-14424.753002216461
-13177.148002033255
-15093.331002395289
-16879.98400271212
-15313.10600238641
-11869.101001699257
-9293.444001167503
-6708.243000623912
-4721.888000175409
-2416.18899997827
-1258.1439999823172
-609.1919999974922
-219.72500000035416
-0.014
0.0
0.0
0.0
0.0
0.0
-89.836000000003
-519.0079999999558
-1287.950999981814
-2805.33299999513
-4272.920000135224
-6379.786000579662
-8096.44500094861
-9753.40500127754
-11779.885001664321
-13875.629002091522
-15312.61800241801
-15073.374002423137
-17189.033002822533
-17578.53500285988
-14763.910002300916
-12507.729001828731
-9483.005001211466
-6898.119000675714
-4861.5950002189475
-2805.166999991595
-1567.6629999750367
-699.1129999957121
-159.76400000012575
0.0
0.0
0.0
0.0
0.0
0.0
-159.73300000012563
-519.0920000002197
-1587.4869999745895
-3424.0790000211673
-4851.926000250314
-6659.088000637903
-7936.731000933127
-10292.480001375581
-12528.498001809983
-14414.231002216042
-15222.837002434386
-16320.500002660787
-17108.95400280198
-16321.282002608765
-13686.304002108673
-12388.23800182035
-10381.569001388943
-7936.120000871841
-5510.5100003447615
-3244.59200001624
-1927.013999966573
-778.8649999936339
-159.7870000001259
-49.94500000000692
0.0
0.0
0.0
0.0
-39.938000000002845
-249.59200000050737
-798.6299999937291
-2246.2509999690187
-3843.6990000469955
-5261.26500032933
-6878.614000694923
-8485.678001037935
-10442.428001412525
-11949.17000172267
-13206.509002006384
-14673.616002328432
-15721.578002543178
-15911.280002542208
-14394.71300222378
-13626.034002065186
-12348.207001818817
-10910.604001499612
-8175.436000936825
-5550.281000384859
-3484.096000029427
-2026.80199996416
-838.822999991849
-219.64300000038685
-49.923000000006915
0.0
0.0
0.0
0.0
-59.89800000002724
-299.4170000005276
-1028.2939999879645
-2465.8949999801257
-4043.348000062724
-5830.254000441524
-7706.836000841559
-8585.452001058828
-10801.13900147971
-11759.330001681477
-12926.76200193177
-14713.55700229853
-14463.919002263156
-13845.277002119798
-13486.495002030742
-12288.753001801826
-12408.147001810774
-10910.514001492877
-8275.547000950512
-6069.291000475921
-3793.555000034954
-2116.648999966234
-988.480999988285
-289.46000000051237
-49.895000000006895
0.0
0.0
0.0
0.0
-69.86000000001158
-329.36800000047947
-1337.6669999806447
-2585.6409999958764
-4911.914000219323
-6878.275000632268
-8255.979000930323
-9763.298001259172
-10881.347001503867
-11639.466001668588
-13405.780002014813
-13306.166002027685
-13136.240002000632
-13136.628001965153
-13606.118002045268
-11989.169001750759
-11649.140001667625
-10301.713001367052
-7676.5170008307505
-5191.05600032709
-3504.2130000390257
-2206.399999968892
-948.4909999897216
-229.6210000004791
-49.8980000000069
0.0
0.0
0.0
0.0
-129.76599999997552
-389.25799999981393
-1497.3309999760206
-3134.475000020763
-5280.995000322283
-7097.852000703382
-8864.886001058996
-10442.123001404567
-11210.385001587356
-12418.079001832188
-13126.582001985234
-13865.200002131465
-14065.053002166394
-14125.163002156321
-13436.375002027757
-12727.725001885243
-11719.39800167091
-9682.963001233946
-6648.47500062984
-5011.529000255182
-2755.4090000055553
-1817.0299999693377
-908.4889999910496
-199.69100000029823
-39.93600000000284
0.0
0.0
0.0
0.0
-119.78200000000413
-618.8159999978529
-1477.3789999762732
-3164.4730000285795
-5670.1610004056565
-7676.723000836753
-10152.473001324499
-11719.478001658423
-12927.487001924826
-14235.000002192946
-14554.157002266564
-15112.987002378979
-14933.169002341898
-14135.367002181909
-13696.047002088755
-12717.729001877258
-10232.044001375156
-7876.453000885413
-5989.615000464836
-4033.287000054876
-2156.3119999687387
-1277.8939999813379
-678.7839999961463
-229.65000000041593
-10.003999999999895
0.0
0.0
0.0
0.0
-99.80699999998154
-409.21400000034987
-1447.3299999781211
-2765.022000001982
-5250.794000321428
-7556.911000820209
-9443.486001223639
-11719.686001684251
-13865.571002120976
-15352.445002418399
-15931.409002542008
-16180.845002590378
-15053.335002373167
-13546.267002076516
-13037.17300194436
-11560.137001619054
-8375.76600098735
-6728.636000605768
-4652.225000164169
-2865.2129999990534
-1437.530999977719
-938.4159999903097
-359.36200000012997
-109.82999999998951
-59.90500000002725
0.0
0.0
0.0
0.0
-69.85800000001159
-259.5200000005517
-868.4379999920963
-2225.988999969464
-4252.490000078073
-6738.303000621782
-8794.454001076723
-11489.9880016238
-13156.857001982884
-13646.155002095822
-14704.26700229398
-14304.968002218657
-12987.525001956545
-11889.629001720827
-10552.29600142108
-8316.206000963428
-6149.991000505217
-4392.891000115075
-2655.729999985568
-1737.2389999711547
-1028.17299998837
-379.3670000002564
-219.62800000038678
-49.95100000000693
-39.93400000000284
0.0
0.0
0.0
0.0
-39.92000000000282
-159.72000000003453
-489.1370000007129
-1178.1099999847936
-2745.3419999803373
-4671.693000153839
-7137.347000682215
-9443.272001178986
-10312.023001393394
-11210.161001581593
-11689.557001670433
-11519.689001627341
-10062.483001341847
-8954.997001092523
-7397.775000748733
-5840.376000400163
-3743.962000027287
-2216.3869999698923
-1277.965999981768
-609.0389999970424
-389.36900000069176
-139.74799999999118
-59.878000000027214
-19.961999999999815
-19.961999999999815
0.0
0.0
0.0
0.0
0.0
-39.964000000002876
-169.78500000014685
-349.46200000035105
-998.4129999888321
-2036.5469999641075
-3274.2120000076893
-4032.6430001076396
-5021.05600028874
-5620.233000396163
-6318.907000495205
-5670.007000384626
-5131.276000265327
-4492.6970001058435
-3314.455000013326
-2785.2229999715796
-1407.6819999789188
-878.4819999922651
-539.2419999997924
-259.6060000005316
-109.80999999990415
-39.883000000002774
0.006
0.0
0.0
0.0
0.0
0.0
0.0
0.0
-19.963999999999814
-9.979999999999912
-9.992999999999695
-229.59900000038402
-648.7989999970994
-748.5009999930828
-1217.844999982646
-998.3019999864847
-1088.0599999865094
-1028.2239999882347
-788.831999992808
-878.6569999908471
-569.08999999685
-489.1839999989233
-369.435000000804
109.68599999990452
119.72799999995324
99.74900000004693
149.68200000005942
99.85499999994869
-9.97600000000009
39.92600000000283
0.0
0.0
0.0
0.0
0.0
0.0
0.0
19.96999999999981
-9.983000000000096
9.986000000000102
-139.72599999993906
-389.1880000005162
-538.8619999985216
-658.6179999957362
-688.5869999950365
-678.6209999961502
-598.8359999980504
-498.96899999929946
-478.97699999931893
-349.2849999995673
-219.56700000055199
-239.53200000053695
-49.943999999974295
29.954000000000725
9.929999999999836
59.87200000002721
-10.006000000000123
0.004
0.0
0.0
0.0
0.0
0.0
0.0
