-0.05600000000000004
0.0
0.0
0.0
0.0
0.0
0.0
0.0
0.0
0.0
0.0
0.0
0.0
0.0
0.0
0.0
0.0
0.0
0.0
0.0
0.0
0.0
-0.045000000000000026
-0.25100000000000017
-0.17800000000000013
-0.06300000000000004
-0.028000000000000018
0.0
0.0
-0.001
0.0
0.0
0.0
-0.003
-0.02900000000000002
-0.33000000000000024
-0.09400000000000006
0.23800000000000016
-0.04999999999999999
-0.12300000000000008
-0.08900000000000005
0.027000000000000093
-0.3060000000000002
-0.22900000000000018
-0.34800000000000025
-0.008
0.0
-0.002
-0.4210000000000003
0.14900000000000008
0.12100000000000008
0.013000000000000154
0.014000000000000469
0.20400000000000015
0.20500000000000015
0.12900000000000053
0.04699999999999992
0.04600000000000018
-0.34000000000000025
-0.36400000000000027
-0.007
0.0
-0.04500000000000003
-0.09700000000000003
-0.03699999999999984
-0.05599999999999952
0.059000000000000094
0.22800000000000012
-0.0020000000000005317
0.09700000000000007
-0.1530000000000001
0.2810000000000002
-0.03100000000000165
0.16400000000000026
-0.3840000000000003
0.0
-0.001
-0.20700000000000016
-0.03799999999999992
0.15700000000000008
0.17100000000000012
-0.10599999999999984
0.01499999999999985
0.16500000000000004
-0.07900000000000046
0.20300000000000015
-0.036000000000000615
0.13300000000000006
-0.06500000000000003
-0.15100000000000008
0.0
-0.001
-0.06600000000000004
-0.10399999999999994
0.07400000000000002
0.1560000000000001
0.22600000000000012
-0.061000000000000235
0.1470000000000001
0.0899999999999999
0.07300000000000004
0.1830000000000001
0.33200000000000024
0.09200000000000005
-0.2740000000000002
0.0
0.0
-0.16900000000000012
0.07699999999999961
-0.0680000000000001
-0.1040000000000001
-0.16100000000000012
-0.08499999999999927
-0.14000000000000012
0.08300000000000014
0.14300000000000007
-0.05200000000000016
-0.07100000000000005
-0.1360000000000001
-0.18300000000000013
0.0
0.0
-0.18100000000000013
0.2640000000000002
-0.15000000000000016
0.12499999999999983
0.04799999999999986
-0.1590000000000001
0.019999999999999855
0.15400000000000072
-0.10899999999999985
0.052999999999999645
0.024999999999999876
-0.2570000000000002
-0.16900000000000012
-0.013000000000000005
0.0
-0.022000000000000013
-0.2720000000000002
0.0020000000000002325
-0.06300000000000006
-0.050999999999999907
-0.16400000000000012
-0.17000000000000012
-0.22500000000000017
0.014999999999999427
0.08099999999999966
-0.32000000000000023
0.11400000000000005
0.1080000000000001
-0.001
0.0
-0.011
-0.2800000000000002
-0.15800000000000008
0.2610000000000001
-0.16400000000000012
-0.08500000000000006
0.08300000000000006
-0.03900000000000001
-0.3980000000000003
0.021999999999999773
-0.05299999999999999
0.10200000000000015
-0.05800000000000002
0.0
0.0
0.0
0.17200000000000013
-0.23000000000000018
-0.12700000000000003
0.1380000000000001
-0.3060000000000002
-0.19900000000000012
0.134
0.019000000000000367
-0.04799999999999982
0.0629999999999998
0.47200000000000036
-0.011000000000000003
0.0
0.0
-0.20800000000000016
0.11500000000000009
0.14800000000000008
0.08900000000000005
0.051000000000000295
0.19100000000000017
0.10800000000000023
0.007999999999999435
0.20200000000000015
0.22100000000000017
-0.19200000000000014
0.10700000000000008
0.0
0.0
0.0
