-25.410000000001173
0.0
0.0
0.0
-13.999999999999748
-29.200000000000028
-20.639999999999716
0.0
-127.24000000000626
-5.209999999999933
-5.719999999999958
-43.63000000000065
1.3100000000016032
-27.430000000009375
59.56999999999535
450.4999999999388
-169.91999999999544
-0.3100000000000001
84.47000000000521
174.7700000000231
239.77999999989578
481.5700000000584
597.6499999999885
129.29000000002247
-183.34000000000196
-7.489999999999885
178.3400000000252
128.9900000000047
-235.64999999997744
-337.5500000000334
339.8100000000176
-383.5000000000323
-146.16000000000398
15.569999999999713
63.52999999998977
-423.41999999994545
-342.829999999986
-448.93999999997914
-277.3699999999487
-157.9700000000023
-18.33999999999927
9.739999999999837
76.57000000000171
166.63000000000335
354.77999999998804
359.5900000000514
239.7799999999613
175.87000000000873
10.149999999999839
0.0
