-0.03300000000000002
0.0
0.0
0.0
0.0
0.0
0.0
0.0
0.0
0.0
0.0
0.0
0.0
0.0
0.0
0.0
0.0
0.0
0.0
0.0
0.0
0.0
0.0
0.0
0.0
0.0
0.0
0.0
0.0
0.0
0.0
0.0
0.0
0.0
0.0
0.0
0.0
0.0
0.0
0.0
0.0
0.0
0.0
0.0
0.0
0.0
0.0
0.0
0.0
0.0
0.0
0.0
0.0
0.0
0.0
0.0
0.0
0.0
0.0
0.0
0.0
0.0
0.0
0.0
0.0
-0.002
-0.002
0.0
0.0
0.0
0.0
0.0
0.0
0.0
-0.004
-0.002
-0.006
-0.001
-0.002
0.0
0.0
0.0
0.0
0.0
0.0
0.0
0.0
0.0
0.0
0.0
0.0
0.0
0.0
-0.002
-0.001
-0.002
-0.002
-0.002
-0.002
-0.002
-0.003
-0.004
-0.007
-0.007
-0.01
-0.005
-0.001
-0.002
0.0
0.0
0.0
0.0
0.0
0.0
0.0
0.0
0.0
0.0
0.0
0.0
0.0
0.0
-0.001
-0.001
-0.003
-0.004
-0.01
0.012000000000000004
0.020000000000000004
0.001
0.003
-0.007
-0.015
-0.011000000000000001
-0.03700000000000002
-0.015
-0.006
-0.008
-0.001
-0.004
0.0
0.0
0.0
0.0
0.0
0.0
0.0
0.0
0.0
0.0
0.0
-0.002
-0.003
-0.006
-0.012
0.0
0.006
-0.018000000000000002
-0.014999999999999996
-0.029000000000000012
-0.02600000000000001
-0.023000000000000007
-0.029000000000000012
-0.02600000000000001
-0.043000000000000024
-0.032000000000000015
0.005999999999999999
-0.016
-0.021000000000000005
-0.003
-0.008
-0.004
-0.002
0.0
0.0
0.0
0.0
0.0
0.0
0.0
-0.018000000000000002
-0.019000000000000003
-0.032000000000000015
-0.014
0.016
-0.019000000000000003
0.001999999999999993
-0.0029999999999999966
0.05700000000000004
0.01899999999999999
0.03500000000000001
0.014999999999999994
0.015000000000000038
0.004
0.012000000000000005
-0.0019999999999999966
-0.001
-0.04000000000000002
-0.017
-0.029000000000000012
-0.030000000000000013
-0.002
0.0
0.0
0.0
0.0
0.0
-0.002
-0.014
-0.024000000000000007
-0.04200000000000002
-0.015000000000000008
-0.02700000000000001
-0.006000000000000007
-0.006
-0.014
0.0010000000000000035
-0.0030000000000000035
0.04000000000000004
0.039000000000000035
0.06300000000000004
0.0019999999999999966
0.025999999999999995
-0.013000000000000001
-0.031000000000000014
-0.016
-0.021000000000000005
0.005
-0.02700000000000001
-0.018000000000000006
-0.005
0.0
0.0
0.0
0.0
0.0
-0.004
-0.004
-0.014000000000000002
-0.01800000000000001
-0.013000000000000001
-0.001999999999999999
0.007000000000000001
0.009000000000000001
-0.006000000000000004
0.05400000000000003
0.03
0.04100000000000002
0.001
-0.012000000000000007
0.033000000000000015
0.009000000000000001
-0.022000000000000006
0.006000000000000002
0.005000000000000001
-0.04000000000000002
-0.03500000000000002
-0.015
-0.013000000000000005
-0.005
0.0
0.0
0.0
-0.002
-0.002
-0.002
-0.005
0.015000000000000001
-0.017
-0.02900000000000002
-0.001
0.017999999999999995
0.023000000000000007
0.03600000000000001
-0.005
0.022000000000000006
0.022000000000000006
-0.008
0.013000000000000001
-0.0019999999999999905
0.001
-0.010999999999999994
-0.030000000000000013
0.005
-0.010999999999999992
-0.005000000000000001
-0.02500000000000001
-0.018000000000000002
-0.008
0.0
0.0
0.0
0.0
-0.003
-0.005
-0.006
0.008000000000000002
0.01
0.008
0.017000000000000008
0.044000000000000025
-9.999999999999966E-4
0.0019999999999999896
-0.025
0.006999999999999995
-0.018000000000000002
-0.03000000000000002
-0.002000000000000007
-0.012999999999999987
0.014999999999999986
0.022000000000000006
9.999999999999861E-4
0.0
0.03900000000000002
-0.009999999999999995
-0.022000000000000006
-0.008
0.0
0.0
0.0
0.0
0.0
-0.003
-0.007
0.016
0.033000000000000015
0.030000000000000027
3.469446951953614E-18
0.010000000000000002
0.023000000000000034
-0.010999999999999996
0.016
0.03900000000000002
0.010000000000000005
-0.024000000000000014
0.005
-0.004999999999999983
-0.011000000000000006
0.009000000000000005
0.03500000000000002
0.016999999999999998
0.014000000000000002
0.0
-0.011000000000000005
-0.002
0.006
0.0
0.0
0.0
0.0
0.0
-0.004
-0.007
0.007000000000000001
0.013000000000000001
0.011000000000000003
0.07300000000000005
0.008000000000000007
0.011999999999999999
0.024000000000000007
0.005000000000000007
-0.020999999999999998
-0.014000000000000009
0.011000000000000017
0.02100000000000001
0.004
0.017000000000000008
-0.006000000000000001
0.034000000000000016
0.015999999999999997
0.016
-0.02600000000000001
-0.022000000000000006
-0.013000000000000001
-0.001
0.0
0.0
0.0
0.0
0.0
-0.001
-0.008
-0.004
0.021000000000000005
0.031000000000000014
0.024
-0.021999999999999985
0.008000000000000007
-0.0029999999999999966
0.001999999999999993
0.007000000000000004
-0.010999999999999996
0.032000000000000015
-0.010000000000000009
0.004
-0.008
0.010000000000000026
0.001999999999999962
0.026000000000000002
-0.023000000000000007
0.005999999999999998
-0.018000000000000002
-0.016
-0.006
0.004
0.0
0.0
0.0
0.0
-0.002
-0.002
-0.004000000000000001
0.001
-0.005
0.0069999999999999975
-0.001999999999999999
0.016999999999999994
-0.011999999999999993
0.04000000000000002
0.015999999999999993
-0.011999999999999999
0.03800000000000003
-0.004
-0.03300000000000002
0.03600000000000003
-0.009000000000000001
0.011000000000000017
-0.004
-0.024
0.014000000000000002
-0.007
-0.021000000000000005
-0.008
0.004
0.0
0.0
0.0
0.0
0.0
0.0
0.001
0.014000000000000007
0.024000000000000007
-0.008999999999999998
0.009000000000000005
0.024999999999999994
-0.022000000000000006
-0.013999999999999988
9.99999999999993E-4
-0.019999999999999997
-0.013000000000000012
0.022000000000000006
-0.041000000000000036
0.05500000000000004
0.024
0.0030000000000000027
-0.0050000000000000044
-0.029000000000000012
-0.013
-0.021000000000000005
-0.030000000000000013
-0.006
-0.004
0.0
0.0
0.0
0.0
0.0
0.016
-0.002
-0.029000000000000012
-0.021000000000000005
0.005
-0.007
0.003000000000000002
-0.04600000000000002
0.004
0.008
-0.024000000000000007
0.02100000000000001
0.003000000000000014
0.031000000000000014
-0.01599999999999998
-0.015
0.005
-0.04100000000000003
-0.004000000000000002
-0.030000000000000013
-0.021000000000000005
-0.02500000000000001
0.0
-0.006
0.0
0.0
0.0
0.0
0.002
0.016
-0.006
0.012000000000000004
9.999999999999966E-4
-0.013000000000000006
0.009000000000000001
0.006999999999999997
-0.01000000000000001
0.005
0.001999999999999986
0.03900000000000001
0.021000000000000005
0.006
0.001
0.022
-0.01199999999999998
-0.024000000000000007
-0.02800000000000001
0.008000000000000002
-0.02500000000000001
-0.017
-0.021000000000000005
-0.006
-0.006
0.0
0.0
0.0
0.0
-0.006
-0.001
-0.012
-0.005
-0.006
0.008000000000000004
0.024000000000000007
-0.009999999999999998
0.008
-0.018000000000000002
-0.013000000000000008
-0.002000000000000007
0.02800000000000001
0.020000000000000004
0.020000000000000004
-0.010000000000000005
0.010999999999999989
0.031000000000000014
-0.004
-0.020000000000000004
-0.013999999999999997
-0.017
0.002
0.0
-0.012
-0.002
0.0
0.0
0.0
-0.008
-0.003
-0.003
0.01
-0.002
-1.734723475976807E-18
0.02700000000000001
-0.02700000000000001
0.030000000000000006
-0.006000000000000006
-0.019999999999999983
-0.027000000000000017
-0.02000000000000001
-0.027000000000000024
0.004
0.013000000000000006
-0.02000000000000001
-0.00799999999999999
-0.001
-0.014
0.002
-0.010000000000000002
0.012
0.0
0.0
-0.002
0.0
0.0
0.0
0.0
0.0
-0.006
-0.008000000000000002
0.03500000000000002
-0.003
-0.03500000000000002
-0.02000000000000001
-0.04700000000000003
-0.05900000000000004
-0.020000000000000004
0.004
-0.026000000000000023
-0.03500000000000002
-0.004999999999999993
0.013000000000000008
-0.004000000000000005
-0.026000000000000002
0.019000000000000003
-0.020000000000000004
-0.013000000000000001
-0.004
0.005
0.0
0.0
0.0
0.0
0.0
0.0
0.0
-0.002
0.001
0.004
-0.015
2.6020852139652106E-18
0.017999999999999995
-0.04100000000000003
0.022000000000000006
0.005000000000000004
0.014000000000000012
0.018000000000000002
-0.024
-0.018000000000000002
0.022000000000000006
-0.05400000000000003
-0.02900000000000002
-0.020000000000000004
-0.010999999999999998
0.001
-0.008
-0.005
0.022000000000000006
0.0
0.0
0.0
0.0
0.0
0.0
0.0
0.0
0.0
0.004
0.02800000000000001
-0.04200000000000002
-0.010999999999999996
-0.005
-0.002
-0.03600000000000002
-0.015
-0.031000000000000007
0.0069999999999999915
-0.017000000000000008
-0.030000000000000034
-0.04000000000000002
-0.006
0.016
0.012999999999999992
-0.002
-0.003
-0.003
0.012
0.0
0.0
0.0
0.0
0.0
0.0
0.0
-0.004
0.014000000000000002
-0.006
-0.03700000000000002
0.005000000000000001
0.0070000000000000045
-0.003000000000000001
0.01899999999999999
-0.024000000000000014
-0.013000000000000005
-0.014999999999999994
0.0
0.005000000000000003
-0.0030000000000000035
0.007000000000000018
0.04000000000000003
-0.004000000000000001
-0.001
0.015999999999999993
-0.006
0.012000000000000002
0.016
0.0
0.0
0.0
0.0
0.0
0.0
0.0
-0.004
0.012
-0.008
-0.008999999999999998
0.0060000000000000105
-0.004
0.011000000000000003
0.010000000000000002
-0.01899999999999999
-0.045000000000000026
-0.002999999999999995
-0.008
0.014000000000000002
-0.029000000000000012
-0.004000000000000002
0.023000000000000013
0.024000000000000014
-0.008
0.009000000000000001
0.009000000000000001
-0.004
0.0
0.0
0.0
0.0
0.0
0.0
0.0
0.0
0.0
0.0
-0.014
0.029000000000000012
0.006000000000000007
0.018999999999999996
0.031000000000000014
0.0059999999999999975
0.015000000000000001
-0.002
0.014000000000000007
-0.013000000000000006
0.008999999999999998
0.016999999999999994
-0.009000000000000006
-0.011
0.0
0.012
0.013000000000000001
0.008
0.0
0.006
0.0
0.0
0.0
0.0
0.0
0.0
0.0
0.0
0.0
0.0
0.022000000000000006
0.018000000000000002
0.021000000000000005
0.023
0.028000000000000018
0.023000000000000007
0.031000000000000014
0.020000000000000004
0.008999999999999998
0.02700000000000001
0.015
-0.003
-0.012
0.014000000000000004
0.011000000000000001
0.002
-0.002
-0.002
0.0
0.0
0.0
0.0
0.0
0.0
