-14.589999999999733
0.0
0.0
0.0
0.0
0.0
0.0
0.0
0.0
0.0
0.0
0.0
0.0
0.0
0.0
0.0
0.0
0.0
0.0
0.0
0.0
-0.48000000000000015
-2.689999999999988
-14.609999999999777
-18.399999999999732
-5.799999999999945
-2.980000000000002
-0.01
0.0
-0.01
0.0
0.0
0.0
-0.03
-1.3700000000000008
-22.12000000000004
-26.59999999999916
-11.749999999999787
-73.19000000000304
-81.65000000000153
-61.33999999999871
1.7600000000002494
-16.23999999999976
-56.680000000000035
-17.879999999999775
-4.209999999999955
0.0
-0.02
-5.5799999999999255
15.5999999999999
-3.709999999999799
45.500000000000654
26.959999999996626
77.08000000000109
74.380000000003
47.000000000003084
43.139999999998295
33.1800000000057
-48.76000000000006
-9.520000000000058
-0.01
0.0
-0.36000000000000015
-2.2800000000000735
7.509999999999398
-50.15999999999948
102.31000000000874
45.660000000003336
64.64000000000301
94.59000000000587
73.77000000000241
142.2700000000046
32.5800000000061
21.840000000001933
-9.52999999999994
0.0
0.0
-6.019999999999916
6.379999999999604
16.08999999999993
37.0200000000042
-9.95000000000019
-18.84000000000041
-21.669999999999135
117.98000000001215
88.69999999999939
125.890000000001
62.079999999996524
-41.7799999999991
-4.419999999999995
0.0
0.0
-6.30999999999991
16.0999999999997
41.7699999999957
-2.2900000000005223
-7.15999999999977
24.959999999998477
68.25999999999337
39.77000000000227
53.86000000000148
92.06000000000006
-8.100000000000314
-50.239999999998695
-30.73000000000078
0.3200000000000001
0.0
1.1800000000000008
16.049999999999894
25.85999999999924
-60.92999999999214
-87.88999999999972
-35.10999999999964
-30.990000000000627
24.849999999998836
75.87000000000292
-18.999999999999414
-82.35000000000154
-64.80000000000058
-9.059999999999848
-0.35000000000000014
0.0
0.15
-4.469999999999881
-2.5299999999998244
-40.66999999999584
-61.97999999999852
-58.51000000000035
-47.809999999995505
54.06999999999884
25.380000000004237
-24.659999999999393
-35.7599999999992
-11.179999999999874
-0.22999999999999993
-0.6700000000000004
0.0
-0.10999999999999999
-8.750000000000002
-32.64000000000259
-41.510000000002364
-48.010000000000396
-151.93000000000524
-87.0099999999995
-12.039999999999793
-48.54999999999794
-33.79999999999995
-4.809999999999667
-0.2999999999999995
2.9999999999999796
0.0
0.0
-0.02
-19.250000000000053
-26.619999999999884
27.089999999998938
-24.95000000000063
-98.01000000000408
-5.640000000000038
-44.53999999999776
-77.12000000000175
19.620000000000925
41.16000000000042
19.260000000000176
4.839999999999941
0.0
0.0
-0.04
11.89999999999985
28.969999999999395
52.89999999999542
62.690000000003195
-10.20999999999988
-0.2900000000000521
45.02000000000174
46.78999999999936
37.53999999999978
67.4600000000016
36.470000000000326
-0.5100000000000002
0.0
0.0
-0.9600000000000006
-0.049999999999999996
17.029999999999973
44.1599999999985
55.20000000000168
88.01000000000332
43.36000000000074
52.3400000000053
16.799999999999976
-2.3200000000004244
16.02999999999974
1.7500000000000013
0.0
0.0
0.0
