-0.6000000000000004
0.0
0.0
0.0
0.0
-0.3000000000000002
-0.2670000000000001
-0.004
-1.062999999999945
0.0
-0.2880000000000002
-0.07700000000000007
0.017999999999995926
0.09800000000008788
-0.02200000000000534
0.053000000000002975
-0.00899999999999555
-0.047000000000000035
0.06100000000000047
0.13899999999999496
0.15100000000000713
0.0219999999999971
0.23000000000000048
0.14900000000000013
-0.041999999999998205
-0.9710000000000008
0.1450000000000033
0.0700000000000275
-0.057000000000017245
-0.07200000000002524
0.08900000000004003
-0.1380000000000139
-0.20700000000000013
0.027000000000000017
-0.05600000000000331
-0.02199999999999461
-0.21000000000000102
-0.19300000000000012
-0.13799999999999812
-0.1279999999999839
-0.03899999999999988
-0.1380000000000001
0.0350000000000043
0.11599999999999994
0.12800000000000794
-0.010999999999998986
-0.0010000000000031286
0.32200000000000023
0.15500000000000008
-0.07900000000000006
