-24873.96800460874
0.0
0.0
0.0
0.0
0.0
0.0
0.0
0.0
0.0
0.0
0.0
0.0
0.0
0.0
0.0
0.0
0.0
0.0
0.0
0.0
0.0
0.0
0.0
0.0
0.0
0.0
0.0
0.0
0.0
0.0
0.0
0.0
0.0
0.0
0.0
0.0
-19.97399999999981
-29.965000000000728
-19.97600000000143
-79.92599999999513
-29.98700000000073
-59.92200000002727
-19.97400000000143
-79.91399999999516
-79.90700000000076
-59.94200000000186
-39.94900000000023
-39.95000000000286
-19.975999999999807
-9.987999999999904
0.0
0.0
0.0
0.0
0.0
0.0
0.0
0.0
0.0
0.0
0.0
0.0
0.0
0.0
-19.975999999999807
-79.90399999999518
-69.9159999999976
-119.88000000000415
-229.7720000005115
-319.623000000437
-409.5330000005445
-709.1749999961778
-868.973999991607
-1188.56099998415
-1318.3519999802404
-1528.1369999756555
-1248.4599999821453
-878.9339999908406
-519.3629999996816
-229.72300000047957
-109.87499999994672
-29.962000000000728
-19.975999999999807
0.0
0.0
0.0
0.0
0.0
0.0
0.0
0.0
0.0
-39.95600000000287
-99.89599999998147
-189.7830000002356
-329.6450000003743
-599.2949999980395
-968.8889999891312
-1648.1909999732993
-2187.5539999681005
-2946.7429999956767
-3855.712000033623
-4684.7730001650525
-4664.661000177221
-4405.043000126601
-3505.966000033568
-2577.117999984529
-1568.3079999751094
-719.2559999947036
-399.58600000062233
-139.8499999999917
-99.88199999994862
0.0
0.0
0.0
0.0
0.0
0.0
0.0
0.0
-79.94199999999509
-279.7120000005853
-479.4640000013118
-729.1769999955395
-1408.3999999792943
-2487.4039999770393
-3975.765000026035
-5324.504000310982
-7362.3410007149905
-9350.032001135369
-10878.556001461782
-11547.568001605694
-11527.705001605123
-11347.823001553466
-9300.167001133397
-6982.626000651402
-5054.64500021562
-2727.189999980135
-1378.6129999797215
-759.2209999947793
-369.6030000006496
-79.9379999999951
0.0
0.0
0.0
0.0
0.0
-19.975999999999807
-49.96500000000693
-169.84800000014715
-709.2319999959819
-998.8939999882678
-2187.6549999683307
-3636.1890000193093
-5793.86900038942
-8011.802000865729
-10559.252001401668
-13236.479001951893
-15643.909002458238
-16962.658002750602
-18360.850003033254
-18780.417003112576
-17441.672002838146
-15603.717002445837
-13296.1840019426
-9220.431001101606
-6003.653000426973
-3935.9220000172263
-2257.590999969454
-1428.394999979225
-439.5420000009295
-139.86399999993972
0.0
0.0
0.0
0.0
-19.97399999999981
-99.90399999994857
-449.5330000006193
-1008.9889999881167
-2427.3619999730763
-3835.952000045916
-6213.553000498826
-8800.93400103639
-11808.097001662778
-13916.087002120114
-15514.517002456796
-17012.892002774493
-18181.537003018966
-17791.923002963482
-19160.387003208903
-17661.996002914766
-16213.518002610906
-14385.329002208147
-11198.406001533747
-8291.528000919834
-5604.145000368954
-3705.9430000169605
-2117.5989999658514
-938.9359999904444
-249.7480000005081
-79.94399999999509
0.0
-19.97399999999981
-39.95000000000286
-39.946000000002854
-299.6880000005858
-1048.944999988164
-1887.9739999673873
-3676.035000021661
-5684.184000383227
-9000.624001059243
-12257.190001743003
-13845.66200210315
-16423.1800026153
-17961.772002920905
-18980.631003138657
-19849.459003305758
-20418.936003419687
-19909.282003329838
-19959.397003338418
-18530.76700305333
-16562.742002645475
-13286.247001959657
-9200.461001137692
-7042.619000666285
-4415.377000116959
-2627.119999983485
-1408.4639999793906
-339.6530000004199
-69.97900000001142
0.0
-19.97399999999981
-29.959000000000728
-109.8559999999895
-609.344999998395
-1538.2429999757437
-2866.797999995377
-4545.029000150607
-6972.465000656772
-10049.52700129311
-12467.129001815005
-14654.988002261682
-16063.508002549062
-16792.880002696602
-17741.878002890724
-17711.64600289602
-19260.05500319284
-18920.42900314153
-18211.24300301583
-17971.411002965866
-16492.895002644553
-13435.976002009747
-10339.357001363096
-7192.715000707138
-4595.237000162282
-2377.558999978179
-1228.7399999832508
-389.6540000010444
-59.978000000027336
0.0
-19.97399999999981
-69.90400000001152
-239.72100000044688
-679.2039999959331
-1728.0439999712432
-3036.5180000108157
-4764.830000213834
-6832.648000659605
-9360.313001186754
-11478.213001636925
-13735.99900208074
-15474.423002416603
-16303.412002591713
-16892.945002719105
-17012.328002753362
-17641.749002881807
-17861.40100293789
-18191.235003011996
-17371.937002850344
-15983.426002544616
-12577.267001856533
-9070.800001123464
-6153.866000498559
-4105.891000022785
-2018.04299996494
-929.0919999911848
-189.8560000001976
-19.981999999999804
0.0
0.0
-39.94400000000023
-179.78600000021126
-569.3059999978151
-1418.386999977947
-2577.1459999933204
-4515.0920001606755
-6263.419000540705
-8491.493001015373
-10988.70200151387
-14015.632002108874
-14805.149002283815
-15394.49000241257
-16213.21200257014
-17531.764002835862
-17741.920002895382
-18261.079003010564
-18011.251002972476
-17651.70600288035
-14764.703002294702
-11778.04400167772
-7952.103000875456
-4895.145000216463
-2667.6759999723213
-959.2849999902757
-349.7480000006132
-49.96500000000693
0.0
0.0
0.0
-39.94400000000285
-119.86200000000413
-539.3559999992777
-1318.563999980654
-1848.0469999672468
-3576.2170000529263
-6023.8830004656875
-7932.263000888022
-11158.661001527906
-13416.56500200403
-14165.934002178125
-15704.364002472752
-17422.025002804385
-17272.327002797414
-17622.136002883773
-18860.410003126548
-19389.802003221565
-17881.397002904818
-13496.169002046976
-10549.297001413264
-6623.391000593083
-3796.4230000227376
-1698.6689999727612
-709.5139999963645
-179.85400000017114
-39.96500000000288
-19.975999999999807
0.0
0.0
-19.97399999999981
-99.87799999998148
-429.48300000100403
-1048.8399999876397
-1598.3699999735218
-3736.232000024246
-5164.835000318394
-8112.17800091031
-11348.80200158436
-13186.823001982404
-14834.91700231762
-15963.971002534025
-18071.243002948966
-17302.552002843757
-18031.537002995166
-21227.83600359737
-20888.306003515496
-17381.912002820343
-13386.188002005452
-9919.793001277596
-6143.7480004721465
-3516.672999997557
-1398.8529999791654
-659.5349999965524
-209.88100000032608
-30.01000000000073
-19.975999999999807
0.0
0.0
-9.986999999999904
-39.955000000000226
-249.70300000047877
-649.3619999966608
-1428.773999977863
-3396.5680000304724
-5235.129000341642
-8791.556001056038
-11648.532001657055
-13556.527002057643
-16173.808002564834
-17612.123002858694
-19939.373003342804
-18810.842003179103
-20938.241003594627
-23814.909004132824
-21447.798003654763
-17631.632002873892
-14075.141002130033
-9570.271001206524
-6593.280000553623
-3256.98400001079
-1728.4939999713922
-809.368999992893
-229.8380000004168
-0.04600000000000003
0.0
0.0
0.0
-19.97399999999981
-29.97100000000073
-99.90299999998145
-589.4799999983614
-1788.3799999701057
-4105.908000040649
-5934.292000481463
-9091.334001125206
-12067.7800017461
-14415.509002218021
-16623.408002660464
-19589.905003259002
-21627.154003706568
-20918.15900361969
-24633.527004332063
-25013.352004376255
-20898.188003563253
-17861.150002928098
-13805.394002092207
-10009.718001301218
-6693.150000595341
-3886.0280000307584
-2138.0929999663094
-999.2289999888128
-259.80200000057147
-20.02399999999978
0.0
0.0
0.0
0.0
-19.97399999999981
-59.94599999997643
-579.4609999989297
-2257.9389999687396
-4625.338000156586
-7063.282000686941
-9300.996001176925
-11668.625001678874
-14695.332002274989
-17672.119002865613
-20658.286003491685
-21567.04900372978
-22905.469004010443
-24493.295004306303
-23045.765003986926
-19809.581003353054
-17331.788002827892
-14075.19300214762
-10988.641001487998
-7792.198000806431
-4395.62900011772
-2597.6809999805528
-1029.1219999874081
-289.7520000005117
-30.03400000000073
0.0
0.0
0.0
0.0
-39.962000000002874
-269.7240000005569
-929.0929999908875
-3056.969999986619
-5234.832000292556
-7452.585000772977
-9760.369001274263
-11968.067001741289
-14955.098002325683
-17481.964002837503
-18780.02400314031
-21077.444003626566
-21916.38300381425
-23005.30900398981
-21277.659003623226
-19020.10400317377
-16892.148002739017
-14864.442002295147
-11098.328001523143
-7622.235000803101
-4855.262000209462
-2887.27499998946
-1278.9129999816375
-359.6650000002719
-39.99200000000021
0.0
0.0
0.0
0.0
-19.9859999999998
-309.67900000048826
-1378.6299999800215
-3616.406000021045
-5994.080000450459
-8131.791000917255
-10519.172001413308
-12217.745001780515
-14904.855002313958
-16452.889002640233
-17881.075002949863
-20108.556003406808
-20757.72600354762
-20198.53100342481
-20338.824003424797
-17621.76000289514
-16972.377002734906
-14574.92800223323
-10738.909001456792
-7642.134000810314
-5155.055000267859
-2837.3410000001995
-1558.6129999751067
-489.47999999968914
-119.8699999999531
-19.975999999999807
0.0
0.0
0.0
-79.92599999999513
-629.294999998175
-1838.0779999686313
-3995.823000067566
-6983.095000654122
-9600.278001193481
-11278.694001544025
-13336.603001979931
-15274.610002392672
-16343.106002625142
-18250.724003012336
-19509.220003277147
-19698.68400332549
-20218.758003407405
-19699.442003294935
-17681.626002901914
-16263.003002598034
-13885.66000209884
-10898.859001473185
-7012.834000691569
-4885.20600022316
-2817.3059999960574
-1478.5539999771795
-509.47500000076576
-139.8599999999397
-59.952000000027304
0.0
0.0
0.0
-169.82400000014704
-809.1289999928983
-2377.4699999793183
-4565.183000186213
-7732.178000829636
-10089.74100131519
-12037.626001709634
-14295.72300218887
-15663.93900249719
-16882.387002750456
-18380.649003055507
-20278.45800343071
-20618.268003501697
-20638.409003495824
-19669.303003297253
-18031.146002965612
-16323.111002604486
-12976.579001910877
-9350.521001177618
-6783.157000620483
-3886.2290000645785
-2437.655999976268
-1228.7819999832498
-389.579000000868
-19.97399999999981
-39.97600000000289
0.0
0.0
0.0
-119.86200000000414
-1008.8319999888047
-2297.5569999776935
-4964.884000253666
-8241.46700093778
-10818.994001479354
-13885.582002092224
-16203.260002580952
-17911.50600294929
-19749.454003320632
-20758.141003530487
-22096.475003801075
-21796.76300374426
-20748.34000353191
-19619.42100329393
-17811.63300291164
-14544.92200224356
-10869.12200149332
-8411.461000957412
-5354.6740003342975
-3216.78600001975
-1987.9959999650428
-928.992999990444
-369.61000000080446
-19.995999999999796
0.0
0.0
0.0
0.0
-99.87399999998148
-759.1179999947817
-2237.55899996899
-4245.5200001061
-7612.093000809081
-10519.307001428147
-13605.801002059827
-16732.922002703704
-19389.651003249895
-21487.23400367223
-22785.6360039319
-23055.38400399178
-21197.657003633216
-19639.55100331461
-18411.02800303469
-15784.225002474703
-11478.702001605878
-8911.148001052228
-6123.949000480535
-4155.771000061474
-2387.567999974129
-1198.7849999836333
-539.4159999990203
-139.85600000009572
-39.961000000002876
0.0
0.0
0.0
0.0
-79.89799999999519
-429.4980000010041
-1388.5119999799456
-3316.532000003234
-6013.633000450904
-9360.260001154427
-12317.112001790136
-15384.143002423996
-18350.963003038098
-19260.1210032352
-20228.928003426816
-20079.07800339499
-18830.654003142463
-17032.732002767505
-14585.760002241908
-11419.00000158104
-8122.506000902603
-5654.709000375548
-3866.3290000179886
-2197.9339999692625
-1418.4749999786263
-709.2299999953977
-319.6650000004369
-119.89600000000414
-19.995999999999796
0.0
0.0
0.0
0.0
-39.95000000000286
-189.76700000019719
-719.2379999960481
-1798.1679999702276
-3746.2460000091733
-6383.38300050286
-9270.508001124397
-12706.745001840713
-14604.887002255591
-15823.597002512974
-16343.174002614502
-16472.911002631266
-14625.040002266947
-12397.785001805289
-10080.121001301133
-7782.583000793456
-4775.583000176341
-3107.1599999907403
-1598.474999974297
-899.1409999910261
-549.3919999997014
-239.7380000005076
-119.86199999990205
-19.977999999999806
0.0
0.0
0.0
0.0
0.0
0.0
-59.936000000027285
-199.79700000026233
-619.4209999985076
-1518.4749999767344
-2657.3019999846365
-4005.9270000579027
-5594.187000386025
-7312.484000720152
-8081.8480008872
-8890.913001042269
-8551.250000991826
-8241.66700091002
-6733.417000586321
-5134.955000250009
-3976.0059999891832
-1628.434999973578
-879.1469999919352
-489.5490000004571
-239.69900000041645
-59.892000000001865
-49.9070000000069
-19.981999999999804
0.0
0.0
0.0
0.0
0.0
0.0
0.0
-19.981999999999804
-29.98100000000073
-119.92799999995302
-419.56000000066314
-769.2429999937486
-1038.9079999867315
-1668.2779999719323
-1688.2049999709175
-1897.8789999665444
-1937.9009999657897
-2057.887999963758
-2117.839999966367
-1248.7639999807004
-1008.8989999874345
-629.372999998173
99.79299999994882
159.80300000021694
199.71800000033474
159.79300000012591
129.9049999999202
-10.005000000000125
19.959999999999816
0.0
0.0
0.0
0.0
0.0
0.0
0.0
0.0
-0.014
-59.975000000027336
-249.71400000050795
-409.4979999999593
-689.1509999958246
-809.0319999925595
-1098.6529999857078
-1348.34599998025
-1108.6559999854283
-958.7779999889917
-778.9709999929224
-779.0139999929214
-499.3419999982491
-379.52600000009033
-79.94800000001206
-10.006999999999904
29.944000000013602
39.94200000000546
-29.972999999987803
-19.97199999999981
0.0
0.0
0.0
0.0
0.0
0.0
