-11.609999999999797
0.0
0.0
0.0
-7.289999999999889
-30.30000000000019
-50.919999999999355
-6.659999999999945
-134.37000000000617
-0.15
-13.50999999999976
-64.82999999999711
-79.89000000000433
41.599999999971104
101.23999999999887
489.3599999998225
-247.59000000003246
-0.5800000000000003
51.100000000002005
249.1300000000455
483.46999999998445
672.3599999999577
854.3699999996677
186.76000000001434
-221.45000000000442
-9.529999999999918
325.86999999999045
67.53000000000385
-412.09999999998803
-409.1800000000176
388.05999999998375
-352.9600000000033
-162.84000000000532
1.8500000000000012
-20.059999999999018
-518.5999999999597
-497.8299999998905
-570.2899999999511
-449.1800000000614
-204.72000000002987
10.2499999999997
9.669999999999838
5.620000000000154
364.1899999999885
488.65000000003675
502.39000000016136
344.42000000005186
151.2300000000072
5.46000000000004
-0.09
