-0.4400000000000002
0.0
0.0
0.0
0.0
0.0
0.0
0.0
0.0
0.0
0.0
0.0
0.0
0.0
0.0
0.0
0.0
0.0
0.0
0.0
0.0
0.0
0.0
0.0
0.0
0.0
0.0
0.0
0.0
0.0
0.0
0.0
0.0
0.0
0.0
0.0
0.0
0.0
0.0
0.0
0.0
0.0
0.0
0.0
0.0
0.0
0.0
0.0
0.0
0.0
0.0
0.0
0.0
0.0
0.0
0.0
0.0
0.0
0.0
0.0
0.0
0.0
0.0
0.0
0.0
0.0
0.0
0.0
0.0
0.0
0.0
0.0
0.0
0.0
-0.02
-0.02
-0.02
-0.01
0.0
0.0
0.0
0.0
0.0
0.0
0.0
0.0
0.0
0.0
0.0
0.0
0.0
0.0
0.0
0.0
0.0
0.0
0.0
0.0
0.0
0.0
-0.04
-0.12999999999999998
-0.10999999999999999
-0.24000000000000007
-0.16
-0.15
-0.09
-0.16
-0.13999999999999999
-0.09
0.0
0.0
0.0
0.0
0.0
0.0
0.0
0.0
0.0
0.0
0.0
-0.01
-0.03
-0.02
-0.02
-0.02
-0.15
0.009999999999999997
0.03
-3.469446951953614E-18
-0.08
0.09999999999999999
0.15
0.060000000000000005
-0.4300000000000002
-0.46000000000000024
-0.25000000000000006
-0.22000000000000006
-0.16
-0.05
-0.04
0.0
0.0
0.0
0.0
0.0
0.0
0.0
0.0
0.0
-0.04
-0.03
-0.04
-0.09
-0.26000000000000006
-0.16
-0.25000000000000006
0.4100000000000002
0.2900000000000001
-0.24000000000000005
-0.19000000000000003
-0.09
-0.3200000000000001
0.019999999999999997
-0.20000000000000004
-0.26000000000000006
-0.03
-0.25000000000000006
-0.15
-0.10999999999999999
-0.02
0.0
0.0
0.0
0.0
0.0
0.0
0.0
-0.02
-0.060000000000000005
-0.09999999999999999
-0.19000000000000003
-0.19000000000000003
-0.10999999999999999
0.2700000000000001
-0.019999999999999997
0.03
0.060000000000000005
0.4300000000000002
0.04
0.09999999999999999
0.16
0.25000000000000006
0.08
-3.469446951953614E-18
-0.08
-0.13999999999999999
-0.45000000000000023
-0.17
-0.18000000000000002
-0.16
-0.02
0.0
0.0
0.0
0.0
0.0
-0.03
-0.13999999999999999
-0.15
-0.09
0.19000000000000003
0.12999999999999998
-0.07
0.24000000000000005
-0.17
-0.07
-0.010000000000000004
0.4900000000000002
0.4800000000000002
0.4800000000000002
-0.030000000000000006
-0.010000000000000004
-0.05000000000000001
0.18000000000000002
-0.09
-0.2900000000000001
-0.05
-0.17
-0.18000000000000002
-0.05
-0.01
0.0
0.0
0.0
0.0
-0.04
3.469446951953614E-18
-0.16
-0.11999999999999998
0.12999999999999998
-0.19000000000000003
0.2700000000000001
-0.16
0.19000000000000003
0.25000000000000006
0.21000000000000002
0.4300000000000002
-0.17
-0.09999999999999999
0.36000000000000015
-0.09
-0.07
0.23000000000000004
0.08
-0.2
-0.25000000000000006
-0.21000000000000005
-0.20000000000000004
-0.05
-0.01
0.0
0.0
-0.02
0.0
-0.02
0.09999999999999999
-0.05
-0.019999999999999997
-0.09
-0.11999999999999998
0.08
0.22000000000000003
0.20000000000000004
0.22000000000000003
-0.3000000000000001
0.3000000000000001
0.09999999999999999
0.010000000000000004
-0.14999999999999997
0.019999999999999997
-0.2800000000000001
-0.09999999999999999
0.2800000000000001
-0.36000000000000015
-0.08
-0.3100000000000001
-0.19000000000000003
-0.03
0.0
0.0
0.0
0.0
-0.01
-0.10999999999999999
-0.07
0.10999999999999999
0.16
-0.20000000000000004
0.07
0.2900000000000001
-0.18000000000000002
0.05
-0.09
0.07
0.21000000000000002
-0.12999999999999998
0.19
0.12999999999999998
0.17
0.26000000000000006
-0.05
-0.060000000000000005
0.17
-0.04
-0.17
-0.03
0.0
0.0
0.0
0.0
0.0
-0.01
-0.21000000000000005
-0.18000000000000002
0.24000000000000007
0.019999999999999997
0.12999999999999998
-0.17
0.37000000000000016
-0.3100000000000001
0.08
0.13999999999999999
0.09
-0.03
0.04
-0.25000000000000006
0.019999999999999997
-0.20000000000000004
0.21000000000000002
-0.10999999999999999
0.20000000000000004
0.19000000000000003
-0.22000000000000006
3.469446951953614E-18
0.21000000000000005
0.0
0.0
0.0
0.0
0.0
-0.03
-0.11999999999999998
0.15
0.4000000000000002
0.16
0.3200000000000001
0.08
0.17
0.6100000000000003
-0.07
3.469446951953614E-18
0.2900000000000001
0.2800000000000001
0.16999999999999998
0.10999999999999999
0.22000000000000003
0.07
0.21000000000000002
0.35000000000000014
0.3100000000000001
-0.13999999999999999
-0.25000000000000006
-0.17
-0.05
0.0
0.0
0.0
0.0
0.0
-0.04
-0.08
0.22000000000000006
0.09999999999999999
0.009999999999999997
0.09999999999999999
0.18000000000000002
0.04
-0.030000000000000006
-0.08
-0.09
0.009999999999999997
-0.07
0.060000000000000005
0.07
0.15
0.07
0.24000000000000005
0.09999999999999999
-3.469446951953614E-18
0.07
-0.16
-0.15
-0.04
0.0
0.0
0.0
0.0
0.0
-0.02
-0.04
-0.04
-0.13999999999999999
-0.2700000000000001
0.19
-0.3100000000000001
0.16
-0.060000000000000005
0.15
0.060000000000000005
-0.09
0.18000000000000002
0.03
-0.13999999999999999
0.4100000000000002
-0.020000000000000004
0.20000000000000004
0.17
0.08
0.08
-0.12999999999999998
-0.10999999999999999
-0.01
0.0
0.0
0.0
0.0
0.0
0.0
-0.08
0.12999999999999998
0.12999999999999998
0.16
-0.3100000000000001
0.11999999999999998
0.060000000000000005
-0.04
-0.2700000000000001
0.03
0.24000000000000005
-0.22000000000000003
0.16
-0.11999999999999998
0.4300000000000002
0.08
-0.07
0.060000000000000005
-0.4200000000000002
0.08
-0.15
-0.20000000000000004
0.0
0.01
0.0
0.0
0.0
0.0
0.0
-0.17
0.22000000000000006
-0.34000000000000014
-0.019999999999999997
-0.030000000000000006
0.2800000000000001
0.019999999999999997
-0.13999999999999999
0.04
-3.469446951953614E-18
-0.23000000000000004
-0.19
0.03
0.03
-0.34000000000000014
-0.04
-0.08
-0.5100000000000002
0.21000000000000005
-0.3200000000000001
-0.3100000000000001
-0.18000000000000002
-0.060000000000000005
-0.02
0.0
0.0
0.0
0.0
0.0
-0.05
-0.07
0.09
-0.20000000000000004
-0.09
0.20000000000000004
-0.12999999999999998
-0.07
0.07
-0.17
0.24000000000000005
0.34000000000000014
0.03
-0.060000000000000005
0.09999999999999999
-0.16999999999999998
-0.010000000000000004
0.13999999999999999
-0.08
-0.2700000000000001
-0.3200000000000001
-0.15
-0.02
-0.02
0.0
0.0
0.0
0.0
-0.05
-0.02
-0.10999999999999999
-0.07
-0.16
0.13999999999999999
0.23000000000000007
-0.08
-0.09
-0.47000000000000025
-0.23000000000000004
-0.08
0.2900000000000001
-0.05
0.36000000000000015
-0.17
0.03
0.11999999999999998
-0.17
-0.07
-0.03
-0.13999999999999999
-0.12999999999999998
-0.01
-0.02
0.0
0.0
0.0
0.0
-0.05
-0.03
-0.08
0.03
-0.04
0.10999999999999999
0.3200000000000001
-0.5000000000000002
0.2700000000000001
-0.060000000000000005
-0.6700000000000004
-0.11999999999999998
-0.21000000000000002
-0.25000000000000006
-0.25000000000000006
-3.469446951953614E-18
-0.13999999999999999
0.020000000000000004
-0.17
-0.2800000000000001
-0.2900000000000001
-0.19000000000000003
-0.07
0.0
0.0
0.0
0.0
0.0
0.0
0.0
0.02
-0.05
-0.3100000000000001
0.13999999999999999
0.09999999999999999
-0.12999999999999998
0.05000000000000001
-0.13999999999999999
-0.4400000000000002
-0.17
0.04
-0.10999999999999999
-0.38000000000000017
0.15
0.03
-0.13999999999999999
-0.35000000000000014
0.23000000000000004
-0.019999999999999997
-0.09999999999999999
-0.15
-0.07
-0.05
0.0
0.0
0.0
0.0
0.0
0.0
-0.01
0.01
-0.19000000000000003
0.06000000000000001
0.19000000000000003
0.23000000000000007
-0.15
0.18000000000000002
-0.060000000000000005
0.03
0.030000000000000006
-0.10999999999999999
0.060000000000000005
-0.07
-0.4400000000000002
-0.03
0.12999999999999998
-0.22000000000000003
-0.17
-3.469446951953614E-18
-0.12999999999999998
-0.07
-0.05
0.0
0.0
0.0
0.0
0.0
0.0
0.0
-0.03
0.07
0.010000000000000004
0.019999999999999997
-0.2900000000000001
-0.20000000000000004
-0.10999999999999999
0.060000000000000005
-0.11999999999999998
-0.16
0.009999999999999997
-0.2
-0.4300000000000002
-0.23000000000000004
-0.20000000000000004
0.18000000000000002
-0.12999999999999998
-0.12999999999999998
-3.469446951953614E-18
-0.16
-0.12999999999999998
-0.05
0.0
0.0
0.0
0.0
0.0
0.0
0.0
0.16
0.09999999999999999
-0.25000000000000006
-0.009999999999999997
-0.07
-0.21000000000000002
0.060000000000000005
-0.4000000000000002
-0.05
-0.09999999999999999
-0.04
0.19000000000000003
-0.11999999999999998
0.45000000000000023
0.17
-0.26000000000000006
-0.03
0.11999999999999998
0.17
0.0
-0.01
0.0
0.0
0.0
0.0
0.0
0.0
0.0
0.0
0.11999999999999998
-3.469446951953614E-18
0.04000000000000001
0.23000000000000004
-0.10999999999999999
0.35000000000000014
0.05
-0.3200000000000001
-0.17
-0.23000000000000004
-0.18
0.010000000000000004
0.04
-0.09
-0.07
-0.020000000000000004
-0.09999999999999999
0.09999999999999999
0.3300000000000001
0.17
-0.01
0.0
0.0
0.0
0.0
0.0
0.0
0.0
0.0
-0.03
-0.23000000000000007
0.24000000000000005
0.009999999999999997
0.19000000000000003
-0.010000000000000004
0.19000000000000003
0.3200000000000001
0.22000000000000003
0.18
-0.17
0.08
0.17
-0.09
0.21000000000000005
0.10999999999999999
0.019999999999999997
0.2800000000000001
0.2800000000000001
0.11999999999999998
0.09999999999999999
0.0
0.0
0.0
0.0
0.0
0.0
0.0
0.01
0.01
0.04
0.09999999999999999
0.2900000000000001
0.08
0.08
0.17
0.060000000000000005
0.17
0.25000000000000006
0.34000000000000014
0.13999999999999999
0.13999999999999999
0.2700000000000001
0.020000000000000004
-0.15
0.09999999999999999
0.07
0.08
0.10999999999999999
0.0
0.0
0.0
0.0
0.0
0.0
