-0.5490000000000004
0.0
0.0
0.0
0.0
0.0
0.0
0.0
0.0
0.0
0.0
0.0
0.0
0.0
0.0
0.0
0.0
0.0
0.0
0.0
0.0
0.0
-0.003
-0.22100000000000017
-0.18100000000000013
-0.10100000000000008
-0.8070000000000006
-0.3850000000000003
0.0
0.0
0.0
0.0
0.0
-0.003
-0.2410000000000002
-0.6530000000000005
0.04800000000000024
0.20000000000000015
-0.18599999999999994
-0.19200000000000014
0.015000000000000836
-0.06899999999999988
-0.3820000000000003
-0.4880000000000004
-0.10600000000000008
-0.001
0.0
-0.02100000000000001
-0.36200000000000027
0.0159999999999996
0.20600000000000004
0.12100000000000005
0.09399999999999992
0.3930000000000003
0.24300000000000016
-0.020000000000000216
0.08099999999999996
0.05299999999999934
-0.3040000000000002
-0.2740000000000002
-0.008
0.0
-0.014000000000000005
-0.021000000000000005
-0.07299999999999973
-0.09099999999999983
-0.06699999999999956
0.20200000000000015
0.09799999999999995
0.03099999999999999
-0.01000000000000012
0.018000000000001348
0.07600000000000003
0.1730000000000001
-0.3980000000000003
0.0
0.0
-0.19400000000000014
0.24500000000000022
0.14900000000000016
0.18400000000000014
0.20100000000000015
-0.01900000000000017
0.078
-0.010000000000000826
0.2430000000000001
-0.00200000000000051
0.16900000000000012
-0.23600000000000018
0.1490000000000001
-0.007
0.0
-0.017999999999999988
0.044000000000000025
0.34800000000000025
0.013999999999997969
0.1860000000000001
0.04299999999999901
0.1420000000000001
0.046999999999999834
0.07599999999999986
0.1599999999999999
0.2720000000000002
0.05000000000000038
-0.3170000000000002
0.06900000000000005
0.0
0.20300000000000015
-0.014000000000000588
-0.07200000000000023
-0.031999999999999945
-0.05700000000000016
-0.18200000000000016
-0.014000000000001667
0.04399999999999957
0.12800000000000009
-0.008999999999999599
-0.17200000000000013
-0.1400000000000001
0.040999999999999946
0.05200000000000004
0.0
0.04200000000000003
0.1750000000000002
-0.13800000000000023
0.17800000000000002
-0.12900000000000025
-0.06400000000000033
-9.99999999999857E-4
0.20700000000000024
-0.06699999999999996
0.15300000000000005
-0.08300000000000005
-0.45500000000000035
-0.07100000000000004
-0.017000000000000008
0.0
0.025000000000000015
-0.14700000000000008
0.052000000000000005
-0.03700000000000028
-0.011000000000000077
-0.36400000000000027
-0.2750000000000002
-0.059999999999999235
0.003999999999999975
-0.13800000000000046
-0.4250000000000003
-0.0319999999999998
0.3030000000000002
0.0
0.0
0.012000000000000004
-0.2920000000000002
0.09400000000000004
0.04499999999999997
0.07399999999999986
-0.07400000000000004
-0.061000000000000346
-0.23700000000000015
-0.4070000000000003
0.2970000000000002
0.19400000000000014
-0.21600000000000008
0.07200000000000006
0.0
0.0
-0.005
0.035000000000000024
0.33400000000000024
-0.5950000000000005
0.09100000000000014
-0.2650000000000002
-0.2510000000000002
-0.13200000000000034
0.2140000000000002
-0.3680000000000002
0.010999999999998806
0.8360000000000006
-0.001
0.0
0.0
-0.04000000000000003
0.10500000000000008
0.17900000000000013
0.3860000000000003
0.05100000000000002
0.3060000000000002
0.1600000000000001
0.16000000000000011
-0.07700000000000044
-0.13500000000000006
0.3080000000000002
0.059000000000000025
0.0
0.0
0.0
