-0.037000000000000026
0.0
0.0
0.0
0.0
0.0
0.0
0.0
0.0
0.0
0.0
0.0
0.0
0.0
0.0
0.0
0.0
0.0
0.0
0.0
0.0
0.0
0.0
0.0
0.0
0.0
0.0
0.0
0.0
0.0
0.0
0.0
0.0
0.0
0.0
0.0
0.0
0.0
0.0
0.0
0.0
-0.001
-0.001
-0.002
0.0
0.0
0.0
0.0
0.0
0.0
0.0
0.0
0.0
0.0
0.0
0.0
0.0
0.0
0.0
0.0
0.0
0.0
0.0
0.0
0.0
0.0
0.0
0.0
0.0
-0.002
-0.001
-0.003
-0.007
-0.004
-0.011000000000000001
-0.005
-0.009000000000000001
-0.005
-0.003
0.0
0.0
0.0
0.0
0.0
0.0
0.0
0.0
0.0
0.0
0.0
0.0
0.0
0.0
0.0
0.0
0.0
0.0
0.0
0.0
-0.003
-0.006
-0.011000000000000001
-0.018000000000000002
-0.014000000000000002
-0.010000000000000002
-0.023000000000000007
-0.012000000000000004
-0.011000000000000001
-0.006
0.0
0.0
0.0
0.0
0.0
0.0
0.0
0.0
0.0
0.0
0.0
0.0
0.0
-0.002
-0.001
-0.006
-0.002
-0.011000000000000001
0.017
-0.005
0.007000000000000001
-0.016
-0.04000000000000002
-0.034000000000000016
-0.023000000000000007
-0.03700000000000002
-0.04100000000000002
-0.033000000000000015
-0.02800000000000001
-0.005
-0.004
0.0
0.0
0.0
0.0
0.0
0.0
0.0
0.0
0.0
0.0
0.0
-0.001
-0.009000000000000001
-0.012000000000000002
-0.019000000000000003
-0.007000000000000001
-0.029000000000000012
0.011
-0.006000000000000003
-0.02700000000000001
-0.034000000000000016
-0.020000000000000004
-0.04000000000000002
0.005
-0.03700000000000002
-0.04900000000000002
0.011
-0.022000000000000006
-0.013000000000000001
-0.005
-0.001
-0.001
-0.002
0.0
0.0
0.0
0.0
0.0
-0.002
-0.014
-0.029000000000000012
-0.021000000000000005
-0.02700000000000001
-0.0069999999999999975
0.014999999999999994
-0.023000000000000007
-0.005999999999999997
0.0
0.05900000000000004
0.02600000000000001
0.05000000000000003
0.024000000000000007
0.023000000000000007
0.004999999999999984
-0.010000000000000002
-0.019000000000000003
0.011
-0.08800000000000006
-0.05300000000000003
-0.03600000000000002
-0.023000000000000007
-0.002
-0.002
0.0
0.0
0.0
0.0
-0.002
-0.019000000000000003
-0.01
-0.024000000000000007
-0.019000000000000003
-0.029000000000000012
0.037000000000000005
-0.02700000000000001
-0.018999999999999996
-0.01799999999999998
0.02600000000000001
0.04100000000000002
0.047000000000000014
0.047000000000000035
0.013999999999999999
0.015999999999999993
0.009999999999999998
0.012999999999999977
-0.0019999999999999974
-0.04100000000000003
-0.022000000000000006
-0.033000000000000015
-0.017
-0.002
0.0
0.0
0.0
0.0
0.0
-0.002
-0.016
-0.015000000000000001
0.015000000000000001
0.006999999999999993
-0.04600000000000003
0.03200000000000002
0.002000000000000007
0.02500000000000001
0.05600000000000002
0.03900000000000003
0.05100000000000004
-2.42861286636753E-17
-0.019000000000000003
0.055000000000000035
-0.015999999999999993
-0.018999999999999996
-0.012999999999999996
0.034000000000000016
-0.02800000000000001
-0.032000000000000015
-0.03500000000000002
-0.014000000000000005
-0.004
0.0
0.0
0.0
-0.002
-0.004
-0.009000000000000001
-0.014
0.018999999999999996
-0.004000000000000001
-0.026000000000000002
-0.007000000000000008
-0.0010000000000000035
0.03100000000000002
0.03500000000000002
-0.001000000000000007
0.013000000000000001
0.02800000000000001
2.6020852139652106E-18
-0.007000000000000018
-0.018000000000000016
0.017999999999999974
-0.013000000000000015
-0.011000000000000005
0.012
-0.045000000000000026
-0.010999999999999998
-0.044000000000000025
-0.024000000000000007
0.0
0.0
0.0
0.0
0.0
-0.004
-0.012000000000000004
-0.02800000000000001
-0.008000000000000004
0.013
-0.016999999999999994
0.014999999999999994
0.04600000000000003
-0.020000000000000018
0.021999999999999985
-1.3010426069826053E-17
-0.0040000000000000036
-0.012000000000000009
-0.013000000000000001
-9.999999999999905E-4
0.04000000000000001
0.024999999999999994
0.043000000000000024
-0.006999999999999991
-0.02600000000000001
0.024
0.002
-0.04000000000000002
-0.002
0.0
0.0
0.0
0.0
0.0
-0.006
-0.019000000000000006
0.010000000000000002
0.004999999999999997
0.02500000000000001
0.005999999999999997
-0.017
0.03200000000000002
-9.999999999999966E-4
0.019999999999999976
0.0019999999999999983
-0.018999999999999996
-0.014000000000000007
0.005
-0.043000000000000024
0.01799999999999998
-0.0029999999999999966
0.05000000000000003
0.015000000000000012
0.05100000000000003
0.010999999999999998
-0.029000000000000012
-0.008
0.01
-0.002
-0.002
0.0
0.0
0.0
-0.006
-0.019000000000000003
0.019000000000000003
-0.004000000000000005
0.022000000000000006
0.055000000000000035
0.029000000000000012
0.01500000000000001
0.04000000000000002
0.008000000000000024
0.004999999999999993
0.0010000000000000052
0.024
0.034000000000000016
0.003
0.013999999999999992
0.020000000000000004
0.027999999999999997
0.06300000000000003
0.02600000000000001
-0.017
-0.02500000000000001
-0.016
0.0
-0.001
-0.002
0.0
0.0
0.0
-0.002
-0.02500000000000001
0.03600000000000001
-0.011000000000000005
0.022000000000000006
0.022000000000000033
0.04300000000000003
-0.0029999999999999766
-0.008999999999999989
-0.002000000000000007
0.003000000000000007
0.03400000000000003
0.024000000000000014
0.009999999999999997
-0.007
-0.018000000000000023
-0.01499999999999994
0.03200000000000001
0.019000000000000003
-0.008
0.013999999999999993
-0.02800000000000001
-0.018000000000000002
-0.006
0.004
0.0
0.0
0.0
0.0
-0.004
-0.019000000000000003
-0.013000000000000005
0.010999999999999998
-0.003
0.013000000000000012
-0.031000000000000007
0.03800000000000003
-0.010000000000000009
0.014999999999999993
0.01700000000000003
-0.019999999999999983
0.025
0.02600000000000003
-0.017
0.03900000000000001
0.001
0.02900000000000002
0.012000000000000004
0.001999999999999999
0.023000000000000007
-0.001
-0.016
-0.008
0.004
0.0
0.0
0.0
0.0
0.0
-0.011000000000000003
0.002
-0.007000000000000001
-0.013
-0.020999999999999998
-0.001999999999999988
0.033000000000000015
-0.015999999999999986
-0.010000000000000016
0.0029999999999999983
0.0029999999999999914
-0.02600000000000001
0.03600000000000001
-0.014999999999999975
0.049000000000000016
0.042000000000000016
-0.017999999999999988
-0.011999999999999993
-0.03700000000000001
-0.024000000000000007
-0.013999999999999999
-0.02500000000000001
-0.008
-0.004
0.0
0.0
0.0
0.0
0.0
-0.013000000000000001
0.005
-0.04900000000000002
0.010999999999999994
0.0030000000000000035
0.003999999999999997
0.015999999999999993
-0.029000000000000005
0.007000000000000029
-0.010999999999999996
-0.027000000000000024
0.0010000000000000104
-0.002000000000000001
0.009000000000000018
-0.041000000000000016
-0.02700000000000001
0.009999999999999998
-0.03600000000000002
0.014000000000000014
-0.04100000000000002
-0.02500000000000001
-0.030000000000000013
0.0
0.0
0.0
0.0
0.0
0.0
0.0
0.005
-0.013000000000000001
0.02700000000000001
-0.017
0.0010000000000000035
0.016
0.005
0.004000000000000001
-0.0010000000000000087
-0.04700000000000003
0.025999999999999995
-0.009000000000000025
0.023000000000000013
-0.015000000000000001
-0.0019999999999999974
-0.007999999999999997
-0.029000000000000005
-0.031000000000000014
-0.017
-0.033000000000000015
-0.023000000000000007
-0.034000000000000016
-0.008
-0.006
0.0
0.0
0.0
0.0
-0.016
-0.008
-0.016
0.009000000000000001
-0.024999999999999994
0.011000000000000003
0.004
-0.011000000000000001
-0.015999999999999993
-0.029000000000000005
-0.006999999999999998
-0.011000000000000003
0.050000000000000024
-0.007999999999999993
0.05900000000000004
0.0010000000000000018
0.013999999999999999
0.028000000000000025
-0.010999999999999994
-0.006000000000000005
0.02500000000000001
-0.008
0.003
-0.004
-0.01
0.0
0.0
0.0
0.0
-0.016
-0.013000000000000001
-0.013000000000000005
0.005
-0.003
0.006
0.033000000000000015
-0.04900000000000003
0.020000000000000004
0.025
-0.04000000000000005
-0.016000000000000028
-0.039000000000000014
-0.03800000000000001
-0.028000000000000018
0.01899999999999999
-0.015999999999999986
0.005000000000000004
-0.002
-0.034000000000000016
-0.003
-0.013999999999999999
0.010000000000000002
-0.008
0.0
0.0
0.0
0.0
0.0
0.0
-0.002
-0.021000000000000005
-0.020000000000000004
-0.009000000000000001
-0.04400000000000002
-0.05200000000000003
0.019000000000000003
-0.02500000000000001
-0.056000000000000036
0.008000000000000007
-3.469446951953614E-18
0.013
-0.023
0.009000000000000001
0.02100000000000001
0.003
-0.052000000000000025
0.03500000000000002
-0.003
-0.013000000000000005
0.004
0.009000000000000005
-0.002
0.0
0.0
0.0
0.0
0.0
0.0
-0.004
-0.007
0.001
-0.03800000000000002
0.013000000000000001
0.006
-0.05300000000000003
0.015999999999999986
-0.031000000000000014
-0.010000000000000005
-0.0019999999999999896
-0.006
0.011000000000000006
-0.019000000000000003
-0.07000000000000005
-0.025000000000000015
0.015999999999999986
-0.021000000000000005
-0.009000000000000001
-0.007
-0.002
0.031000000000000014
-0.001
0.0
0.0
0.0
0.0
0.0
0.0
0.0
-0.003
0.005
0.008
-0.013
-0.021000000000000005
0.0020000000000000035
0.01200000000000001
-0.030000000000000013
0.010999999999999996
-0.005000000000000011
-0.018999999999999982
-0.0010000000000000052
-0.056000000000000036
-0.04600000000000003
0.024000000000000007
0.002
-0.017
-0.03800000000000002
0.001
0.0
0.018000000000000002
-0.002
0.0
0.0
0.0
0.0
0.0
0.0
0.0
0.022000000000000006
-0.005
-0.02700000000000001
-0.010000000000000002
0.011000000000000006
-0.010000000000000005
0.019000000000000003
-0.054000000000000034
-0.01199999999999998
-0.0040000000000000036
-0.009000000000000005
0.008999999999999984
0.020000000000000004
0.031000000000000014
0.029000000000000005
9.999999999999966E-4
-0.022000000000000006
0.019999999999999997
-0.005000000000000001
0.029000000000000012
0.02600000000000001
0.0
0.0
0.0
0.0
0.0
0.0
0.0
0.0
0.018000000000000002
-0.009000000000000001
-0.011000000000000001
0.012
-0.03600000000000002
0.02300000000000002
-9.999999999999827E-4
-0.03600000000000002
-0.02900000000000002
-0.034000000000000016
-0.045000000000000026
0.001999999999999993
-0.005
-0.021999999999999992
-0.0049999999999999975
0.02600000000000001
-0.004
-0.008
0.034000000000000016
0.02800000000000001
0.002
0.0
0.0
0.0
0.0
0.0
0.0
0.0
0.0
-0.006
-0.017
0.029000000000000012
0.020999999999999998
0.029000000000000012
9.999999999999896E-4
0.01200000000000001
0.0019999999999999966
0.031000000000000014
0.0030000000000000027
-0.023000000000000007
-0.0020000000000000035
0.02400000000000002
0.021000000000000005
-0.009999999999999998
0.032000000000000015
0.013000000000000005
0.022000000000000006
0.04100000000000002
0.013000000000000001
0.002
0.0
0.0
0.0
0.0
0.0
0.0
0.0
0.0
0.0
-0.006
0.017
0.021000000000000005
0.001
0.001
0.022000000000000006
0.018000000000000002
0.04200000000000003
0.05700000000000004
0.029000000000000012
0.001999999999999994
0.011999999999999993
0.019000000000000003
-0.007000000000000001
-0.006
-0.01
-0.001
-0.003
0.01
0.0
0.0
0.0
0.0
0.0
0.0
