-17.539999999999942
0.0
0.0
0.0
0.0
0.0
0.0
0.0
0.0
0.0
0.0
0.0
0.0
0.0
0.0
0.0
0.0
0.0
0.0
0.0
0.0
0.0
-14.17999999999977
-28.309999999999672
-13.469999999999766
-6.919999999999935
-8.979999999999896
-3.079999999999984
0.0
0.0
0.0
0.0
0.0
0.0
-0.9100000000000005
-26.080000000000556
1.6100000000000008
-2.1799999999999846
-42.800000000002704
-73.33000000000027
-71.45000000000144
-10.40999999999993
-10.679999999999847
-35.15000000000059
-18.43999999999972
-2.1799999999999975
0.0
-0.02
-7.569999999999927
22.43999999999936
-20.75999999999976
39.8099999999978
-23.510000000001316
103.40999999999681
139.6899999999929
47.23000000000624
46.90999999999857
33.240000000003256
-80.72000000000115
-18.829999999999902
-0.8900000000000006
0.0
-1.0300000000000007
-3.1800000000000264
2.1900000000002016
-42.519999999999115
59.869999999995315
99.27000000000085
75.34000000000238
144.21000000000993
85.91000000000228
102.11000000000102
11.610000000000221
-44.10999999999994
-4.740000000000069
0.0
0.0
-3.889999999999961
6.1899999999992446
29.73999999999695
14.689999999998676
51.11000000000077
-18.189999999999603
-50.550000000004395
135.45000000001937
128.28000000000614
160.64000000000294
97.96000000000639
-43.63999999999994
1.9499999999997983
-0.01
0.0
0.40000000000000024
23.169999999999664
32.559999999996364
6.300000000000023
-19.259999999997564
-37.000000000001926
59.42999999999179
17.670000000000126
59.70999999999897
124.27999999999757
43.2900000000028
-62.60999999999928
-28.410000000000203
0.09999999999999999
0.0
5.329999999999931
10.969999999999796
34.77000000000016
-45.2999999999917
-106.12000000000528
-54.11999999999994
-91.42000000000449
17.690000000000065
93.81000000000601
1.7299999999997397
-117.32000000000188
-92.08000000000278
-13.569999999999755
-0.6000000000000003
0.0
-3.319999999999973
19.759999999999803
18.720000000000116
-32.73999999999729
-68.70000000000068
-89.25000000000325
-1.6900000000002802
68.42999999999904
30.68000000000101
14.2100000000004
-103.02000000000339
-73.27000000000034
-16.989999999999856
-0.7300000000000004
0.0
-0.6500000000000004
-14.139999999999908
-48.57999999999841
-78.65999999999998
-95.06999999999876
-134.14000000001155
-139.85000000000784
-69.06999999999972
-63.960000000003916
-21.080000000000183
-60.190000000003714
-48.70000000000087
-0.33999999999999986
-0.01
0.0
0.37000000000000016
-13.49999999999983
27.219999999999594
0.38000000000007644
-49.99000000000035
-93.11999999999664
-7.139999999999955
-6.529999999999777
-92.65999999999745
53.069999999998174
50.94999999999908
-0.9100000000001345
-1.58000000000002
-0.3000000000000001
0.0
0.0
-4.859999999999946
-22.86999999999985
29.850000000000687
58.73999999999875
4.44999999999941
4.4200000000008615
36.95000000000539
62.419999999995746
83.41000000000518
55.3100000000023
36.23000000000028
-0.31000000000000005
0.0
0.0
-0.15
-0.3100000000000001
6.279999999999795
63.93999999999823
59.780000000000214
70.15999999999805
71.46000000000267
65.2200000000072
23.549999999998956
13.859999999999511
14.289999999999818
10.410000000000041
0.0
0.0
0.0
