-0.7000000000000004
0.0
0.0
0.0
0.0
0.0
0.0
0.0
0.0
0.0
0.0
0.0
0.0
0.0
0.0
0.0
0.0
0.0
0.0
0.0
0.0
0.0
0.0
0.0
0.0
0.0
0.0
0.0
0.0
0.0
0.0
0.0
0.0
0.0
0.0
0.0
0.0
0.0
0.0
0.0
0.0
0.0
0.0
0.0
0.0
0.0
0.0
0.0
0.0
0.0
0.0
0.0
0.0
0.0
0.0
0.0
0.0
0.0
0.0
0.0
0.0
0.0
0.0
0.0
0.0
0.0
0.0
0.0
0.0
-0.01
-0.01
0.0
0.0
0.0
-0.02
-0.03
-0.04
-0.02
-0.01
-0.01
-0.01
-0.01
0.0
0.0
0.0
0.0
0.0
0.0
0.0
0.0
0.0
0.0
0.0
0.0
0.0
0.0
0.0
0.0
-0.01
-0.060000000000000005
-0.08
-0.16
-0.16
-0.21000000000000005
-0.13999999999999999
-0.10999999999999999
-0.04
-0.02
-0.02
-0.01
-0.01
0.0
0.0
0.0
0.0
0.0
0.0
0.0
0.0
0.0
0.0
0.0
-0.01
-0.01
-0.01
-0.01
-0.16
0.020000000000000004
0.04
0.08
-0.07
-0.08
-0.07
-0.009999999999999997
-0.37000000000000016
-0.35000000000000014
-0.26000000000000006
-0.12999999999999998
-0.09
-0.03
-0.01
0.0
0.0
0.0
0.0
0.0
0.0
0.0
0.0
0.0
0.0
-0.01
-0.02
-0.10999999999999999
-0.2700000000000001
-0.34000000000000014
-0.19000000000000003
0.24000000000000005
0.4100000000000002
-0.23000000000000004
-0.3000000000000001
-0.009999999999999997
-0.37000000000000016
-0.22000000000000006
-0.4100000000000002
-0.4300000000000002
-0.17
-0.3000000000000001
-0.09999999999999999
-0.05
0.0
0.0
0.0
0.0
0.0
0.0
0.0
0.0
0.0
0.0
-0.16
-0.03
-0.15
-0.09
0.18000000000000002
0.07
-3.469446951953614E-18
0.05
0.25000000000000006
0.21000000000000002
0.4200000000000002
0.019999999999999997
0.22000000000000006
0.07
-0.010000000000000004
-0.10999999999999999
-0.05
-0.5900000000000003
-0.3200000000000001
-0.18000000000000002
-0.23000000000000007
-0.02
-0.01
0.0
0.0
-0.04
0.0
0.0
-0.11999999999999998
0.09
-0.26000000000000006
0.020000000000000004
0.17
0.05
0.16
-0.24000000000000005
0.009999999999999997
0.10999999999999999
0.3900000000000002
0.3300000000000001
0.6500000000000004
0.020000000000000004
0.04
-0.09
0.07
-0.16
-0.17
-0.08
-0.2900000000000001
-0.25000000000000006
-0.09999999999999999
-0.01
0.0
0.0
0.0
0.0
-0.03
-0.09999999999999999
-0.07
-0.09999999999999999
0.13999999999999999
-0.35000000000000014
0.4300000000000002
-0.23000000000000004
0.19000000000000003
0.45000000000000023
0.26000000000000006
0.38000000000000017
-0.03
-0.19000000000000003
0.4300000000000002
-0.16
-0.09999999999999999
0.25000000000000006
0.10999999999999999
-0.3000000000000001
-0.08
-0.3000000000000001
-0.26000000000000006
-0.09999999999999999
0.0
0.0
0.0
0.0
-0.01
-0.04
-0.07
0.22000000000000006
-3.469446951953614E-18
3.469446951953614E-18
-0.17
0.04000000000000001
0.10999999999999999
0.2900000000000001
0.07
0.020000000000000004
0.13999999999999999
0.13999999999999999
0.03
-0.17
0.12999999999999998
-0.25000000000000006
-0.08
0.010000000000000004
-0.20000000000000004
-0.04000000000000001
-0.35000000000000014
-0.21000000000000005
-0.08
0.0
0.0
0.0
0.0
-0.02
-0.18000000000000002
-0.3100000000000001
0.35000000000000014
0.19000000000000003
-0.05
-0.05000000000000001
0.4400000000000002
-3.469446951953614E-18
-0.09999999999999999
-0.020000000000000004
0.10999999999999999
-0.07
0.009999999999999997
-0.05
0.18000000000000002
0.23000000000000004
0.36000000000000015
0.2800000000000001
0.10999999999999999
0.21000000000000002
-0.10999999999999999
-0.17
-0.10999999999999999
0.0
0.0
0.0
0.0
0.0
-0.02
-0.20000000000000004
-0.04
0.22000000000000003
0.22000000000000006
0.16999999999999998
-0.09
0.16
-0.19000000000000003
0.07
0.20000000000000004
-0.15999999999999998
-0.060000000000000005
0.10999999999999999
-0.10999999999999999
0.10999999999999999
-0.23000000000000004
0.19
0.17
0.26000000000000006
0.3300000000000001
-0.12999999999999998
-0.12999999999999998
0.22000000000000006
0.0
0.0
0.0
0.0
0.0
-0.01
-0.15
-0.03
0.09
0.23000000000000007
0.25000000000000006
0.25000000000000006
0.25000000000000006
0.6000000000000003
-0.07
0.03
0.2
0.2800000000000001
0.15999999999999998
0.15
0.3000000000000001
0.04
0.09
0.21000000000000005
0.10999999999999999
-0.25000000000000006
-0.25000000000000006
-0.11999999999999998
-0.02
0.0
0.0
0.0
0.0
0.0
-0.02
-0.10999999999999999
0.18000000000000002
-0.09
0.18000000000000002
0.07
0.35000000000000014
-0.019999999999999997
-0.07
-0.019999999999999997
0.08
-0.009999999999999997
0.16
0.09
-0.08
0.03
0.11999999999999998
0.4200000000000002
0.08
0.010000000000000004
0.21000000000000002
-0.07
-0.15
-0.08
0.0
0.0
0.0
0.0
0.0
0.0
-0.05000000000000001
0.04000000000000001
-0.12999999999999998
-0.2800000000000001
0.09
-0.2900000000000001
0.03
-0.09999999999999999
0.09
-0.07
-0.08
0.21000000000000005
0.11999999999999998
0.03
0.4000000000000002
0.060000000000000005
0.26000000000000006
0.21000000000000005
-0.009999999999999997
0.3100000000000001
-0.07
-0.24000000000000007
-0.060000000000000005
0.0
0.0
0.0
0.0
0.0
0.0
-0.08
0.3300000000000001
0.11999999999999998
-0.009999999999999997
-0.3100000000000001
0.03
-0.04
0.10999999999999999
-0.12999999999999998
-0.09999999999999999
0.2
-0.2700000000000001
0.08
-0.020000000000000004
0.3000000000000001
-0.009999999999999997
-0.19000000000000003
0.08
-0.07
0.21000000000000005
-0.10999999999999999
-0.4000000000000002
0.0
-0.02
0.0
0.0
0.0
0.0
0.0
-0.07
0.3300000000000001
-0.09999999999999999
-0.03
0.04
0.21000000000000002
0.10999999999999999
-0.11999999999999998
0.24000000000000005
-0.18
-0.2900000000000001
-0.16999999999999998
-0.009999999999999997
-0.05000000000000001
-0.09999999999999999
-0.23000000000000004
-0.010000000000000004
-0.5500000000000003
0.24000000000000005
-0.22000000000000003
-0.4100000000000002
-0.2900000000000001
0.0
-0.02
0.0
0.0
0.0
0.0
0.0
0.09
-0.15
-3.469446951953614E-18
-0.22000000000000006
-0.21000000000000005
0.18000000000000002
0.019999999999999997
0.11999999999999998
0.09999999999999999
-0.38000000000000017
0.12999999999999998
0.16
0.22000000000000003
0.23000000000000007
0.08
-0.13999999999999999
0.04
-0.08
-0.019999999999999997
-0.2700000000000001
-0.3100000000000001
-0.2900000000000001
0.0
-0.02
0.0
0.0
0.0
0.0
-0.10999999999999999
-0.07
-0.2900000000000001
-0.2800000000000001
-0.17
-0.09
0.17
-0.05
3.469446951953614E-18
-0.3200000000000001
-0.2800000000000001
0.08
0.24000000000000005
0.2800000000000001
0.4700000000000002
-0.15999999999999998
0.25000000000000006
0.20000000000000004
-0.09999999999999999
-0.07
0.05
-0.05
-0.04
0.0
-0.02
0.0
0.0
0.0
0.0
-0.10999999999999999
-0.10999999999999999
-0.19000000000000003
-0.21000000000000005
-0.09
0.08
0.18000000000000002
-0.3100000000000001
0.05
0.19000000000000003
-0.5400000000000003
-0.08
-0.4500000000000002
-0.34000000000000014
-0.26000000000000006
0.09999999999999999
-0.25000000000000006
0.07
0.030000000000000006
-0.4100000000000002
-0.15
-0.05
0.12999999999999998
0.0
0.0
0.0
0.0
0.0
0.0
0.0
-0.04
-0.17
-0.4000000000000002
0.11999999999999998
0.11999999999999998
-0.19000000000000003
-0.09
-0.36000000000000015
-0.4800000000000002
-0.03
-0.10999999999999999
-0.19000000000000003
-0.3900000000000002
0.2
0.04
-0.21000000000000002
-0.26000000000000006
0.19000000000000003
-0.15
-0.12999999999999998
-0.04
0.23000000000000007
-0.03
0.0
0.0
0.0
0.0
0.0
0.0
0.0
-0.04
-0.19000000000000003
0.030000000000000006
0.030000000000000006
0.3000000000000001
-0.21000000000000005
0.25000000000000006
-0.08
-3.469446951953614E-18
0.04
-0.12999999999999998
0.2700000000000001
-0.17
-0.6900000000000004
-0.07
0.09999999999999999
-0.15
-0.3000000000000001
-0.030000000000000006
0.05
0.22000000000000006
-0.05
0.0
0.0
0.0
0.0
0.0
0.0
0.0
0.0
-0.060000000000000005
-0.019999999999999997
-0.05
-0.4300000000000002
-0.19000000000000003
-0.20000000000000004
-0.11999999999999998
-0.03
-0.12999999999999998
-0.04
-0.17
-0.44000000000000017
-0.24000000000000005
0.060000000000000005
3.469446951953614E-18
-0.15
-0.15
-0.09
-0.019999999999999997
0.09999999999999999
-0.05
-0.02
0.0
0.0
0.0
0.0
0.0
0.0
-0.060000000000000005
-0.15
-0.36000000000000015
-0.08
0.20000000000000004
-0.07
-0.15
-0.37000000000000016
0.16
-0.07
-0.010000000000000004
0.21000000000000005
0.04
0.3300000000000001
0.16
-0.24000000000000007
-0.11999999999999998
0.26000000000000006
0.07
0.16
0.21000000000000005
-0.02
-0.02
0.0
0.0
0.0
0.0
0.0
-0.02
-0.05
-0.23000000000000007
-0.18000000000000002
-0.09999999999999999
-0.23000000000000007
0.34000000000000014
0.18000000000000002
-0.24000000000000005
-0.4100000000000002
-0.26000000000000006
-0.21000000000000002
-0.20000000000000004
0.18000000000000002
-0.18000000000000002
-0.20000000000000004
0.08
0.03
0.03
0.37000000000000016
0.13999999999999999
0.0
0.0
0.0
0.0
0.0
0.0
0.0
0.0
-0.02
-0.09
-0.18000000000000002
0.22000000000000006
0.18000000000000002
0.26000000000000006
-0.09
0.04
0.12999999999999998
0.07
0.09
-0.23000000000000007
0.09999999999999999
-0.03
0.13999999999999999
0.18000000000000002
0.15
0.22000000000000006
0.3000000000000001
0.35000000000000014
0.09
0.060000000000000005
0.0
0.0
0.0
0.0
0.0
0.0
0.0
0.02
0.09999999999999999
0.12999999999999998
0.18000000000000002
0.19000000000000003
0.12999999999999998
0.09999999999999999
0.18000000000000002
0.11999999999999998
0.21000000000000005
0.3300000000000001
0.20000000000000004
0.22000000000000006
0.09999999999999999
0.16
-0.09999999999999999
-0.2800000000000001
0.13999999999999999
0.09999999999999999
0.09999999999999999
0.060000000000000005
0.0
0.0
0.0
0.0
0.0
0.0
