8.68999999999986
0.0
0.0
0.0
-17.129999999999768
-33.58000000000015
-30.490000000000283
-4.749999999999987
-237.5600000000025
-3.1299999999999772
-38.96000000000062
-132.50000000001276
-68.54000000001933
64.96999999998157
273.280000000001
513.0799999998573
-348.140000000048
-8.64999999999986
-26.140000000001823
335.34000000005676
497.19999999989955
726.1299999998724
1008.0599999995851
250.15999999999985
-156.35999999999996
-16.81999999999983
348.2499999999655
75.84999999999056
-557.6599999999894
-608.8200000000248
619.9500000000486
-591.7100000000689
-226.3100000000094
7.929999999999875
39.93999999999825
-544.0299999999287
-616.2499999999445
-545.5599999999346
-417.92000000005584
-257.01000000004785
25.800000000000455
5.809999999999921
50.67000000000301
308.67999999999944
479.1299999999756
460.89000000015625
392.77000000004716
219.29000000000352
-1.3500000000000008
-0.02
