-0.046000000000000034
0.0
0.0
0.0
0.0
0.0
0.0
0.0
0.0
0.0
0.0
0.0
0.0
0.0
0.0
0.0
0.0
0.0
0.0
0.0
0.0
0.0
0.0
0.0
0.0
0.0
0.0
0.0
0.0
0.0
0.0
0.0
0.0
0.0
0.0
0.0
0.0
0.0
0.0
0.0
-0.002
-0.002
0.0
0.0
0.0
0.0
0.0
0.0
0.0
0.0
0.0
0.0
0.0
0.0
0.0
0.0
0.0
0.0
0.0
0.0
0.0
0.0
0.0
0.0
0.0
0.0
0.0
0.0
0.0
-0.002
-0.001
0.0
0.0
0.0
-0.002
-0.001
-0.001
0.0
0.0
0.0
0.0
0.0
0.0
0.0
0.0
0.0
0.0
0.0
0.0
0.0
0.0
0.0
0.0
0.0
0.0
0.0
0.0
0.0
-0.002
-0.002
-0.002
-0.01
-0.010000000000000002
-0.02700000000000001
-0.02500000000000001
-0.016
-0.006
-0.008
-0.004
-0.004
0.0
0.0
0.0
0.0
0.0
0.0
0.0
0.0
0.0
0.0
0.0
0.0
0.0
0.0
-0.004
-0.002
-0.023000000000000007
0.004
0.013000000000000003
0.0010000000000000009
-0.028000000000000018
-0.023000000000000007
-0.02800000000000001
-0.02100000000000001
-0.05100000000000003
-0.04900000000000003
-0.02400000000000001
-0.023000000000000007
-0.013000000000000001
-0.001
-0.002
0.0
0.0
0.0
0.0
0.0
0.0
0.0
0.0
0.0
0.0
0.0
-0.008
-0.013000000000000001
-0.020000000000000004
-0.010000000000000002
-0.024000000000000007
0.009000000000000013
-0.0010000000000000035
-0.01900000000000001
-0.029000000000000005
-0.019000000000000003
-0.043000000000000024
0.0
-0.020000000000000004
-0.06600000000000004
0.02600000000000001
-0.04000000000000002
-0.021000000000000005
-0.008
-0.008
0.0
0.0
0.0
0.0
0.0
0.0
0.0
0.0
-0.008
-0.022000000000000006
-0.02600000000000001
-0.032000000000000015
0.010999999999999996
0.03500000000000002
-0.018000000000000002
-0.003
-0.018000000000000002
0.08200000000000005
0.020000000000000004
0.05700000000000004
-0.009000000000000005
0.03800000000000003
-0.009999999999999995
-0.008000000000000004
-0.02500000000000001
-0.030000000000000013
-0.08300000000000006
-0.04000000000000002
-0.043000000000000024
-0.04000000000000002
-0.002
-0.002
0.0
0.0
-0.006
0.0
-0.007
-0.023000000000000007
-0.009000000000000005
-0.04800000000000002
-0.008000000000000002
-0.017999999999999995
0.030999999999999986
-0.026000000000000002
-0.012999999999999986
-0.003000000000000002
0.03600000000000002
0.023000000000000007
0.05700000000000002
0.030000000000000034
0.021000000000000005
0.014000000000000016
0.015000000000000006
0.032000000000000015
0.005000000000000004
-0.05600000000000004
-0.016
-0.04800000000000003
-0.03800000000000002
-0.009000000000000001
-0.004
0.0
0.0
0.0
0.0
-0.011
-0.008
-0.002
-0.017
0.01899999999999999
-0.018999999999999996
0.015999999999999993
-0.006
0.03500000000000001
0.07800000000000006
0.020999999999999998
0.06800000000000005
0.026000000000000023
-0.008000000000000018
0.04100000000000002
-0.006000000000000001
-0.030000000000000006
-0.0039999999999999975
0.023
-0.05200000000000003
-0.043000000000000024
-0.04100000000000002
-0.03100000000000002
-0.012000000000000004
-0.002
0.0
0.0
0.0
0.0
-0.005
-0.015000000000000001
0.003
-0.003000000000000002
-0.023
-0.013999999999999993
0.017999999999999995
0.03800000000000001
0.05200000000000003
0.013999999999999997
-0.006999999999999997
0.02200000000000002
0.006000000000000015
-0.02099999999999999
0.005999999999999986
-0.001000000000000007
-0.023000000000000007
-0.012999999999999998
0.029000000000000012
-0.07300000000000005
0.018000000000000002
-0.05800000000000004
-0.03500000000000002
-0.008
0.0
0.0
0.0
0.0
-0.004
-0.014000000000000002
-0.02800000000000001
0.043000000000000024
0.011999999999999993
0.004000000000000011
-0.011999999999999992
0.017
-0.029000000000000005
-0.005000000000000024
-0.007000000000000024
-0.004000000000000006
-0.004000000000000012
-0.015000000000000001
0.002999999999999969
0.037000000000000005
0.030000000000000027
0.012999999999999994
-0.016999999999999987
-0.01199999999999999
0.054000000000000034
0.010000000000000002
-0.05800000000000004
-0.012
0.0
0.0
0.0
0.0
0.0
-0.006
-0.023000000000000007
0.008
0.008999999999999998
0.024000000000000014
0.014000000000000007
0.027999999999999983
0.056000000000000036
-0.007000000000000011
0.04100000000000002
0.004999999999999994
0.0019999999999999966
-0.01899999999999999
0.008999999999999984
-0.02200000000000002
-0.0019999999999999966
-0.010000000000000005
0.05600000000000003
0.019000000000000017
0.04600000000000003
0.020000000000000004
-0.015
-0.012
0.014
-0.002
-0.002
0.0
0.0
0.0
-0.009000000000000001
-0.020000000000000004
-0.003
0.008
0.012999999999999994
0.04600000000000002
0.03600000000000002
0.015
0.05100000000000002
-0.004
0.004000000000000007
0.018000000000000002
0.012999999999999992
0.03400000000000002
0.017999999999999988
0.013000000000000005
0.015999999999999993
0.024000000000000014
0.05200000000000003
0.024000000000000007
0.001
-0.02600000000000001
-0.015000000000000003
-0.003
-0.001
-0.002
0.0
0.0
0.0
-0.005
-0.02500000000000001
0.006
0.016999999999999994
0.005999999999999993
0.05300000000000003
0.028000000000000004
0.001
-0.017999999999999974
0.030000000000000013
-0.005000000000000004
-9.999999999999861E-4
0.010999999999999975
0.003000000000000008
0.006999999999999997
-0.011999999999999983
0.009999999999999981
0.03900000000000001
0.0019999999999999896
-0.008
0.04200000000000002
-0.017
-0.023000000000000007
-0.016
0.004
0.0
0.0
0.0
0.0
-0.002
-0.013000000000000001
-0.031000000000000007
0.011000000000000005
-0.004
0.020000000000000018
-0.028999999999999998
0.015999999999999966
-0.002999999999999995
0.018000000000000016
0.020999999999999998
-0.014000000000000023
0.03600000000000002
0.021000000000000005
-0.05600000000000003
0.051000000000000024
-0.006000000000000004
-0.010999999999999998
0.016
-0.009999999999999997
0.04600000000000003
-0.0010000000000000009
-0.02700000000000001
-0.022000000000000006
0.004
0.0
0.0
0.0
0.0
0.0
0.001
0.012000000000000002
0.0050000000000000105
-0.011999999999999993
-0.038000000000000006
0.001999999999999993
0.02900000000000002
-0.025000000000000022
-0.039000000000000014
0.008000000000000004
0.006999999999999993
-0.018999999999999996
0.024000000000000028
-0.009999999999999988
0.03200000000000001
0.049000000000000016
-0.010000000000000012
-1.734723475976807E-18
-0.04600000000000002
-0.024000000000000007
-0.023000000000000007
-0.04200000000000002
-0.012
0.002
0.0
0.0
0.0
0.0
0.0
0.003
0.014000000000000002
-0.04600000000000003
0.012000000000000002
0.007999999999999997
0.04000000000000002
0.006
0.001000000000000014
0.0029999999999999897
-0.03500000000000003
-0.031000000000000028
0.030000000000000006
-0.010999999999999994
0.017000000000000022
-0.03900000000000002
-0.015999999999999986
0.022000000000000013
-0.06000000000000004
0.006000000000000007
-0.06300000000000004
-0.043000000000000024
-0.03600000000000002
0.003
0.0
0.0
0.0
0.0
0.0
0.0
0.011000000000000001
-0.02500000000000001
0.032000000000000015
-0.014000000000000012
-0.009000000000000005
0.016
0.002999999999999994
0.019999999999999997
-0.002999999999999993
-0.04600000000000002
0.042
0.007000000000000012
0.009999999999999992
-0.025000000000000015
0.012999999999999984
-0.0029999999999999654
0.0010000000000000104
-0.03900000000000003
-0.004999999999999997
-0.02000000000000001
-0.029000000000000012
-0.03800000000000002
-0.013000000000000001
-0.002
0.0
0.0
0.0
0.0
-0.006
-0.005
-0.019000000000000003
-0.001
-0.009999999999999998
0.008
0.031000000000000007
-0.017000000000000015
-0.017999999999999988
-0.024
-0.029000000000000026
-0.010000000000000031
0.03500000000000002
-0.015999999999999993
0.06000000000000004
-0.009000000000000015
0.012
0.022000000000000006
-0.011999999999999997
-0.01
0.012
-0.016
0.003
-0.007
-0.004
0.0
0.0
0.0
0.0
-0.006
-0.018000000000000002
-0.014000000000000005
0.004
-0.008
0.01200000000000001
0.03400000000000001
-0.06300000000000004
0.03300000000000001
0.014999999999999986
-0.06900000000000005
-0.026000000000000016
-0.05700000000000005
-0.024000000000000014
-0.009999999999999985
0.030000000000000013
-0.029000000000000005
0.013999999999999986
-0.03700000000000002
-0.034000000000000016
-0.001
-0.02000000000000001
0.01
-0.01
0.0
0.0
0.0
0.0
0.0
0.0
-0.007
-0.02500000000000001
-0.034000000000000016
0.002
-0.031000000000000007
-0.024000000000000007
-0.0069999999999999975
-0.021000000000000005
-0.08900000000000007
0.005999999999999988
0.03300000000000001
0.0010000000000000035
-0.03800000000000001
-0.019000000000000003
-0.001999999999999993
-9.999999999999861E-4
-0.07800000000000006
0.023999999999999994
0.014999999999999994
-0.012
0.005
0.006
-0.006
0.0
0.0
0.0
0.0
0.0
0.0
-0.004
-0.008
-0.016
-0.023000000000000013
0.003000000000000002
-0.015000000000000001
-0.024000000000000007
0.06000000000000004
0.006000000000000004
-0.013999999999999993
0.001
-0.02400000000000002
-0.007000000000000022
0.01199999999999999
-0.10600000000000008
-0.015999999999999993
0.005999999999999997
-0.02900000000000002
-0.023000000000000007
-0.004
-0.004
0.02600000000000001
-0.003
0.0
0.0
0.0
0.0
0.0
0.0
0.0
-0.002
0.009000000000000001
0.05700000000000003
-0.001
-0.019999999999999997
-0.011999999999999997
-0.016999999999999987
-0.033000000000000015
0.01999999999999997
-0.017999999999999995
-0.016000000000000007
-0.016000000000000007
-0.06900000000000005
-0.02000000000000001
-0.004999999999999997
0.018999999999999975
-0.016
-0.02500000000000001
-0.003
-0.002
0.022000000000000006
-0.006
0.0
0.0
0.0
0.0
0.0
0.0
-0.002
0.019000000000000003
-0.006
-0.05100000000000003
0.006999999999999998
0.004000000000000001
0.004999999999999997
0.011000000000000015
-0.027999999999999997
-0.011999999999999969
-0.009000000000000032
-0.018000000000000002
0.05200000000000002
0.019999999999999997
0.030000000000000006
0.05200000000000003
-0.015000000000000006
-0.016999999999999994
0.029000000000000012
0.003
0.05000000000000003
0.032000000000000015
0.0
0.0
0.0
0.0
0.0
0.0
0.0
-0.01
0.02700000000000001
0.0
-0.021000000000000005
0.015999999999999997
-0.019000000000000017
0.05100000000000003
0.0029999999999999957
-0.03600000000000001
-0.040000000000000015
-0.02899999999999999
0.015
0.009000000000000005
-0.022
-0.028000000000000018
-0.02500000000000001
0.04400000000000002
-0.024000000000000007
0.012999999999999994
0.033000000000000015
0.04000000000000002
0.002
0.0
0.0
0.0
0.0
0.0
0.0
0.0
-0.008
-0.006
-0.017
0.05200000000000003
-0.013000000000000001
0.024000000000000007
0.0019999999999999896
0.031000000000000014
0.021000000000000005
0.037000000000000005
0.03400000000000002
-0.024000000000000007
0.019000000000000003
0.01900000000000001
0.005000000000000014
-0.005
0.03800000000000002
-0.004
0.02600000000000001
0.04000000000000002
0.013000000000000001
0.012
0.0
0.0
0.0
0.0
0.0
0.0
0.0
0.0
0.0
-0.01
0.02600000000000001
0.017
0.012999999999999998
0.009000000000000005
0.015000000000000001
0.01500000000000001
0.045000000000000026
0.04800000000000003
0.05100000000000003
0.03700000000000002
0.030000000000000013
0.05200000000000003
0.015000000000000001
-0.018000000000000002
-0.012999999999999998
-0.002
-0.013000000000000003
0.01
0.0
0.0
0.0
0.0
0.0
0.0
