-0.5300000000000002
0.0
0.0
0.0
0.0
0.0
0.0
0.0
0.0
0.0
0.0
0.0
0.0
0.0
0.0
0.0
0.0
0.0
0.0
0.0
0.0
0.0
0.0
0.0
0.0
0.0
0.0
0.0
0.0
0.0
0.0
0.0
0.0
0.0
0.0
0.0
0.0
0.0
0.0
0.0
0.0
0.0
0.0
0.0
0.0
0.0
0.0
0.0
0.0
0.0
0.0
0.0
0.0
0.0
0.0
0.0
0.0
0.0
0.0
0.0
0.0
0.0
0.0
0.0
0.0
0.0
0.0
0.0
0.0
0.0
0.0
0.0
0.0
0.0
-0.03
-0.03
-0.03
-0.01
-0.01
0.0
0.0
0.0
0.0
0.0
0.0
0.0
0.0
0.0
0.0
0.0
0.0
0.0
0.0
0.0
0.0
0.0
0.0
0.0
0.0
-0.03
-0.15
-0.20000000000000004
-0.16
-0.21000000000000005
-0.13999999999999999
-0.15
-0.09
-0.20000000000000004
-0.18000000000000002
-0.12999999999999998
0.0
0.0
0.0
0.0
0.0
0.0
0.0
0.0
0.0
0.0
0.0
-0.01
-0.02
-0.01
-0.04
-0.04
-0.18000000000000002
0.03
0.009999999999999997
0.060000000000000005
-0.12999999999999998
-0.07
-0.03
-0.09999999999999999
-0.5300000000000002
-0.6600000000000004
-0.4100000000000002
-0.2900000000000001
-0.21000000000000005
-0.02
-0.01
0.0
0.0
0.0
0.0
0.0
0.0
0.0
0.0
0.0
-0.03
-0.02
-0.03
-0.10999999999999999
-0.3100000000000001
-0.3100000000000001
-0.47000000000000025
0.2700000000000001
0.18000000000000002
-0.36000000000000015
-0.07
-0.09999999999999999
-0.36000000000000015
-0.07
-0.24000000000000005
-0.3200000000000001
0.13999999999999999
-0.4100000000000002
-0.09999999999999999
-0.02
0.0
0.0
0.0
0.0
0.0
0.0
0.0
0.0
-0.02
-0.060000000000000005
-0.20000000000000004
-0.09
-0.12999999999999998
-0.05
0.16999999999999998
0.36000000000000015
-0.03
0.11999999999999998
0.4000000000000002
0.16
0.26000000000000006
-0.05
0.4000000000000002
0.18000000000000002
-0.020000000000000004
-0.020000000000000004
0.019999999999999997
-0.7200000000000004
-0.36000000000000015
-0.17
-0.19000000000000003
-0.04
-0.03
0.0
0.0
-0.07
0.0
-0.04
-0.16
0.07
-0.17
0.04
0.09999999999999999
-0.009999999999999997
0.21000000000000002
-0.12999999999999998
-0.11999999999999998
0.009999999999999997
0.4100000000000002
0.5300000000000002
0.5300000000000002
-0.05
-0.07
-0.08
0.17
-0.03
-0.3000000000000001
-0.08
-0.18000000000000002
-0.24000000000000007
-0.060000000000000005
-0.03
0.0
0.0
0.0
-0.01
-0.060000000000000005
-0.10999999999999999
-0.08
-0.09
0.25000000000000006
-0.2900000000000001
0.3200000000000001
-0.3100000000000001
0.07
0.3900000000000002
0.2900000000000001
0.4900000000000002
-0.19000000000000003
-0.24000000000000005
0.5200000000000002
-0.21000000000000002
-0.2
0.3900000000000002
-0.060000000000000005
-0.19
-0.20000000000000004
-0.19000000000000003
-0.19000000000000003
-0.060000000000000005
0.0
0.0
0.0
0.0
-0.02
-0.060000000000000005
-0.04
0.11999999999999998
3.469446951953614E-18
-0.08
-0.2800000000000001
0.11999999999999998
0.24000000000000005
0.4300000000000002
0.17
-0.07
0.10999999999999999
0.23000000000000007
0.04000000000000001
-0.10999999999999999
0.019999999999999997
-0.17
-0.04
0.09999999999999999
-0.4100000000000002
-0.05
-0.2700000000000001
-0.13999999999999999
-0.02
0.0
0.0
0.0
0.0
-0.03
-0.15
-0.25000000000000006
0.3000000000000001
0.19000000000000003
-0.010000000000000004
0.019999999999999997
0.44000000000000017
-0.26000000000000006
-0.11999999999999998
-0.05
0.03
-0.04
-0.04
-0.009999999999999997
0.04
0.11999999999999998
0.22000000000000003
-0.16
0.16
0.11999999999999998
-0.009999999999999997
-0.17
-0.08
0.0
0.0
0.0
0.0
0.0
-0.02
-0.24000000000000007
-0.019999999999999997
0.22000000000000006
0.23000000000000007
0.08
-0.009999999999999997
0.3000000000000001
-0.2900000000000001
0.09999999999999999
0.24000000000000005
0.010000000000000004
0.05
0.060000000000000005
-0.11999999999999998
0.23000000000000004
-0.23000000000000007
0.3000000000000001
0.17
0.3200000000000001
0.23000000000000004
-0.08
-0.09999999999999999
0.22000000000000006
-0.01
-0.01
0.0
0.0
0.0
-0.03
-0.18000000000000002
-0.05
0.09
0.3300000000000001
0.3000000000000001
0.2800000000000001
0.34000000000000014
0.5800000000000003
-0.09
0.10999999999999999
0.36000000000000015
0.26000000000000006
0.20000000000000004
0.2800000000000001
0.3200000000000001
0.05
0.08
0.19
0.15
-0.07
-0.15
-0.26000000000000006
-0.05
-0.01
-0.01
0.0
0.0
0.0
-0.04
-0.19000000000000003
0.20000000000000004
0.08
-3.469446951953614E-18
-0.020000000000000004
0.21000000000000005
0.07
-0.26000000000000006
0.15
-0.11999999999999998
-0.05
0.11999999999999998
0.07
-0.08
-0.09
0.16999999999999998
0.5100000000000002
0.15999999999999998
0.07
0.22000000000000006
-0.21000000000000002
-0.23000000000000007
-0.09
0.0
0.0
0.0
0.0
0.0
-0.02
-0.15
-0.019999999999999997
-0.13999999999999999
-0.3300000000000001
0.19
-0.26000000000000006
0.05
-0.060000000000000005
0.12999999999999995
-0.009999999999999997
0.030000000000000006
0.17
0.07
-0.05000000000000001
0.45000000000000023
-0.05
0.09
0.2800000000000001
0.20000000000000004
0.2900000000000001
-0.08
-0.2700000000000001
-0.12999999999999998
0.0
0.0
0.0
0.0
0.0
0.0
-0.12999999999999998
0.3100000000000001
0.16
-3.469446951953614E-18
-0.3900000000000002
0.12999999999999998
0.060000000000000005
-0.08999999999999997
-0.36000000000000015
0.05
0.019999999999999997
-0.25000000000000006
0.17
0.09
0.4700000000000002
0.09999999999999999
-0.08
0.05
-0.4000000000000002
0.16
0.010000000000000004
-0.45000000000000023
-0.08
-0.02
0.0
0.0
0.0
0.0
0.0
-0.019999999999999997
0.3300000000000001
-0.12999999999999998
0.11999999999999998
-3.469446951953614E-18
0.26000000000000006
-0.009999999999999997
-0.08
0.13999999999999999
-0.04
-0.3000000000000001
-0.12999999999999998
-0.16
0.11999999999999998
-0.2800000000000001
-0.13999999999999999
0.08
-0.6600000000000004
0.2900000000000001
-0.20000000000000004
-0.36000000000000015
-0.3300000000000001
-0.02
-0.03
0.0
0.0
0.0
0.0
0.02
0.11999999999999998
-0.17
0.20000000000000004
-0.2700000000000001
-0.24000000000000005
0.22000000000000003
-0.16
-0.019999999999999997
0.12999999999999998
-0.6000000000000003
0.36000000000000015
0.2800000000000001
0.21000000000000002
-0.019999999999999997
0.24000000000000005
-0.17
-0.060000000000000005
0.07
-0.009999999999999997
-0.38000000000000017
-0.3200000000000001
-0.2700000000000001
0.0
-0.03
0.0
0.0
0.0
0.0
-0.060000000000000005
-0.09
-0.3200000000000001
-0.15
-0.09999999999999999
0.12999999999999998
0.17
0.020000000000000004
0.13999999999999999
-0.34000000000000014
-0.2800000000000001
-0.08
0.42000000000000015
-3.469446951953614E-18
0.6000000000000003
-0.15999999999999998
0.08
0.26000000000000006
-0.12999999999999998
-0.03
0.10999999999999999
-0.09
0.010000000000000004
0.0
-0.03
0.0
0.0
0.0
0.0
-0.08
-0.17
-0.2800000000000001
-0.09999999999999999
-0.03
0.16
0.4000000000000002
-0.5000000000000002
0.12999999999999998
0.22000000000000003
-0.6600000000000004
-0.11999999999999998
-0.36000000000000015
-0.24000000000000005
-0.25000000000000006
0.21000000000000005
-0.25000000000000006
0.17
-0.009999999999999997
-0.4000000000000002
-0.19000000000000003
-0.10999999999999999
0.10999999999999999
0.0
0.0
0.0
0.0
0.0
0.0
0.0
-0.08
-0.2700000000000001
-0.5000000000000002
0.05
-3.469446951953614E-18
-0.2900000000000001
-0.03
-0.37000000000000016
-0.4300000000000002
-0.18
-0.09999999999999999
-0.11999999999999998
-0.4200000000000002
0.019999999999999997
0.22000000000000006
-0.060000000000000005
-0.3100000000000001
0.11999999999999998
-0.17
-0.18000000000000002
-0.009999999999999997
0.21000000000000005
-0.04
0.0
0.0
0.0
0.0
0.0
0.0
-0.01
-0.09
-0.21000000000000005
-0.06000000000000001
0.09999999999999999
0.11999999999999998
-0.21000000000000002
0.3100000000000001
-0.07
0.060000000000000005
0.08
-0.2
0.11999999999999998
-0.11999999999999998
-0.7900000000000005
-0.010000000000000004
0.16
-0.17
-0.26000000000000006
-0.07
0.060000000000000005
0.21000000000000005
-0.04
0.0
0.0
0.0
0.0
0.0
0.0
0.0
-0.01
0.11999999999999998
0.15
0.22000000000000003
-0.26000000000000006
-0.25000000000000006
-0.18000000000000002
0.04
-0.060000000000000005
-0.10999999999999999
-0.019999999999999997
-0.23000000000000007
-0.5000000000000002
-0.3300000000000001
-0.05
0.07
-0.09999999999999999
-0.17
-0.08
0.030000000000000006
0.15
-0.04
-0.01
0.0
0.0
0.0
0.0
0.0
-0.05
0.17
0.04000000000000001
-0.36000000000000015
0.09
0.04
-0.19000000000000003
0.04
-0.45000000000000023
-0.060000000000000005
-0.07
-0.11999999999999998
0.24000000000000005
3.469446951953614E-18
0.2800000000000001
0.13999999999999999
-0.23000000000000007
3.469446951953614E-18
0.26000000000000006
0.09999999999999999
0.2700000000000001
0.2800000000000001
-0.01
-0.01
0.0
0.0
0.0
0.0
0.0
-0.07
0.16
-0.08
3.469446951953614E-18
-0.06000000000000001
-0.07
0.4300000000000002
0.19000000000000003
-0.37000000000000016
-0.4000000000000002
-0.37000000000000016
-0.22000000000000003
0.019999999999999997
0.030000000000000006
-0.019999999999999997
-0.23000000000000004
-0.04
-0.03
-0.05000000000000001
0.4300000000000002
0.26000000000000006
-0.01
0.0
0.0
0.0
0.0
0.0
0.0
0.0
-0.02
-0.13999999999999999
-0.3300000000000001
0.2700000000000001
0.08
0.21000000000000002
-0.09
0.09
0.3300000000000001
0.24000000000000005
0.2800000000000001
-0.11999999999999998
0.19000000000000003
-0.020000000000000004
0.13999999999999999
0.10999999999999999
0.07
-0.010000000000000004
0.3900000000000002
0.4000000000000002
0.12999999999999998
0.05
0.0
0.0
0.0
0.0
0.0
0.0
0.0
0.01
0.09
0.10999999999999999
0.2800000000000001
0.2800000000000001
0.13999999999999999
0.11999999999999998
0.20000000000000004
0.16
0.22000000000000006
0.4100000000000002
0.25000000000000006
0.03
0.2700000000000001
0.36000000000000015
0.09
-0.3200000000000001
0.05
0.08
0.08
0.09
0.0
0.0
0.0
0.0
0.0
0.0
