-1.0449999999999957
0.0
0.0
0.0
-0.002
-0.47000000000000036
-0.32200000000000023
-0.03900000000000003
-1.0899999999999062
-0.001
-0.5510000000000004
-0.08599999999999983
0.031999999999997204
0.09500000000008832
0.0019999999999983703
0.02300000000000611
-0.03299999999999492
-0.05100000000000004
0.02399999999999667
0.12200000000003082
0.19300000000000095
0.06300000000001031
0.1640000000000001
0.1620000000000007
-0.23200000000000015
-0.11900000000000009
0.05400000000001103
0.14800000000005606
-0.06000000000002215
-0.021000000000014445
0.10000000000005053
-0.06200000000001184
-0.5560000000000004
-0.23700000000000018
-0.10900000000000118
-0.057000000000006885
-0.18400000000000005
-0.2120000000000002
-0.15200000000000324
-0.07899999999998097
0.23000000000000018
0.19000000000000014
-0.08099999999999767
0.16500000000000004
0.10699999999998684
0.04000000000000129
0.06299999999998983
0.3620000000000003
0.48400000000000043
-0.2800000000000002
