-30.700000000002
0.0
0.0
0.0
0.0
0.0
0.0
0.0
0.0
0.0
0.0
-0.02
-0.01
0.0
0.0
0.0
0.0
0.0
0.0
0.0
0.0
0.0
-8.469999999999873
-22.019999999999616
-7.879999999999884
-6.359999999999945
-11.989999999999831
-7.359999999999931
0.0
-0.04
0.0
0.0
0.0
-1.5800000000000012
-4.230000000000003
-26.049999999999827
-13.069999999999983
-7.49000000000011
-67.4700000000017
-73.13000000000032
-80.18000000000237
-32.7700000000013
-29.530000000000733
-51.80000000000099
-19.159999999999798
-1.380000000000001
0.0
-0.060000000000000005
-11.219999999999805
28.509999999998765
28.849999999998687
93.65999999999715
18.27999999999903
94.16000000000251
125.00999999998629
55.51000000000782
68.14999999999964
54.690000000001774
-63.070000000001485
-22.870000000000076
-0.060000000000000005
0.0
-0.9200000000000006
3.4699999999999687
21.489999999998247
-5.390000000000034
74.03999999999897
110.58000000000692
75.87000000000297
115.30000000001364
112.00000000000912
131.61000000000655
35.85000000000608
-27.149999999999082
-8.910000000000057
0.0
-0.01
-5.6699999999999235
6.149999999999488
34.7799999999997
5.989999999999061
37.11999999999835
-11.060000000000153
-43.54000000000142
118.6000000000123
133.49000000001223
151.39000000000294
77.6200000000023
-58.72000000000281
-4.560000000000094
0.0
-0.01
-4.749999999999943
21.79000000000015
49.19000000000092
-4.309999999999741
-19.99999999999835
-0.08999999999959289
76.49999999999778
5.26999999999994
82.5300000000013
125.7599999999995
15.929999999999648
-64.99999999999906
-39.37000000000053
0.19000000000000003
0.0
0.5200000000000002
13.02999999999993
22.11000000000042
-69.43999999999447
-117.01000000000805
-66.20999999999842
-69.66999999999796
22.42999999999979
99.28000000000054
-3.99000000000024
-132.05000000000123
-103.83000000000358
-18.87000000000015
-1.500000000000001
0.0
-4.859999999999941
16.129999999999797
-4.989999999999539
-60.84999999998932
-92.29000000000765
-67.28999999999921
-3.6000000000002443
79.97999999999955
45.32999999999185
50.120000000002165
-84.45000000000324
-69.23000000000046
-11.619999999999797
-1.7500000000000013
0.0
-1.6700000000000013
-27.740000000000393
-29.78000000000293
-86.90999999999917
-71.09000000000164
-163.02000000000388
-146.09000000000768
-83.63999999999827
-94.12999999999859
-48.080000000002286
-41.68999999999965
-36.75999999999981
4.249999999999954
-0.05
0.0
0.12999999999999998
-24.720000000000333
9.610000000000305
13.940000000000259
-42.729999999999336
-107.43999999999897
-2.1899999999995794
-29.570000000005894
-108.05999999999814
30.25000000000164
42.79000000000085
-1.5800000000004144
2.829999999999984
0.0
0.0
-0.01
9.409999999999908
8.470000000000153
51.62999999999804
112.84000000000202
-8.82999999999965
15.460000000001159
46.74000000000513
54.849999999995525
34.06000000000096
75.9900000000019
50.47000000000133
0.10000000000000002
0.0
0.0
-0.8000000000000005
-0.23000000000000012
3.839999999999738
64.3399999999976
53.59000000000149
67.50999999999698
72.5400000000023
68.47000000000384
35.32999999999853
10.209999999999651
26.429999999999083
23.620000000000257
0.0
0.0
0.0
