-35286.06099756931
0.0
0.0
0.0
0.0
0.0
0.0
0.0
0.0
0.0
0.0
0.0
0.0
0.0
0.0
0.0
0.0
0.0
0.0
0.0
0.0
0.0
0.0
0.0
0.0
0.0
0.0
0.0
0.0
0.0
0.0
0.0
0.0
0.0
0.0
0.0
0.0
-19.983999999999803
-29.982000000000728
-19.987000000001444
-79.95799999999505
-39.98300000000021
-69.94100000001147
-59.947000000001864
-89.9389999999822
-159.8730000000808
-99.93100000001435
-79.93000000000076
-49.95900000000693
-59.9480000000273
-39.96500000000022
-29.973000000000727
-19.981999999999804
0.0
0.0
0.0
0.0
0.0
0.0
0.0
0.0
0.0
0.0
-19.983999999999803
0.0
-19.983999999999803
-79.94199999999509
-69.94699999999763
-129.9250000000323
-289.8270000004704
-399.70200000025045
-649.4989999972955
-1069.164999987314
-1378.903999979514
-1868.5109999679762
-2208.1959999705537
-2278.1669999727023
-1758.5779999701183
-1189.026999983558
-659.4629999963446
-299.75500000046867
-129.89399999992014
-29.97500000000073
-19.981999999999804
0.0
0.0
0.0
0.0
0.0
0.0
0.0
0.0
0.0
-59.952000000027304
-149.89400000006046
-249.80900000053754
-419.6999999998464
-939.2869999901419
-1329.0339999803696
-2238.3819999696625
-3007.755999996757
-4057.022000044211
-5236.1740002823235
-6495.17100053419
-6345.189000527624
-5935.591000447747
-4686.493000184966
-3457.492000017255
-2038.590999964059
-939.3789999896986
-479.6730000003137
-199.88800000026274
-99.91999999994853
0.0
0.0
0.0
0.0
0.0
0.0
0.0
-19.983999999999803
-89.95999999998217
-409.7240000009352
-649.5169999977203
-1299.0669999822542
-2168.4239999667925
-3607.5500000084553
-5406.226000300066
-7574.774000761254
-10093.085001274994
-12940.94700186735
-15279.315002351022
-16408.552002591314
-16288.587002570348
-15679.08000243376
-13041.071001889422
-9903.233001241244
-6985.255000617811
-4147.299000028011
-2188.5659999679046
-1229.1799999833527
-609.581999998616
-99.94999999994846
0.0
0.0
0.0
0.0
0.0
-19.983999999999803
-89.94399999998218
-319.7940000006177
-909.3369999908778
-1688.8419999720475
-3227.733000009505
-5276.380000286032
-8324.313000906704
-11592.360001591293
-15149.979002334183
-18787.448003083744
-22634.66800388033
-24783.34400433871
-26391.994004668573
-26811.79000474808
-24803.13100433703
-22045.03700376041
-18597.520003032776
-13640.849002006362
-9083.889001058797
-5906.151000388979
-3357.66900000195
-2048.522999964421
-529.6380000006475
-139.90599999993992
0.0
0.0
0.0
0.0
-19.983999999999803
-239.83400000044742
-649.582999997081
-1509.0109999762637
-3417.641000006018
-5446.270000337675
-8954.002001057199
-12511.567001794132
-16649.105002652803
-19697.187003299932
-22215.536003821984
-24583.913004318787
-25992.876004616224
-25733.05300457817
-26802.28600477033
-24943.537004400154
-23414.4370040737
-20536.457003467465
-16439.162002608125
-12381.854001758675
-8444.38500094129
-5176.413000259293
-3147.682999994191
-1309.0289999817614
-269.81300000055705
-79.96199999999504
0.0
-19.981999999999804
-39.96600000000288
-59.9500000000273
-439.6810000004883
-1449.0349999785576
-2718.039999984842
-5306.280000280164
-8124.453000878173
-12671.417001810176
-17218.253002754594
-20106.45200337025
-23214.607004002908
-25603.231004483354
-27132.15600480216
-28051.336004981178
-28810.76800513009
-28071.20700499031
-27521.643004883295
-26152.505004604518
-23514.172004063832
-18927.338003120163
-14180.47100214117
-10013.336001270825
-6195.803000480899
-3637.423000015456
-1838.6839999689923
-439.7010000002675
-69.98600000001142
0.0
-19.981999999999804
-29.973000000000727
-169.85700000014717
-799.4219999937104
-1988.5059999650305
-3817.2080000374067
-6135.647000480436
-9932.938001254717
-14200.31700214239
-17927.809002922055
-20696.247003495802
-22795.027003923347
-24623.756004290408
-25183.519004410395
-25283.14700443354
-26851.971004736504
-26332.437004648902
-25063.386004414297
-25323.05300445837
-23374.364004046303
-19137.124003174562
-14770.09100227221
-10383.191001350164
-6265.883000497313
-3217.855000011755
-1568.918999975007
-519.6750000012693
-59.98800000002735
0.0
-19.981999999999804
-109.92099999994664
-309.75100000063827
-839.3579999921654
-2198.3589999687842
-4116.9770000637645
-6525.429000574189
-9923.099001274573
-13211.128001974534
-16499.020002656354
-19627.19400327963
-22325.37100381929
-23364.71300403677
-24134.269004195903
-23854.003004148417
-24863.382004351395
-25133.262004419703
-25313.122004460954
-24563.49800430847
-22385.05600384978
-17918.14100294604
-12941.455001916338
-8874.330001042323
-5366.608000286025
-2508.4419999751544
-1239.2069999838516
-209.8980000002915
-19.9919999999998
0.0
0.0
-79.93000000000076
-269.7790000005549
-749.4059999939831
-1908.5689999664849
-3417.547000041628
-6065.740000474699
-8943.94300107736
-12391.848001799432
-15979.436002525861
-20586.326003446626
-21596.023003673465
-22325.46300382752
-23234.532004003242
-24843.336004321645
-25233.30700441633
-25632.826004511888
-25273.01600444842
-24703.540004317183
-20536.506003474173
-16639.08900266933
-11342.703001563474
-6725.790000592462
-3517.992999993868
-1439.2869999789252
-459.7650000007593
-49.98200000000694
0.0
0.0
0.0
-49.955000000006926
-179.87100000025214
-699.4809999953085
-1688.802999971885
-2458.3669999915146
-4936.595000246088
-8754.294001009475
-11392.725001594246
-15789.6060024787
-19617.223003266245
-20396.88300345389
-23005.232003956608
-24533.737004255025
-24453.953004255087
-24773.783004341843
-27092.047004798336
-27051.694004786
-25332.95600442284
-19377.057003240454
-15239.99700236087
-9773.608001217184
-5226.846000267518
-2498.7029999684983
-949.6069999904228
-259.86700000053224
-39.9830000000029
-19.983999999999803
0.0
0.0
-29.973000000000727
-169.87000000014726
-579.5699999991654
-1269.0819999821267
-2158.6549999692
-5076.754000235975
-7445.201000777247
-11762.585001651521
-16339.513002600128
-18767.911003125868
-21296.06800363872
-23194.950004003804
-25433.07300445083
-24813.989004367795
-26102.824004633934
-29879.768005365888
-29340.2520052424
-25152.94300439839
-18957.230003144585
-14490.201002197164
-8654.31500098123
-4996.938000199601
-2128.9039999660154
-959.5769999896928
-329.85100000068917
-29.99800000000073
-19.983999999999803
0.0
0.0
-29.97300000000073
-59.95100000000186
-369.74900000080476
-879.4139999911434
-1988.8729999645357
-4846.942000214673
-7415.413000789825
-12412.229001794412
-16979.2150027336
-19287.603003231055
-23154.906003993612
-25053.59700437562
-28031.279004992917
-26322.730004711273
-29959.828005427586
-33716.822004656344
-30749.273005543306
-25352.7630044459
-19856.3440033127
-13970.623002099986
-9253.89200110054
-4797.1590001878785
-2488.611999977825
-1149.4439999846597
-399.80000000080855
-0.022000000000000006
0.0
0.0
0.0
-19.981999999999804
-29.97900000000073
-209.87700000032603
-879.4659999914563
-2748.3889999781923
-5746.40700038484
-8624.57200102614
-13361.636001991625
-17318.836002820724
-20266.87400342042
-24024.357004165064
-28031.352004973956
-30239.437005464122
-29550.11600537709
-34635.919002913695
-35445.56100228157
-29769.811005365005
-25522.53000448725
-19536.530003266063
-14500.230002216482
-9793.442001225612
-5866.127000395598
-2998.296999993123
-1429.2919999786238
-349.8130000004818
-20.015999999999785
0.0
0.0
0.0
0.0
-19.981999999999804
-199.8760000003355
-909.4709999908746
-3128.2099999970474
-6635.754000573942
-10073.741001308645
-13591.507002052496
-16669.419002709532
-20576.698003480615
-25133.54100438729
-28970.273005188184
-30449.217005538907
-32367.480005937654
-35235.1690020144
-32897.59500577884
-27811.30700498561
-25042.98900439751
-20995.509003550465
-15569.49400243227
-11032.80000147146
-6345.860000510421
-3587.9180000121573
-1519.1969999760809
-399.7750000004364
-50.00800000000695
0.0
0.0
0.0
0.0
-59.96200000002732
-419.7170000008675
-1479.0769999776342
-4437.163000083594
-7575.1390007710115
-10913.01500147885
-14221.013002184418
-17598.534002883753
-21236.266003606423
-24913.34800435473
-26861.611004786013
-29389.73400532782
-31617.873005783444
-32727.16500597108
-29729.77800535128
-27521.23500490287
-24593.227004308475
-21755.125003700672
-15989.106002526278
-11302.537001544539
-6785.646000599368
-3667.765000022608
-1749.0379999705292
-589.6509999985918
-59.98200000000186
0.0
0.0
0.0
0.0
-49.97100000000694
-569.6079999992629
-2148.65199996606
-5146.710000254841
-8594.538000975333
-11882.378001679583
-15299.884002386769
-17788.49100291319
-21555.756003666454
-23614.10000409892
-25512.491004502
-28630.17200513924
-29379.554005301965
-28570.388005129458
-28071.02600500758
-25712.810004533945
-24793.2160043301
-21495.49000364747
-15989.260002526882
-11552.326001597135
-7315.2600006981575
-3707.796000040987
-2018.8079999641693
-749.4659999943503
-159.89000000008087
-19.9919999999998
0.0
0.0
0.0
-109.93599999994662
-879.3789999919296
-2688.185999987883
-5666.287000393028
-9793.829001223816
-13730.906002034108
-16259.419002563876
-19097.519003161622
-21255.995003618027
-22984.531003977692
-25622.310004512143
-27441.07900489083
-27171.10900485301
-27890.812004975487
-27691.280004923447
-25492.84500448882
-23354.13200404863
-20296.362003408725
-15719.54300246202
-10213.270001348154
-6875.5780006285995
-3957.47900003245
-1908.8059999669135
-649.568999997081
-149.91100000001197
-59.978000000027336
0.0
0.0
0.0
-209.86300000032597
-1039.251999987255
-3377.6570000300944
-6485.649000575566
-10852.945001465887
-14530.472002216913
-17478.442002819327
-20576.70800346992
-22075.264003802236
-24053.764004205696
-26042.192004613316
-28040.649005016166
-28920.109005192422
-28840.385005168522
-28070.880005004616
-25302.927004450816
-23224.29600401723
-19147.064003164276
-13441.091002013522
-9993.475001273497
-5666.361000391425
-3377.8290000056277
-1688.8819999724556
-539.6250000002954
-59.95400000002731
-39.9860000000029
0.0
0.0
0.0
-169.87500000019008
-1378.9629999800136
-3477.526000033976
-7215.160000709996
-11702.160001643228
-15569.741002443512
-19996.598003337687
-23254.384004015803
-25322.903004458694
-27961.10000499305
-29259.880005263494
-30818.698005580056
-30698.752005556486
-28950.463005207086
-27961.02500499238
-24973.3830043764
-21165.76100358947
-15919.681002519577
-11902.120001678686
-7904.941000847799
-4586.931000163903
-2748.177999988156
-1309.0629999814441
-449.66900000084786
-29.98300000000073
0.0
0.0
0.0
0.0
-149.8850000000604
-1079.1849999871524
-3237.65499999421
-6345.707000529174
-10802.722001464512
-15150.004002368078
-19536.744003267508
-23954.014004172146
-27301.38700486181
-30588.987005523068
-32017.922005817312
-32587.504005934294
-30109.47500544697
-27751.245004966953
-26482.388004675715
-22635.261003872754
-16369.501002611214
-12891.665001869615
-9214.111001102961
-5836.158000409738
-3287.8090000104653
-1808.7499999694105
-739.4499999942833
-239.813000000508
-59.959000000027316
0.0
0.0
0.0
0.0
-109.91099999994665
-679.4859999971462
-1938.639999966627
-4826.688000180753
-8733.995001006719
-13460.953001993435
-17608.1270028697
-22055.26800378507
-26092.356004615547
-27491.57600491156
-28880.54000518942
-28570.69300512599
-26582.299004722227
-23784.489004148163
-20896.873003529527
-16419.725002602707
-11752.852001652418
-8404.92700094045
-5526.62000032539
-3367.873000011613
-2138.534999966321
-959.3479999895544
-459.6600000002875
-159.88300000012634
-39.972000000002886
0.0
0.0
0.0
0.0
-39.96800000000288
-359.736000000846
-1089.2869999869877
-2608.343999973844
-5666.266000336389
-9413.568001123993
-13570.958002003337
-18167.67000295785
-20476.220003459806
-22404.897003857735
-23554.28300408258
-23134.447003993573
-20746.19500351236
-17918.550002925647
-14920.575002281079
-11303.017001508131
-7015.849000638595
-4597.281000126797
-2468.5309999773585
-1389.178999979333
-799.4849999935361
-309.7800000004881
-139.8799999999398
-39.96800000000288
-19.983999999999803
0.0
0.0
0.0
0.0
0.0
-139.91999999994
-389.79500000051587
-919.4439999910301
-2218.576999967104
-3937.3930000279975
-6085.913000458709
-8284.339000934597
-10353.046001352874
-11772.179001638142
-12941.31300185892
-11912.102001675574
-11172.762001509695
-9514.009001139302
-7175.469000649119
-5246.676000209935
-2398.613999973488
-1269.2989999823396
-799.6059999937061
-379.74400000075303
-139.89700000004393
-69.92900000001147
-19.981999999999804
0.0
0.0
0.0
0.0
0.0
0.0
0.0
-19.9879999999998
-49.98200000000694
-189.9160000002362
-599.582999998724
-1209.196999983345
-1598.865999973251
-2298.4489999781827
-2058.610999962828
-2488.2749999838015
-2428.309999980302
-2498.3689999837743
-2608.3129999904604
-1619.015999972382
-1089.354999985464
-479.78700000181277
249.64400000053675
279.7410000005853
209.7840000003949
249.7910000005083
109.94099999994663
9.973999999999911
19.96999999999981
0.0
0.0
0.0
0.0
0.0
0.0
0.0
19.9879999999998
9.987999999999904
-49.98100000000694
-389.69400000069214
-669.4499999958272
-1079.1139999863863
-1219.005999982732
-1448.8369999772274
-1718.6019999715768
-1368.886999979083
-1258.964999981859
-1039.0909999863284
-1089.0679999857246
-559.5499999971365
-409.73400000015374
-70.03999999994306
-29.999000000039576
-10.030999999999882
-0.023000000000000007
-29.988999999987794
-19.9859999999998
0.0
0.0
0.0
0.0
0.0
0.0
