-0.03800000000000003
0.0
0.0
0.0
0.0
0.0
0.0
0.0
0.0
0.0
0.0
0.0
0.0
0.0
0.0
0.0
0.0
0.0
0.0
0.0
0.0
-0.002
-0.004
-0.009000000000000001
-0.011
-0.007
-0.007
0.0
0.0
0.0
0.0
0.0
0.0
0.0
0.03700000000000002
0.026999999999999996
-0.016
-0.012000000000000002
0.0069999999999999975
0.045
-0.0010000000000000009
-0.034
-0.016
0.015000000000000008
-0.012000000000000004
0.0
0.0
0.0
-0.001
0.002
-0.0040000000000000036
-0.022999999999999993
0.028000000000000004
0.03299999999999999
-0.004000000000000003
0.01699999999999998
0.008000000000000014
0.056000000000000036
0.028000000000000018
-0.001
-0.004
0.0
-0.001
-0.003
0.028000000000000008
0.02999999999999999
0.03900000000000001
-0.017000000000000005
-0.01
-0.028000000000000032
0.04300000000000001
0.008999999999999994
0.05300000000000002
0.017
-0.008
-0.001
0.0
0.0
-0.016000000000000004
0.02999999999999999
0.022000000000000033
0.025999999999999995
0.03299999999999999
0.044
-0.023000000000000027
-0.031
0.007999999999999993
0.029000000000000005
0.023000000000000003
-0.008
0.0
0.0
0.0
-0.004
0.003000000000000001
-0.023000000000000003
-0.010000000000000004
0.035
0.036000000000000004
0.06200000000000003
0.003000000000000001
-0.028000000000000032
-0.036000000000000004
0.023000000000000003
-0.005
0.0
0.0
-0.001
-0.015
-0.002
9.99999999999994E-4
-0.020000000000000004
0.019999999999999983
0.0030000000000000053
0.003999999999999996
-0.02400000000000001
-0.0030000000000000174
-0.02399999999999997
-0.010000000000000007
-0.01
-0.002
0.0
-0.002
-0.011999999999999997
-0.024
-0.016000000000000025
0.023000000000000003
0.09800000000000006
-0.026000000000000016
-0.003000000000000012
-0.01800000000000002
0.006999999999999997
-0.023999999999999997
0.009000000000000001
0.0
0.0
0.0
-0.004
-0.009999999999999995
-0.035999999999999976
0.005000000000000049
0.03399999999999999
-0.04100000000000001
-0.05300000000000002
-0.03300000000000004
-0.0050000000000000044
-0.006000000000000001
-0.012000000000000028
0.012
0.001
0.0
0.0
0.0
-0.009999999999999992
-0.010000000000000005
0.01599999999999998
-0.009000000000000008
-0.028
0.005000000000000001
0.003999999999999997
-0.06200000000000003
-0.01
0.034
-0.007
0.001
-0.001
0.0
0.0
-0.016000000000000004
-0.004
-0.017
-0.00499999999999999
0.026000000000000023
-0.0029999999999999714
0.013000000000000006
0.05700000000000001
-0.014000000000000002
-0.058000000000000024
-0.007
-0.002
0.0
0.0
0.0
0.0
-0.002
-0.012
-0.04600000000000003
-0.045000000000000026
-0.030000000000000013
-0.011000000000000001
-0.004
0.0
0.0
-0.006
0.0
0.0
0.0
