-13.099999999999765
0.0
0.0
0.0
-1.1700000000000008
-11.619999999999948
2.4599999999999986
-0.05
-9.510000000000026
0.0
-0.6700000000000002
-35.04999999999956
57.379999999995235
39.13999999999918
6.620000000000433
4.439999999999485
-18.33000000000022
-1.1500000000000008
-7.879999999999812
-3.9999999999996914
-57.319999999999865
-9.710000000000065
-35.63000000000188
52.77999999999953
15.91000000000006
-0.6200000000000003
27.329999999999856
-61.17999999999743
55.050000000000615
24.710000000000704
-65.98999999999717
-39.1700000000004
12.000000000000218
-0.6200000000000003
-27.829999999999718
20.499999999998405
90.0199999999984
5.980000000000115
22.759999999999597
0.4400000000001164
10.850000000000012
-0.11999999999999998
2.8199999999999834
1.2000000000000004
-15.310000000000612
-1.2699999999999876
8.780000000000166
-25.969999999999843
10.75999999999986
0.0
