-0.48100000000000037
0.0
0.0
0.0
0.0
0.0
0.0
0.0
0.0
0.0
0.0
0.0
0.0
0.0
0.0
0.0
0.0
0.0
0.0
0.0
0.0
0.0
0.0
0.0
0.0
0.0
0.0
0.0
0.0
0.0
0.0
0.0
0.0
0.0
0.0
0.0
0.0
0.0
0.0
0.0
0.0
0.0
0.0
0.0
0.0
0.0
0.0
0.0
0.0
0.0
0.0
0.0
0.0
0.0
0.0
0.0
0.0
0.0
0.0
0.0
0.0
0.0
0.0
0.0
0.0
0.0
0.0
0.0
0.0
-0.002
-0.006
-0.004
-0.008
-0.006
-0.010000000000000002
-0.009000000000000001
-0.019000000000000003
-0.013000000000000005
-0.007
-0.002
0.0
0.0
0.0
0.0
0.0
0.0
0.0
0.0
0.0
0.0
0.0
0.0
0.0
0.0
-0.002
0.0
0.0
-0.005
-0.008
-0.018000000000000002
-0.03600000000000002
-0.032000000000000015
-0.06800000000000005
-0.06100000000000005
-0.06800000000000005
-0.06500000000000004
-0.05900000000000004
-0.033000000000000015
-0.033000000000000015
-0.010000000000000002
-0.012
0.0
0.0
0.0
0.0
0.0
0.0
0.0
0.0
0.0
0.0
0.0
-0.002
-0.002
-0.005
-0.016
-0.02500000000000001
-0.056000000000000036
-0.09600000000000007
-0.1290000000000001
-0.16400000000000012
-0.17400000000000013
-0.1520000000000001
-0.18900000000000014
-0.17100000000000012
-0.1380000000000001
-0.11800000000000009
-0.07300000000000005
-0.05300000000000003
-0.056000000000000036
-0.011000000000000001
-0.006
0.0
0.0
0.0
0.0
0.0
0.0
0.0
0.0
-0.002
-0.004
-0.013000000000000001
-0.021000000000000005
-0.044000000000000025
-0.07600000000000005
-0.08900000000000007
-0.10800000000000008
-0.19500000000000015
-0.18700000000000014
-0.2460000000000002
-0.2700000000000002
-0.2910000000000002
-0.25500000000000017
-0.20100000000000015
-0.18600000000000014
-0.1330000000000001
-0.06400000000000004
-0.09200000000000007
-0.024000000000000007
-0.015000000000000001
-0.002
0.0
0.0
0.0
0.0
0.0
0.0
0.0
-0.006
-0.022000000000000006
-0.03600000000000002
-0.05100000000000003
-0.08100000000000006
-0.11100000000000008
-0.18500000000000014
-0.2620000000000002
-0.2740000000000002
-0.3710000000000003
-0.3870000000000003
-0.32400000000000023
-0.33200000000000024
-0.33900000000000025
-0.33100000000000024
-0.2440000000000002
-0.20400000000000015
-0.16700000000000012
-0.08800000000000006
-0.02700000000000001
-0.014
-0.002
0.0
0.0
0.0
0.0
0.0
0.0
-0.002
-0.006
-0.034000000000000016
-0.05300000000000003
-0.10400000000000008
-0.12300000000000008
-0.1530000000000001
-0.23400000000000018
-0.3020000000000002
-0.36400000000000027
-0.4950000000000004
-0.4170000000000003
-0.4100000000000003
-0.36200000000000027
-0.34100000000000025
-0.35200000000000026
-0.3140000000000002
-0.20500000000000015
-0.1390000000000001
-0.10500000000000008
-0.03800000000000002
-0.018000000000000002
-0.006
0.0
0.0
0.0
0.0
0.0
0.0
-0.002
-0.022000000000000006
-0.03900000000000002
-0.06900000000000005
-0.10600000000000008
-0.16700000000000012
-0.19900000000000015
-0.2880000000000002
-0.35600000000000026
-0.36300000000000027
-0.44500000000000034
-0.4090000000000003
-0.47100000000000036
-0.4030000000000003
-0.4100000000000003
-0.3920000000000003
-0.3130000000000002
-0.23000000000000018
-0.20500000000000015
-0.12000000000000009
-0.07600000000000005
-0.02600000000000001
-0.017
-0.002
0.0
0.0
0.0
0.0
-0.002
-0.01
-0.014000000000000004
-0.04600000000000003
-0.09200000000000007
-0.11900000000000009
-0.19200000000000014
-0.2640000000000002
-0.3070000000000002
-0.35900000000000026
-0.3810000000000003
-0.4190000000000003
-0.4130000000000003
-0.4170000000000003
-0.35600000000000026
-0.3920000000000003
-0.3910000000000003
-0.3020000000000002
-0.25300000000000017
-0.1550000000000001
-0.10200000000000008
-0.09100000000000007
-0.013000000000000001
-0.015000000000000001
-0.002
0.0
0.0
0.0
0.0
-0.001
-0.001
-0.010000000000000002
-0.055000000000000035
-0.07000000000000005
-0.1240000000000001
-0.2480000000000002
-0.2760000000000002
-0.34800000000000025
-0.3740000000000003
-0.3920000000000003
-0.2990000000000002
-0.3140000000000002
-0.34200000000000025
-0.3910000000000003
-0.3730000000000003
-0.4000000000000003
-0.3030000000000002
-0.2460000000000002
-0.1400000000000001
-0.09900000000000007
-0.06400000000000004
-0.021000000000000005
-0.012
0.0
0.0
0.0
0.0
0.0
-0.002
-0.003
-0.02600000000000001
-0.05200000000000003
-0.06600000000000004
-0.16300000000000012
-0.22800000000000017
-0.3150000000000002
-0.35500000000000026
-0.32800000000000024
-0.33600000000000024
-0.3060000000000002
-0.3110000000000002
-0.3880000000000003
-0.4220000000000003
-0.44500000000000034
-0.4200000000000003
-0.35900000000000026
-0.23300000000000018
-0.1410000000000001
-0.08400000000000006
-0.05900000000000004
-0.023000000000000007
0.0
0.0
0.0
0.0
0.0
0.0
0.0
-0.002
-0.021000000000000005
-0.043000000000000024
-0.09600000000000007
-0.18900000000000014
-0.2610000000000002
-0.3090000000000002
-0.3110000000000002
-0.2990000000000002
-0.33100000000000024
-0.3060000000000002
-0.36100000000000027
-0.3840000000000003
-0.36800000000000027
-0.4040000000000003
-0.4050000000000003
-0.32000000000000023
-0.21700000000000016
-0.1500000000000001
-0.05200000000000003
-0.06100000000000004
-0.031000000000000014
0.0
0.0
0.0
0.0
0.0
0.0
0.0
0.0
-0.003
-0.06400000000000004
-0.11500000000000009
-0.21200000000000016
-0.2830000000000002
-0.2950000000000002
-0.2870000000000002
-0.33700000000000024
-0.3050000000000002
-0.33000000000000024
-0.36600000000000027
-0.4070000000000003
-0.4200000000000003
-0.43300000000000033
-0.3920000000000003
-0.32400000000000023
-0.2630000000000002
-0.1310000000000001
-0.05900000000000004
-0.054000000000000034
-0.021000000000000005
-0.002
0.0
0.0
0.0
0.0
0.0
0.0
0.0
-0.012
-0.06300000000000004
-0.17200000000000013
-0.19400000000000014
-0.25600000000000017
-0.2920000000000002
-0.32400000000000023
-0.32800000000000024
-0.3100000000000002
-0.3050000000000002
-0.36700000000000027
-0.33800000000000024
-0.45000000000000034
-0.3980000000000003
-0.3830000000000003
-0.2840000000000002
-0.2480000000000002
-0.1440000000000001
-0.10100000000000008
-0.05900000000000004
-0.03500000000000002
-0.001
0.0
0.0
0.0
0.0
0.0
0.0
0.0
-0.024000000000000007
-0.10200000000000008
-0.1570000000000001
-0.20600000000000016
-0.2700000000000002
-0.2860000000000002
-0.2970000000000002
-0.32400000000000023
-0.33200000000000024
-0.34800000000000025
-0.4060000000000003
-0.4050000000000003
-0.43700000000000033
-0.3800000000000003
-0.36300000000000027
-0.3160000000000002
-0.22700000000000017
-0.17700000000000013
-0.08900000000000007
-0.056000000000000036
-0.031000000000000014
-0.002
0.0
0.0
0.0
0.0
0.0
0.0
0.0
-0.02500000000000001
-0.09900000000000007
-0.1490000000000001
-0.17300000000000013
-0.2720000000000002
-0.2760000000000002
-0.32600000000000023
-0.2910000000000002
-0.3150000000000002
-0.33600000000000024
-0.3770000000000003
-0.4140000000000003
-0.35900000000000026
-0.43300000000000033
-0.34800000000000025
-0.2680000000000002
-0.2410000000000002
-0.1510000000000001
-0.07200000000000005
-0.04700000000000003
-0.030000000000000013
0.0
0.0
0.0
0.0
0.0
0.0
0.0
0.0
-0.043000000000000024
-0.10800000000000008
-0.1480000000000001
-0.17600000000000013
-0.21700000000000016
-0.23700000000000018
-0.2680000000000002
-0.2690000000000002
-0.3050000000000002
-0.34100000000000025
-0.4110000000000003
-0.4130000000000003
-0.3860000000000003
-0.4020000000000003
-0.33400000000000024
-0.25500000000000017
-0.2460000000000002
-0.1570000000000001
-0.07200000000000005
-0.054000000000000034
-0.032000000000000015
-0.001
-0.002
-0.002
0.0
0.0
0.0
-0.008
-0.006
-0.043000000000000024
-0.09100000000000007
-0.16900000000000012
-0.16100000000000012
-0.22400000000000017
-0.25500000000000017
-0.23400000000000018
-0.25600000000000017
-0.3090000000000002
-0.36800000000000027
-0.3720000000000003
-0.3780000000000003
-0.45800000000000035
-0.3940000000000003
-0.3010000000000002
-0.2570000000000002
-0.21200000000000016
-0.10600000000000008
-0.07700000000000005
-0.03600000000000002
-0.018000000000000002
-0.002
-0.002
-0.002
0.0
0.0
0.0
-0.015000000000000003
-0.013000000000000001
-0.034000000000000016
-0.08700000000000006
-0.16700000000000012
-0.1480000000000001
-0.17600000000000013
-0.2480000000000002
-0.2910000000000002
-0.2940000000000002
-0.34800000000000025
-0.3830000000000003
-0.4030000000000003
-0.4280000000000003
-0.4040000000000003
-0.3100000000000002
-0.2880000000000002
-0.2450000000000002
-0.16700000000000012
-0.10100000000000008
-0.05000000000000003
-0.012
-0.003
0.0
0.0
0.0
0.0
0.0
0.0
-0.009000000000000001
-0.013000000000000005
-0.03900000000000002
-0.10300000000000008
-0.17200000000000013
-0.19000000000000014
-0.20700000000000016
-0.25100000000000017
-0.3050000000000002
-0.34100000000000025
-0.3820000000000003
-0.45900000000000035
-0.4000000000000003
-0.45800000000000035
-0.4180000000000003
-0.2950000000000002
-0.23700000000000018
-0.20500000000000015
-0.1590000000000001
-0.10900000000000008
-0.03600000000000002
-0.019000000000000003
-0.005
-0.002
0.0
0.0
0.0
0.0
0.0
-0.004
-0.009000000000000001
-0.04200000000000002
-0.08100000000000006
-0.1500000000000001
-0.22500000000000017
-0.2620000000000002
-0.3100000000000002
-0.33200000000000024
-0.35400000000000026
-0.3860000000000003
-0.4040000000000003
-0.4040000000000003
-0.4060000000000003
-0.3150000000000002
-0.3000000000000002
-0.25500000000000017
-0.1540000000000001
-0.1340000000000001
-0.06100000000000004
-0.024000000000000007
-0.016
-0.003
0.0
0.0
0.0
0.0
0.0
0.0
0.0
-0.004
-0.02700000000000001
-0.04700000000000003
-0.09700000000000007
-0.1580000000000001
-0.20600000000000016
-0.3090000000000002
-0.3130000000000002
-0.32600000000000023
-0.3930000000000003
-0.34400000000000025
-0.34200000000000025
-0.3090000000000002
-0.2760000000000002
-0.2440000000000002
-0.17800000000000013
-0.1400000000000001
-0.08800000000000006
-0.04700000000000003
-0.015
-0.004
-0.001
0.0
0.0
0.0
0.0
0.0
0.0
0.0
-0.002
-0.007
-0.03500000000000002
-0.06700000000000005
-0.10500000000000008
-0.1550000000000001
-0.21600000000000016
-0.2470000000000002
-0.2650000000000002
-0.23900000000000018
-0.2830000000000002
-0.2470000000000002
-0.23600000000000018
-0.17800000000000013
-0.17000000000000012
-0.11600000000000009
-0.10300000000000008
-0.05100000000000003
-0.032000000000000015
-0.002
-0.01
-0.002
0.0
0.0
0.0
0.0
0.0
0.0
0.0
0.0
-0.002
-0.008
-0.006
-0.023000000000000013
-0.07000000000000005
-0.08300000000000006
-0.1340000000000001
-0.1330000000000001
-0.1340000000000001
-0.1480000000000001
-0.16400000000000012
-0.1290000000000001
-0.10600000000000008
-0.05300000000000003
-0.04600000000000003
-0.03800000000000002
-0.02600000000000001
-0.017
-0.004
-0.002
0.0
0.0
0.0
0.0
0.0
0.0
0.0
0.0
0.0
0.0
-0.004
-0.004
-0.016
-0.04700000000000003
-0.044000000000000025
-0.06200000000000004
-0.06400000000000004
-0.06700000000000005
-0.07500000000000005
-0.09400000000000007
-0.06400000000000004
-0.04000000000000002
-0.04000000000000002
-0.032000000000000015
-0.020000000000000004
-0.022000000000000006
-0.012
-0.004
0.0
0.0
0.0
0.0
0.0
0.0
0.0
0.0
0.0
0.0
0.0
0.0
-0.004
-0.013
-0.019000000000000003
-0.02500000000000001
-0.007
-0.004
-0.009000000000000001
-0.008
-0.019000000000000003
-0.015000000000000005
-0.011000000000000003
-0.018000000000000002
-0.009000000000000001
-0.01
-0.006
-0.004
0.0
0.0
0.0
0.0
0.0
0.0
0.0
0.0
