-1.7529999999999177
0.0
0.0
0.0
0.024000000000000014
0.30200000000000027
0.5480000000000004
-0.04900000000000003
0.08699999999999891
1.1840000000000008
-0.4190000000000003
0.00999999999999928
0.1619999999999911
0.13699999999999973
0.21999999999999903
0.24600000000000294
0.8750000000000007
-0.03400000000000002
-0.12000000000000002
0.23500000000000004
0.1000000000000023
-0.025000000000004102
0.12299999999999477
-0.1420000000000014
-0.2460000000000002
-0.001
0.19
-0.24600000000000005
0.1749999999999967
0.10199999999999587
-0.15999999999999603
0.09300000000000277
-0.03699999999999928
-0.003
-0.8800000000000007
0.07199999999999508
-0.16899999999999699
-0.08100000000000324
0.046000000000001255
0.04499999999999925
0.5620000000000004
-0.008
0.14600000000000074
-0.2310000000000001
0.20799999999999919
0.023000000000003032
0.43599999999999944
-0.16700000000000054
0.0
-0.10600000000000008
