-0.08900000000000007
0.0
0.0
0.0
0.0
0.0
0.0
-0.001
-0.002
0.0
0.0
0.0
0.0
0.0
0.0
0.0
0.0
0.0
0.0
0.0
0.0
0.0
-0.005
-0.008
-0.004
-0.013000000000000001
-0.009000000000000001
-0.002
0.0
-0.001
0.0
0.0
0.0
-0.001
-0.007
-0.029000000000000012
-0.05000000000000002
-0.061000000000000054
0.004000000000000002
0.05700000000000002
0.046999999999999986
-0.015
0.06000000000000004
-0.01800000000000001
0.002
0.016
0.0
0.0
-0.002
-0.05000000000000002
-0.038000000000000034
0.026000000000000058
0.03900000000000001
-0.030000000000000016
-0.0019999999999999966
-0.014000000000000071
0.04199999999999998
0.003000000000000001
0.048000000000000015
-0.0030000000000000105
0.008
0.0
0.0
0.005
-0.001000000000000019
0.04100000000000001
0.037000000000000005
-0.001999999999999993
0.006999999999999994
-0.011000000000000018
-0.028000000000000018
0.03
0.028000000000000008
0.09400000000000006
-0.007
0.0
0.0
0.0
0.012999999999999994
0.007000000000000018
-0.001000000000000014
0.034
0.009999999999999997
-0.014000000000000018
0.019
0.02399999999999999
0.028999999999999977
0.04200000000000001
0.06800000000000003
0.024999999999999998
0.0
0.0
0.0
0.01799999999999999
-0.04500000000000004
-0.0030000000000000053
9.999999999999913E-4
0.01000000000000001
0.05200000000000003
-2.168404344971009E-17
0.002999999999999988
-0.02800000000000001
-0.04900000000000003
-0.02600000000000001
-0.003
0.0
0.0
-0.004
-0.022
0.009999999999999998
-0.01599999999999996
0.017000000000000015
-0.043
0.05500000000000001
-9.999999999999948E-4
0.020000000000000052
-9.99999999999929E-4
-0.025
0.002
0.006
0.0
0.0
0.0
-0.015
-0.05000000000000003
-0.05
0.04299999999999998
0.033
0.01299999999999999
-0.06700000000000005
-0.012000000000000007
-0.06700000000000002
-0.00899999999999999
0.008000000000000004
-0.007
0.0
0.0
0.0
-0.019000000000000006
-0.03400000000000002
0.01800000000000001
0.019999999999999997
-0.0019999999999999914
-0.04700000000000003
0.049000000000000044
0.004999999999999986
0.04599999999999996
-0.049000000000000016
0.012999999999999994
-0.005
0.0
0.0
0.0
0.05000000000000001
-0.007999999999999997
0.009999999999999995
-0.006
-0.018000000000000023
-0.007000000000000024
-0.05799999999999998
0.007999999999999983
0.009000000000000001
0.07500000000000004
-0.019
0.0
0.0
0.0
0.0
0.013000000000000001
-0.020000000000000004
-0.022
-0.04500000000000001
0.08700000000000005
0.05600000000000002
0.01599999999999998
0.014999999999999923
0.058000000000000024
0.061000000000000026
0.004
0.0
0.0
0.0
-0.001
-0.004
-0.016
-0.001999999999999999
-0.018000000000000002
-0.004999999999999983
-0.007999999999999993
-0.009999999999999995
-0.004
-0.001
-0.002
0.0
0.0
0.0
0.0
