-1.5349999999999417
0.0
0.0
0.0
0.0
0.0
0.0
0.0
0.0
0.0
0.0
0.0
0.0
0.0
0.0
0.0
0.0
0.0
0.0
0.0
0.0
0.0
0.0
0.0
0.0
0.0
0.0
0.0
0.0
0.0
0.0
0.0
0.0
0.0
0.0
0.0
0.0
0.0
0.0
0.0
0.0
0.0
-0.006
-0.003
-0.006
0.0
0.0
0.0
0.0
0.0
0.0
0.0
0.0
0.0
0.0
0.0
0.0
0.0
0.0
0.0
0.0
0.0
0.0
0.0
0.0
0.0
0.0
0.0
-0.013000000000000005
-0.02600000000000001
-0.018000000000000002
-0.04600000000000003
-0.04200000000000002
-0.04600000000000003
-0.034000000000000016
-0.016000000000000004
-0.029000000000000012
-0.029000000000000012
-0.015000000000000001
-0.006
0.0
0.0
0.0
0.0
0.0
0.0
0.0
0.0
0.0
0.0
0.0
0.0
0.0
0.0
-0.002
0.0
-0.013000000000000005
-0.02000000000000001
-0.04100000000000002
-0.02800000000000001
-0.07700000000000005
-0.09500000000000007
-0.1400000000000001
-0.1320000000000001
-0.1240000000000001
-0.09700000000000007
-0.11100000000000008
-0.08600000000000006
-0.08300000000000006
-0.027000000000000017
-0.024000000000000007
0.0
0.0
0.0
0.0
0.0
0.0
0.0
0.0
0.0
0.0
0.0
-0.002
-0.002
-0.033000000000000015
-0.04800000000000003
-0.1440000000000001
-0.19000000000000014
-0.2630000000000002
-0.34600000000000025
-0.3720000000000003
-0.4220000000000003
-0.4200000000000003
-0.5190000000000003
-0.46300000000000036
-0.46500000000000036
-0.3040000000000002
-0.25500000000000017
-0.10100000000000008
-0.1380000000000001
-0.033000000000000015
-0.034000000000000016
-0.030000000000000013
0.0
0.0
0.0
0.0
0.0
0.0
0.0
-0.002
-0.004
-0.055000000000000035
-0.08900000000000007
-0.1490000000000001
-0.21100000000000016
-0.34900000000000025
-0.4030000000000003
-0.6750000000000005
-0.6860000000000005
-0.7430000000000005
-0.8490000000000006
-0.8650000000000007
-0.8680000000000007
-0.6720000000000005
-0.6420000000000005
-0.47300000000000036
-0.18700000000000014
-0.20100000000000015
-0.07600000000000005
-0.05100000000000003
-0.031000000000000014
-0.002
0.0
0.0
0.0
0.0
0.0
-0.008
-0.006
-0.06800000000000005
-0.11400000000000009
-0.18400000000000014
-0.3110000000000002
-0.5040000000000003
-0.6820000000000005
-0.8950000000000007
-0.9050000000000007
-1.1459999999999968
-1.123999999999996
-1.0499999999999972
-1.0969999999999949
-1.045999999999997
-1.0259999999999991
-0.8550000000000006
-0.6710000000000005
-0.5020000000000003
-0.2570000000000002
-0.09000000000000007
-0.034000000000000016
-0.018000000000000002
-0.002
-0.002
0.0
0.0
0.0
-0.008
-0.004
-0.032000000000000015
-0.08500000000000006
-0.1560000000000001
-0.3150000000000002
-0.3720000000000003
-0.5900000000000004
-0.7500000000000006
-0.9200000000000007
-1.1559999999999935
-1.4489999999999836
-1.4049999999999805
-1.305999999999983
-1.1539999999999877
-1.1999999999999873
-1.1809999999999927
-0.8800000000000007
-0.7050000000000005
-0.4970000000000004
-0.2870000000000002
-0.1320000000000001
-0.03900000000000002
-0.024000000000000007
0.0
0.0
0.0
0.0
0.0
-0.008
-0.006
-0.02800000000000001
-0.16800000000000012
-0.22900000000000018
-0.3070000000000002
-0.5240000000000004
-0.7260000000000005
-0.9310000000000007
-1.0759999999999963
-1.2489999999999886
-1.2529999999999846
-1.3429999999999807
-1.4299999999999784
-1.3029999999999817
-1.3679999999999852
-1.227999999999991
-0.9100000000000007
-0.7850000000000006
-0.6250000000000004
-0.36700000000000027
-0.17900000000000013
-0.056000000000000036
-0.030000000000000013
0.0
0.0
0.0
0.0
0.0
-0.008
-0.02500000000000001
-0.07600000000000005
-0.19600000000000015
-0.2670000000000002
-0.36500000000000027
-0.6480000000000005
-0.8370000000000006
-0.9160000000000007
-1.0629999999999973
-1.272999999999986
-1.2829999999999875
-1.2809999999999861
-1.3429999999999833
-1.2939999999999843
-1.3059999999999854
-1.2789999999999877
-0.9380000000000007
-0.7970000000000006
-0.5280000000000004
-0.2710000000000002
-0.23300000000000018
-0.04800000000000003
-0.021000000000000005
0.0
0.0
0.0
0.0
0.0
-0.006
-0.007
-0.054000000000000034
-0.18200000000000013
-0.2480000000000002
-0.4090000000000003
-0.7410000000000005
-0.9110000000000007
-1.1219999999999961
-1.163999999999994
-1.1859999999999917
-1.0090000000000001
-1.0040000000000002
-1.2299999999999913
-1.2619999999999854
-1.363999999999981
-1.2539999999999891
-0.9440000000000007
-0.7700000000000006
-0.46400000000000036
-0.2810000000000002
-0.1560000000000001
-0.08500000000000006
-0.018000000000000002
0.0
0.0
0.0
0.0
0.0
-0.009000000000000001
-0.033000000000000015
-0.1240000000000001
-0.18700000000000014
-0.2460000000000002
-0.5160000000000003
-0.6890000000000005
-0.9900000000000008
-1.0409999999999988
-0.9600000000000007
-0.9410000000000007
-0.9780000000000008
-1.037999999999999
-1.2439999999999887
-1.5129999999999808
-1.4599999999999758
-1.2719999999999856
-1.1239999999999946
-0.7680000000000006
-0.4210000000000003
-0.19000000000000014
-0.1430000000000001
-0.06300000000000003
0.008
0.0
0.0
0.0
0.0
0.0
-0.001
-0.02500000000000001
-0.08800000000000006
-0.12800000000000009
-0.32100000000000023
-0.5840000000000004
-0.7820000000000006
-0.9630000000000007
-0.9170000000000007
-0.8570000000000007
-1.0819999999999976
-0.8890000000000007
-1.0979999999999952
-1.254999999999988
-1.3269999999999786
-1.375999999999977
-1.207999999999989
-0.9340000000000007
-0.7070000000000005
-0.3710000000000003
-0.18000000000000013
-0.1590000000000001
-0.07800000000000006
-0.004
0.0
0.0
0.0
0.0
0.0
-0.002
-0.030000000000000013
-0.02800000000000001
-0.22500000000000017
-0.3080000000000002
-0.6620000000000005
-0.9200000000000007
-0.9540000000000007
-0.9260000000000007
-0.9900000000000008
-0.9060000000000007
-0.9590000000000007
-1.2609999999999908
-1.3919999999999824
-1.4139999999999773
-1.4019999999999777
-1.1709999999999912
-1.0170000000000001
-0.7010000000000005
-0.4270000000000003
-0.21800000000000017
-0.16300000000000012
-0.07500000000000005
-0.004
0.0
0.0
0.0
0.0
0.0
0.0
-0.02800000000000001
-0.04800000000000003
-0.2600000000000002
-0.5240000000000004
-0.6320000000000005
-0.7820000000000006
-1.0149999999999997
-1.0149999999999997
-1.0849999999999969
-1.0419999999999994
-1.073999999999997
-1.1929999999999894
-1.2209999999999863
-1.466999999999979
-1.222999999999987
-1.120999999999994
-0.8590000000000007
-0.7720000000000006
-0.5270000000000004
-0.2980000000000002
-0.16500000000000012
-0.09300000000000007
-0.003
0.0
0.0
0.0
0.0
0.0
0.0
-0.030000000000000013
-0.09300000000000007
-0.33500000000000024
-0.5060000000000003
-0.6820000000000005
-0.7950000000000006
-0.8400000000000006
-1.0609999999999986
-1.0349999999999997
-1.131999999999995
-1.2039999999999917
-1.243999999999989
-1.2949999999999822
-1.4099999999999788
-1.2799999999999843
-1.146999999999994
-0.9470000000000007
-0.7680000000000006
-0.5450000000000004
-0.2850000000000002
-0.20200000000000015
-0.10500000000000008
-0.01
-0.01
0.0
0.0
0.0
0.0
0.0
-0.002
-0.09300000000000007
-0.3030000000000002
-0.44300000000000034
-0.6610000000000005
-0.8980000000000007
-0.8920000000000007
-1.0759999999999976
-1.0229999999999995
-1.1349999999999931
-1.1079999999999954
-1.2449999999999866
-1.286999999999982
-1.2069999999999874
-1.510999999999982
-1.0929999999999964
-1.0239999999999998
-0.7930000000000006
-0.5380000000000004
-0.3010000000000002
-0.1360000000000001
-0.08200000000000006
-0.030000000000000013
0.0
0.0
0.0
0.0
0.0
0.0
-0.024000000000000007
-0.1500000000000001
-0.32500000000000023
-0.43500000000000033
-0.6050000000000004
-0.7100000000000005
-0.7640000000000006
-0.9140000000000007
-0.9680000000000007
-1.015
-1.1159999999999943
-1.2399999999999884
-1.3279999999999827
-1.301999999999984
-1.3159999999999878
-1.120999999999996
-0.9420000000000007
-0.7460000000000006
-0.44200000000000034
-0.2930000000000002
-0.19400000000000014
-0.10600000000000008
-0.008
-0.006
-0.006
0.0
0.0
0.0
-0.012
-0.034000000000000016
-0.1400000000000001
-0.3070000000000002
-0.5280000000000004
-0.5030000000000003
-0.6960000000000005
-0.8090000000000006
-0.8910000000000007
-0.9450000000000007
-1.0479999999999987
-1.139999999999995
-1.2609999999999872
-1.145999999999992
-1.434999999999983
-1.2549999999999895
-1.0229999999999997
-0.8820000000000007
-0.6780000000000005
-0.3860000000000003
-0.2920000000000002
-0.12800000000000009
-0.04700000000000003
-0.024000000000000007
-0.006
-0.006
0.0
0.0
0.0
-0.024000000000000007
-0.04200000000000002
-0.11800000000000009
-0.22300000000000017
-0.4910000000000004
-0.47900000000000037
-0.5750000000000004
-0.7840000000000006
-0.9150000000000007
-1.0739999999999978
-1.0329999999999988
-1.0789999999999962
-1.2609999999999868
-1.2589999999999864
-1.2399999999999896
-1.0739999999999974
-0.8670000000000007
-0.8470000000000006
-0.5550000000000004
-0.34500000000000025
-0.20300000000000015
-0.07000000000000005
-0.022000000000000006
-0.018000000000000002
0.0
0.0
0.0
0.0
0.0
-0.012000000000000004
-0.02700000000000001
-0.1300000000000001
-0.2660000000000002
-0.4220000000000003
-0.5420000000000004
-0.6410000000000005
-0.7410000000000005
-0.8400000000000006
-1.0749999999999962
-1.0869999999999955
-1.2989999999999866
-1.2449999999999892
-1.2459999999999876
-1.3709999999999867
-0.9880000000000008
-0.8400000000000006
-0.7850000000000006
-0.5210000000000004
-0.2830000000000002
-0.1360000000000001
-0.08700000000000006
-0.013000000000000001
-0.002
0.0
0.0
0.0
0.0
0.0
-0.002
-0.020000000000000004
-0.08100000000000006
-0.18700000000000014
-0.33700000000000024
-0.6050000000000004
-0.7180000000000005
-0.8950000000000007
-0.9760000000000008
-1.129999999999993
-1.0709999999999957
-1.1429999999999922
-1.1859999999999928
-1.1809999999999896
-1.1519999999999928
-0.9400000000000007
-0.8540000000000006
-0.5710000000000004
-0.35800000000000026
-0.17800000000000013
-0.05300000000000003
-0.045000000000000026
-0.004
-0.002
-0.002
0.0
0.0
0.0
0.0
0.0
-0.006
-0.054000000000000034
-0.09500000000000007
-0.19100000000000014
-0.3980000000000003
-0.5840000000000004
-0.8530000000000006
-0.9120000000000007
-0.9430000000000007
-1.0169999999999997
-0.9840000000000008
-0.8680000000000007
-0.9890000000000008
-0.9520000000000007
-0.8580000000000007
-0.6160000000000004
-0.5080000000000003
-0.22600000000000017
-0.1430000000000001
-0.055000000000000035
-0.023000000000000007
-0.001
0.0
0.0
0.0
0.0
0.0
0.0
0.0
-0.002
-0.018000000000000002
-0.08100000000000006
-0.19700000000000015
-0.3120000000000002
-0.4940000000000004
-0.6430000000000005
-0.8290000000000006
-0.7550000000000006
-0.8770000000000007
-0.8810000000000007
-0.8450000000000006
-0.8400000000000006
-0.6790000000000005
-0.6450000000000005
-0.4240000000000003
-0.36200000000000027
-0.21400000000000016
-0.11900000000000009
-0.012000000000000002
-0.03600000000000002
-0.002
0.0
0.0
0.0
0.0
0.0
0.0
0.0
0.0
-0.003
-0.015000000000000001
-0.11200000000000009
-0.10500000000000008
-0.17800000000000013
-0.2710000000000002
-0.46700000000000036
-0.4230000000000003
-0.4920000000000004
-0.4040000000000003
-0.5060000000000003
-0.5000000000000003
-0.4070000000000003
-0.2460000000000002
-0.20900000000000016
-0.1490000000000001
-0.11300000000000009
-0.029000000000000012
-0.020000000000000004
-0.022000000000000006
0.0
0.0
0.0
0.0
0.0
0.0
0.0
0.0
0.0
0.0
-0.002
-0.04800000000000003
-0.11400000000000009
-0.1560000000000001
-0.16600000000000012
-0.18300000000000013
-0.18400000000000014
-0.18400000000000014
-0.21500000000000016
-0.23400000000000018
-0.18200000000000013
-0.12500000000000008
-0.10600000000000008
-0.08700000000000006
-0.08600000000000006
-0.09400000000000007
-0.029000000000000012
-0.030000000000000013
0.0
0.0
0.0
0.0
0.0
0.0
0.0
0.0
0.0
0.0
0.0
-0.006
-0.019000000000000003
-0.031000000000000014
-0.04000000000000002
-0.054000000000000034
-0.016
-0.024000000000000007
-0.022000000000000006
-0.029000000000000012
-0.054000000000000034
-0.07300000000000005
-0.06600000000000004
-0.05300000000000003
-0.056000000000000036
-0.03800000000000002
-0.02800000000000001
-0.005
0.0
0.0
0.0
0.0
0.0
0.0
0.0
0.0
