-1.9300000000000015
0.0
0.0
0.0
0.0
0.0
0.0
0.0
0.0
0.0
0.0
0.0
0.0
0.0
0.0
0.0
0.0
0.0
0.0
0.0
0.0
-0.10999999999999999
-0.12999999999999998
-0.27999999999999997
-0.23999999999999985
-0.009999999999999952
-0.09999999999999999
-0.07999999999999999
-0.09
-0.02
0.0
0.0
0.0
-0.03
-0.3600000000000001
0.36
-0.4099999999999999
0.43000000000000005
-0.01000000000000099
0.7299999999999998
0.5799999999999995
0.02000000000000006
0.5300000000000009
0.9000000000000004
0.03000000000000002
0.47000000000000014
0.0
0.0
-0.18000000000000002
-0.15000000000000138
0.30000000000000016
-0.31000000000000005
0.73
-0.16999999999999973
0.17999999999999935
0.3999999999999997
-0.1399999999999998
0.35
-0.10999999999999997
0.57
0.8300000000000004
0.0
0.0
-0.10999999999999993
0.08999999999999991
-0.32999999999999957
0.37999999999999845
0.6199999999999998
-1.1300000000000006
0.16999999999999854
0.32999999999999907
-0.07999999999999963
0.5600000000000013
0.7300000000000005
-0.5900000000000004
0.0
0.0
0.0
0.3700000000000002
0.6900000000000002
0.5899999999999997
-0.9099999999999988
0.5900000000000011
0.2599999999999998
-0.11999999999999937
0.6900000000000014
0.24000000000000038
0.8899999999999997
1.4200000000000006
0.26000000000000006
0.0
0.0
0.0
0.21000000000000002
-0.4499999999999998
0.920000000000001
0.04999999999999916
1.2100000000000009
0.24999999999999806
0.7999999999999994
-0.6399999999999989
-0.4900000000000002
-0.05999999999999995
-0.12000000000000044
0.060000000000000026
0.0
0.0
0.0
-0.31000000000000005
-0.04000000000000008
-1.3200000000000005
-0.2499999999999982
-0.35000000000000236
0.8699999999999994
0.5200000000000014
-0.01999999999999934
0.8000000000000002
-1.0100000000000002
-0.1599999999999999
-0.08
0.0
0.0
-0.06
-0.5400000000000003
0.08999999999999955
-0.59
1.0000000000000002
0.049999999999999725
0.8099999999999996
-0.05000000000000074
-0.8399999999999979
-1.0399999999999998
0.5100000000000003
1.0600000000000007
-0.5800000000000003
0.0
0.0
-0.06999999999999999
-0.8200000000000004
-0.5200000000000001
0.06999999999999944
0.2799999999999994
-0.8100000000000009
-1.04
-0.15000000000000235
0.13999999999999924
0.5999999999999993
-0.8600000000000007
-0.23999999999999996
-0.42000000000000015
0.0
0.0
-0.03
0.5800000000000004
0.2199999999999984
-0.35999999999999976
-0.24999999999999914
-0.10000000000000059
-0.6399999999999999
0.03999999999999934
0.07000000000000015
-0.23000000000000012
0.31999999999999984
0.07999999999999995
-0.060000000000000005
0.0
0.0
0.0
0.17000000000000004
-0.45999999999999924
-0.14000000000000076
-0.0899999999999983
0.4399999999999997
0.7199999999999999
-0.4799999999999996
0.5199999999999998
-0.2000000000000004
0.2499999999999999
-0.5
0.0
0.0
0.0
-0.16
-0.18
-0.36
-0.48000000000000026
-1.0800000000000005
-0.2999999999999999
-0.33
7.632783294297951E-17
-0.28
-0.16999999999999998
-0.16
-0.04
0.0
0.0
0.0
