-70.39999999999911
0.0
0.0
-0.02
19.329999999999977
-30.329999999999742
-24.700000000000134
-12.019999999999833
29.61000000000172
-7.60999999999993
-21.129999999999747
146.7999999999899
170.439999999972
5.530000000000204
212.08000000000402
80.50000000000024
176.50999999999812
-0.10999999999999999
-81.14999999999927
40.00000000000199
-21.06999999999947
-68.44000000000676
-266.0699999999943
-102.14000000000533
53.360000000001214
-0.01
-59.26000000000145
-141.5999999999941
317.89000000002017
88.04000000000573
-195.27000000000288
-19.700000000002184
-19.98000000000062
-0.10999999999999999
-72.65000000000049
63.5899999999861
131.45000000000428
-5.299999999999176
46.08000000000571
44.32000000000013
30.679999999999005
-0.02
82.97000000000205
-57.99999999999419
-117.06999999998453
-40.560000000002056
-75.11999999999732
-11.929999999999303
0.9600000000000005
-0.01
