-10325.752001644882
0.0
0.0
0.0
0.0
0.0
0.0
0.0
0.0
0.0
0.0
0.0
0.0
0.0
0.0
0.0
0.0
0.0
0.0
0.0
0.0
0.0
0.0
0.0
0.0
0.0
0.0
0.0
0.0
0.0
0.0
0.0
0.0
0.0
0.0
0.0
0.0
0.0
0.0
0.0
0.0
0.0
0.0
0.0
0.0
-39.70800000000256
-19.85400000000128
-9.92199999999994
-19.84399999999988
0.0
-19.84599999999988
-9.92299999999994
-19.84599999999988
0.0
0.0
0.0
0.0
0.0
0.0
0.0
0.0
0.0
0.0
0.0
0.0
0.0
0.0
0.0
0.0
0.0
-39.692000000002544
-109.20499999994786
-168.73100000014182
-317.60300000061505
-486.30600000045854
-565.6579999979014
-555.7529999987071
-387.0430000003445
-208.401000000423
-208.41600000035373
-99.247000000014
-49.63000000000676
-19.847999999999878
0.0
0.0
0.0
0.0
0.0
0.0
0.0
0.0
0.0
0.0
-19.849999999999877
-9.924999999999939
-29.77300000000072
-89.31399999998317
-198.4960000002925
-287.8070000004785
-446.65699999994433
-804.0189999935312
-1042.298999987663
-1498.9849999767757
-1786.8289999697279
-1727.1609999704397
-1856.2969999678214
-1439.3979999779276
-1012.4989999878486
-704.8049999958919
-317.64000000035486
-198.51300000029258
-69.49400000001206
-39.70800000000256
0.0
0.0
0.0
0.0
0.0
0.0
0.0
0.0
-19.86399999999987
-119.13599999990375
-148.9490000000074
-258.1110000005511
-506.2290000004981
-893.4379999910071
-1340.1239999803422
-1797.0009999691538
-2283.5509999752385
-2919.0190000111106
-3752.7700000439286
-3872.027000068661
-3931.736000069832
-3762.5280000632715
-3246.5560000337105
-2561.491999990718
-1816.82799996886
-1102.1839999860795
-635.4209999970701
-337.6070000004238
-198.56900000025647
0.0
0.0
0.0
0.0
0.0
0.0
0.0
-9.925999999999938
-69.49400000001206
-278.00000000056195
-426.9900000003697
-804.187999993186
-1141.681999984603
-1757.4709999701172
-2055.4779999628267
-2591.7260000084357
-3297.079000052704
-3892.5880001132914
-4299.724000182017
-4577.933000243033
-4836.040000275913
-4428.699000190463
-3991.6360001142198
-3802.7900000723394
-3087.888000006491
-1916.252999966684
-1360.2129999799943
-824.0689999924218
-565.8719999998364
-129.14399999991656
-39.800000000002676
0.0
0.0
0.0
0.0
0.0
-19.851999999999876
-109.25599999998975
-297.8360000003641
-833.9199999924585
-1161.6119999840514
-1936.2509999658046
-2323.6639999798485
-3237.511000037514
-4408.846000133617
-4825.955000243136
-6305.41800052385
-7109.445000703877
-6990.389000722973
-7020.298000713225
-6653.202000629654
-6027.2820004940695
-5004.4470002768
-4160.252000071295
-2522.2669999883506
-1956.2339999654953
-1340.1159999805473
-843.8459999921619
-397.16700000043875
-129.0679999999162
-0.07800000000000006
0.0
0.0
0.0
0.0
-39.710000000002566
-407.03900000092796
-545.9129999982756
-1280.7299999817703
-1757.179999970046
-2790.1509999991035
-3673.809000042638
-5103.577000268609
-6384.348000533702
-7694.906000794001
-8211.573000931263
-8201.266000959919
-8628.143001031918
-8211.209000972238
-8290.702000967676
-7218.343000754367
-6701.800000621143
-4815.765000246158
-3524.8270000370103
-1946.2529999649798
-1290.8949999810652
-913.4309999902707
-536.1499999996096
-178.7470000002063
-19.965999999999813
0.0
0.0
0.0
-9.930999999999935
-218.41900000034792
-456.6710000000595
-962.9739999894135
-1389.7969999786885
-2422.511999979628
-3554.4930000291465
-4408.443000154199
-6036.687000476823
-7009.946000706854
-7416.945000815233
-8012.844000938338
-8141.511000966046
-8210.897000966626
-8667.645001060104
-8121.568000974868
-7476.410000841419
-6682.031000650347
-5004.224000304062
-3703.764000056034
-2144.8679999677215
-1181.6139999839656
-645.5419999969637
-268.09200000056023
-178.80000000012564
-39.76000000000263
0.0
0.0
-39.70600000000256
-89.37499999998306
-218.38600000041396
-526.1119999999484
-1171.3549999846018
-1608.0059999731543
-2630.9009999956993
-3772.742000064516
-5282.075000332787
-6106.427000539137
-6851.259000700344
-8022.695000912244
-8132.04900092686
-7446.517000807526
-7595.5470008332095
-8111.867000937812
-8002.313000937039
-7357.077000813497
-6880.547000678216
-4865.17900027402
-3068.116000027936
-1717.9649999715614
-804.4769999942031
-268.2380000005557
-218.55700000034858
-39.74400000000261
-19.871999999999865
0.0
0.0
-19.85300000000128
-99.27099999998204
-208.46700000038865
-545.9579999992799
-1111.886999985433
-1677.8219999714083
-2720.336000002767
-4646.428000174177
-5927.42400046912
-6532.852000616998
-6950.110000696344
-6960.228000679143
-6771.6540006342675
-7019.519000671537
-7099.258000707819
-7287.889000767239
-7506.232000827747
-7198.391000766041
-6652.389000617164
-4617.481000197826
-2432.7039999862195
-1370.4839999804144
-278.38400000062063
-39.935000000002866
-69.61300000001191
0.0
0.0
0.0
0.0
-39.70600000000256
-59.56200000000185
-129.0440000000281
-575.782999999255
-943.1809999891195
-1628.1549999725414
-3365.690000028348
-4705.953000221246
-5758.22000046758
-6781.1650006554355
-6255.609000544806
-6047.44800046443
-5848.651000438368
-5928.283000481587
-6335.132000581661
-7288.253000763561
-7833.865000868599
-7625.355000827135
-5868.161000502333
-4507.748000166566
-2164.5649999701873
-1092.4779999867335
-268.31400000055254
9.787000000000017
-19.96799999999981
19.84499999999988
19.847999999999878
0.0
0.0
-19.849999999999877
-49.617000000006755
-99.29099999998202
-496.44500000086595
-973.0459999886984
-2075.0149999645027
-3792.609000058824
-4874.646000280212
-6463.224000591612
-6195.489000577007
-5709.602000447551
-5451.786000362806
-5590.605000403168
-6256.106000555101
-6901.141000693729
-8290.413000957724
-8657.989001037862
-7665.009000856808
-6046.885000536633
-4537.194000176497
-2651.135999985761
-983.0249999891121
-317.92000000070266
-49.746000000022846
-89.43199999996298
-10.00200000000012
19.847999999999878
0.0
0.0
-9.924999999999939
-9.932999999999934
-109.30299999994769
-317.7960000002672
-963.2449999891221
-2234.2079999724856
-3633.628000074758
-5321.422000370316
-6800.904000673627
-6751.55600067116
-6672.3370006097675
-5878.362000450563
-6980.451000680146
-6652.958000684377
-8796.862001073481
-9759.299001273737
-9134.307001184749
-8269.91600099365
-6731.130000656797
-4993.879000244902
-2591.618999985179
-1241.354999982866
-417.2310000002597
-139.13100000009229
-39.784999999997986
-39.77800000000265
0.0
0.0
0.0
-19.849999999999877
-9.924999999999939
-129.1109999999164
-357.47600000013875
-1261.000999982427
-2373.1129999809764
-3951.555000093742
-6026.048000493819
-7247.452000762615
-7148.444000764381
-7049.700000716434
-7992.72100085843
-8241.036000950447
-8657.965001062057
-10096.52900134648
-10493.92900144044
-9084.227001210458
-8676.946001084329
-7028.707000716598
-4884.709000241753
-2919.1270000033146
-1648.210999973017
-814.4509999933845
-278.15800000058107
-79.4620000000058
-19.851999999999876
0.0
0.0
0.0
0.0
-19.849999999999877
-109.16999999998977
-446.71800000016873
-1509.234999976589
-2650.8879999945284
-4388.365000150896
-5986.640000494619
-6592.665000668797
-7009.712000745789
-7833.593000863891
-8041.969000912294
-8667.428001051652
-9858.261001291854
-10553.213001434013
-9441.908001263182
-9620.497001293843
-8765.999001089169
-6919.486000694246
-4944.251000255593
-3008.592000013181
-1568.8459999743632
-903.7739999905536
-357.5700000006989
-89.3750000000229
-49.651000000006775
0.0
0.0
0.0
0.0
-19.867999999999867
-287.8360000006276
-665.1439999965478
-1558.7519999752474
-2750.136999998967
-4050.8520000983062
-5103.248000345297
-6026.729000539305
-6483.579000613435
-6989.625000695448
-7505.669000803361
-8071.704000945295
-8875.65600112573
-9392.042001224801
-9183.976001191082
-9094.044001160573
-8080.831000944068
-6641.586000629633
-4815.209000242256
-3296.27700002262
-1638.2609999728638
-883.9589999909795
-337.7860000003082
-228.3760000004415
-59.59400000002687
0.0
0.0
0.0
0.0
-19.867999999999867
-178.6520000002463
-814.0329999930573
-1717.5969999712504
-2750.2849999934624
-3663.6860000649217
-4279.413000164018
-4766.083000258006
-5143.520000307497
-5500.833000385343
-6424.003000594739
-7784.0990008860035
-8637.486001068926
-8379.45800103965
-8737.094001080388
-8180.955000961854
-7495.745000805846
-6056.039000519336
-4695.976000212805
-3167.1780000142053
-1628.426999973125
-982.9899999889735
-456.70900000005946
-188.6530000002685
0.0
0.0
0.0
0.0
0.0
-39.702000000002556
-258.10500000057453
-972.8699999888436
-1796.940999968697
-2899.4280000027993
-3256.916000031575
-4011.8990000517138
-3942.3840000583155
-4547.922000145255
-4885.550000268028
-5907.8160005073605
-7853.131000882481
-8577.992001047762
-8568.020001040137
-8697.215001049166
-7764.013000862522
-6344.4350005911265
-5738.7960004326105
-4209.49500010671
-2541.8529999957022
-1538.9959999749788
-982.9279999888353
-466.6039999999449
-238.24100000047017
-19.84399999999988
0.0
0.0
0.0
0.0
-69.47300000001209
-317.6680000003547
-1320.3349999805753
-1906.0629999656555
-2969.100000028279
-3207.338000043673
-3346.6790000382257
-3545.5270000523915
-4210.516000132882
-5322.742000382567
-7009.606000721076
-8151.187000966062
-9124.074001148481
-8300.319001007263
-8498.532001008954
-6890.49900070574
-5867.614000485144
-4974.273000263459
-3435.337000048512
-2392.8879999800856
-1360.3409999794867
-794.3299999934852
-536.1340000003779
-178.6700000001655
0.0
0.0
0.0
0.0
0.0
-79.39400000000103
-496.2790000006072
-1171.3009999837832
-1935.7749999653195
-2720.575000014506
-3117.787000046973
-3932.5110000762625
-4537.80500017662
-5500.737000396918
-6404.343000615544
-7833.704000904614
-8577.877001068977
-8726.722001098879
-8091.629000971334
-7933.057000901354
-6711.891000648055
-4795.6080002807985
-3673.7700000896957
-3048.2730000142915
-1797.3869999691447
-1092.2119999861113
-575.9069999982987
-307.6690000005628
-99.23699999998206
-0.006
0.0
0.0
0.0
0.0
-59.546000000001854
-406.9380000007362
-982.7769999885595
-1707.4379999711175
-2313.2699999822726
-3068.385000036695
-3813.0320001003197
-4518.073000235858
-5927.549000498343
-7456.634000801366
-8091.830000954486
-8677.289001074947
-8498.81400103581
-7506.069000837422
-7188.858000732085
-5431.358000376036
-3892.684000104885
-2790.4950000152535
-2303.8339999743707
-1449.609999977746
-764.4559999940413
-426.9350000005789
-138.9650000000915
-99.24199999998206
-19.85099999999988
0.0
0.0
0.0
0.0
-29.769000000000723
-228.2670000003777
-595.6349999983565
-1121.8309999856447
-1747.3979999705398
-2541.8979999924118
-3574.3930000578025
-4239.877000155781
-5351.908000376245
-6156.382000545375
-6811.490000678828
-7327.594000775489
-6404.143000621197
-6196.155000544792
-5074.580000309345
-3952.301000080949
-2830.504000008695
-2512.5399999750875
-1211.6779999826786
-863.8559999917279
-407.0399999999698
-228.3330000004413
-109.1569999999898
-29.774000000000722
-39.71400000000257
0.0
0.0
0.0
0.0
0.0
-119.10199999990382
-297.7920000005291
-506.5150000002333
-943.420999989987
-1539.2629999755077
-2731.0509999875553
-3604.6310000404383
-4279.87300011515
-4637.2940002070145
-5332.652000325236
-4855.810000264079
-4766.444000238965
-3912.7940001054976
-3862.991000038263
-2751.259999987981
-1757.8959999701074
-1201.7879999831778
-853.9709999917012
-516.4110000002831
-228.38700000047325
-148.8630000000555
-79.3799999999964
-19.85999999999987
-19.85999999999987
0.0
0.0
0.0
0.0
0.0
0.0
-69.51500000001204
-139.04800000003985
-337.7090000004236
-834.1439999922887
-1251.402999981599
-1916.4539999660344
-2204.3089999738204
-2541.9160000006464
-2859.5250000152764
-2631.41500000427
-2671.194999993248
-2383.3209999782657
-2085.5309999649076
-1390.6159999787676
-1012.9169999875676
-715.0239999949958
-456.94899999982636
-268.0280000005574
-129.05500000002814
-69.45599999999726
-39.684000000002534
0.0
0.0
0.0
0.0
0.0
0.0
0.0
0.0
0.0
-59.64600000002693
-387.238000000862
-536.2349999985836
-1052.5439999869784
-1449.735999977554
-1528.8819999746188
-1896.121999966345
-1538.6959999740045
-1886.279999967255
-1618.2699999732247
-1439.3699999773562
-1101.9139999850895
-933.2399999896968
-555.965999998949
-307.8400000004197
-218.52100000038152
-119.08899999995397
-49.62700000000676
-49.64500000000677
-59.58200000002685
0.0
0.0
0.0
0.0
0.0
0.0
0.0
0.0
0.0
-39.73000000000259
-248.14600000050044
-317.6220000001815
-595.48899999836
-635.1969999970754
-704.7469999945303
-853.6089999915491
-813.8809999923866
-744.5559999944664
-605.5489999973515
-625.4299999973888
-446.66899999994433
-377.21800000042435
-268.0120000005541
-99.30400000001403
-59.559000000001845
-29.771000000000722
-9.926999999999937
0.0
0.0
0.0
0.0
0.0
0.0
0.0
