-3.7399999999999642
0.0
0.0
0.0
0.0
0.0
0.0
0.0
0.0
0.0
0.0
0.0
0.0
0.0
0.0
0.0
0.0
0.0
0.0
0.0
0.0
-0.01
-1.3200000000000007
0.3399999999999999
0.28
-0.09999999999999999
-0.23
-0.3900000000000002
-0.7500000000000004
-0.6500000000000002
0.0
0.0
0.0
-0.02
0.0
-1.8800000000000014
-1.7100000000000009
0.22999999999999565
0.6100000000000005
0.23999999999999985
1.2799999999999998
-1.0400000000000016
1.250000000000001
0.4500000000000006
0.25000000000000006
0.2900000000000001
0.0
0.0
-0.10999999999999999
-0.9500000000000005
-0.06000000000000033
-0.02999999999999996
1.2100000000000002
-0.7400000000000012
0.33000000000000046
0.38000000000000733
1.0000000000000002
0.7000000000000006
-0.6000000000000004
0.5799999999999998
0.4400000000000002
0.0
0.0
-0.40000000000000013
0.4300000000000005
-0.13000000000000012
0.9600000000000002
-0.3899999999999971
0.1199999999999978
-0.3199999999999974
-0.09999999999999809
0.8600000000000014
1.7700000000000016
0.7600000000000007
-0.11000000000000006
0.0
0.0
-0.01
0.3800000000000001
0.9000000000000005
-0.06999999999999867
0.08000000000000203
-0.40999999999999587
0.5400000000000007
-0.37999999999999823
-0.48999999999999816
0.12999999999999987
1.5800000000000005
1.5500000000000012
-0.11
0.0
0.0
0.0
0.6900000000000003
-1.680000000000001
0.23999999999999871
-0.8800000000000004
1.2100000000000006
0.4099999999999949
0.8999999999999982
-0.27999999999999825
-0.1900000000000007
-1.0700000000000005
-0.7300000000000005
0.42000000000000004
-0.24000000000000007
0.0
-0.10999999999999999
-0.10999999999999976
-1.6000000000000008
0.7600000000000008
-0.3600000000000001
0.15999999999999934
-0.5499999999999999
1.640000000000002
-0.9399999999999987
-1.3200000000000007
0.020000000000000084
0.43000000000000005
-0.6300000000000002
0.0
0.0
-0.37000000000000016
-1.1200000000000008
-0.6900000000000004
-2.33999999999999
1.5300000000000007
0.9199999999999973
1.2300000000000004
-0.5999999999999984
0.03999999999999829
-0.7099999999999995
-0.29999999999999827
1.2600000000000005
-0.43999999999999995
0.0
0.0
-0.01
-0.049999999999999836
-0.06999999999999924
0.9299999999999999
-0.8300000000000003
-0.6699999999999997
-1.169999999999999
-0.26999999999999885
0.600000000000003
0.49999999999999983
-0.42000000000000026
0.3200000000000004
-1.2000000000000006
-0.10999999999999999
0.0
-0.11
0.39000000000000046
0.4199999999999977
0.13000000000000153
-0.9699999999999998
0.36000000000000054
-0.09000000000000226
0.05999999999999968
-0.42999999999999944
1.5199999999999994
1.62
-0.28
-0.41000000000000014
0.0
0.0
-0.08
-0.6800000000000002
-0.8200000000000001
0.10000000000000081
-0.4100000000000027
0.3799999999999989
1.1500000000000012
0.11999999999999865
-0.2699999999999999
-1.390000000000001
0.7800000000000004
-0.6900000000000004
0.0
0.0
0.0
-0.4100000000000002
-0.18
-0.49999999999999994
-1.0200000000000005
-0.9900000000000004
-0.6900000000000003
-0.15999999999999964
0.27
0.16
-0.3299999999999999
-0.35
-0.5700000000000002
0.0
0.0
0.0
