-2.0569999999998845
0.0
0.0
0.0
0.8600000000000007
0.22500000000000023
0.04100000000000063
-0.034000000000000016
0.2810000000000001
-0.005
0.15000000000000013
-0.05300000000000256
0.12800000000002004
0.18099999999999933
0.11000000000002358
0.21500000000000724
0.5880000000000004
-0.001
0.031999999999999855
0.08400000000002426
0.02599999999999622
-0.0700000000000153
0.020000000000006762
-0.04500000000000848
0.18900000000000008
-0.09200000000000007
-0.01099999999999915
-0.03499999999998735
0.12200000000000301
0.09900000000000166
-0.074000000000001
-0.08099999999998658
-0.21599999999999991
-0.001
-0.19000000000000017
-0.027000000000008184
0.045000000000003273
-0.10500000000000484
-0.04299999999999533
0.02299999999998371
0.1870000000000002
-0.20800000000000016
0.343
-0.16599999999999995
0.0019999999999994866
0.15700000000000006
0.1519999999999994
-0.07499999999999982
-0.04700000000000003
0.0
