-14349.482002464623
0.0
0.0
0.0
0.0
0.0
0.0
0.0
0.0
0.0
0.0
0.0
0.0
0.0
0.0
0.0
0.0
0.0
0.0
0.0
0.0
0.0
0.0
0.0
0.0
0.0
0.0
0.0
0.0
0.0
0.0
0.0
0.0
0.0
0.0
0.0
0.0
-19.95199999999982
-29.930000000000728
-19.953000000001403
-39.906000000002805
0.0
0.0
0.0
-19.993999999999797
-49.8910000000069
-49.9160000000069
-29.919000000000725
-19.94999999999982
0.0
0.0
0.0
0.0
0.0
0.0
0.0
0.0
0.0
0.0
0.0
0.0
0.0
0.0
0.0
0.0
-19.94999999999982
-59.85600000002719
-19.953000000001403
-69.87799999999758
-109.80499999998952
-149.64700000001073
-189.57300000023457
-419.0090000004594
-548.677999998713
-827.9509999926629
-937.6459999892985
-957.6199999890192
-857.8759999917696
-498.76599999930056
-259.3590000005723
-109.72699999998956
-49.878000000006885
-29.929000000000727
-19.95399999999982
0.0
0.0
0.0
0.0
0.0
0.0
0.0
0.0
0.0
-39.9020000000028
-39.89700000000026
-59.85300000000186
-229.49800000044686
-399.063000000437
-468.92299999993776
-877.9359999918066
-1097.4419999857364
-1516.5189999756892
-2284.8379999731183
-2763.6949999917842
-2563.964999990569
-2404.30899998249
-1945.4709999657991
-1287.0219999815145
-718.4329999952993
-359.263000000416
-159.6690000001253
-99.84099999998152
-59.89200000002723
0.0
0.0
0.0
0.0
0.0
0.0
0.0
-19.94999999999982
-29.929000000000727
-89.777000000003
-239.45900000047595
-518.7890000010244
-957.8039999901667
-1327.1349999808301
-1975.472999965574
-2803.8729999927223
-3402.7170000331425
-4540.109000167753
-5288.559000329575
-5388.199000358628
-5238.743000323662
-5009.23100025106
-4111.290000071513
-3103.4050000176235
-2185.2169999695784
-1417.1239999789505
-738.5259999944919
-518.9050000002242
-249.54700000050715
-39.922000000002825
0.0
0.0
0.0
0.0
0.0
0.0
-19.94999999999982
-89.78499999998243
-329.2430000004796
-698.4669999957274
-1167.4929999841486
-1866.0049999675919
-2963.4739999999865
-3851.911000058547
-3952.0860001290803
-5379.331000366511
-6127.517000534068
-6217.559000592921
-6556.729000649401
-6796.325000664473
-6686.2780006226985
-5389.200000379217
-4610.642000192601
-3462.9770000344542
-2265.3169999735505
-1666.6999999725492
-1087.7099999862642
-798.3029999940825
-149.71600000005958
-59.904000000027246
0.0
0.0
0.0
0.0
-19.94999999999982
-69.84800000001161
-199.5810000002977
-648.6689999971024
-1297.2529999815529
-1846.1019999678156
-2963.7750000121996
-4091.360000082293
-5049.931000305325
-6327.340000546655
-7365.036000766954
-9001.555001088262
-9620.229001233702
-9849.663001290397
-10019.45300130833
-8842.040001079582
-7385.180000789159
-6426.890000558524
-4730.587000195294
-3503.0430000205056
-2295.4159999728463
-1576.7149999746148
-1047.7269999871394
-478.9530000003145
-119.73699999995324
-39.954000000002864
0.0
-19.945999999999824
-39.9000000000028
-39.91600000000282
-149.68300000010797
-538.8140000003145
-917.9119999901648
-1746.2409999705167
-2853.7449999968862
-4330.701000100082
-5598.082000380803
-7015.0860006858975
-8671.739001017568
-10468.04800137387
-11167.009001545692
-11885.0640017068
-11914.858001717346
-11685.313001679755
-11705.669001663977
-9969.291001315105
-8831.71300105748
-6197.249000518647
-4271.231000098436
-2375.3619999837565
-1696.5689999717538
-947.9909999891514
-678.5069999969659
-149.66800000010792
-19.999999999999794
0.0
-19.945999999999824
-29.921000000000728
-109.75499999998955
-289.32000000055285
-668.4309999960574
-1536.4629999759652
-2414.633999978207
-3761.7710000477155
-4889.816000247207
-6496.024000572926
-8422.250000974449
-9879.320001285176
-10318.274001405558
-10997.146001551871
-11206.389001602067
-11954.510001739287
-11675.239001702592
-11396.089001642804
-10637.618001471725
-9110.975001142147
-6506.644000609312
-4600.561000185942
-2495.160999988177
-1496.983999976766
-608.7989999972748
-429.10300000036716
-169.65800000006058
19.959999999999816
0.0
-19.945999999999824
-29.920000000000726
-129.6979999999192
-299.27000000046996
-688.4259999954412
-1716.1489999716348
-2534.5279999906397
-4041.2080000846586
-5218.833000336058
-7324.324000752161
-8512.234001030183
-9939.410001319296
-10348.519001406212
-10957.41100151453
-10846.894001493612
-11795.122001674104
-11465.734001631185
-11146.438001578801
-10477.800001430323
-8881.5370010919
-6367.015000570898
-3662.822000075436
-2305.5699999707085
-1127.8359999872152
-159.77200000017132
-219.6290000003868
-49.8870000000069
0.0
0.0
0.0
0.0
-39.9020000000028
-279.3110000005416
-718.3439999945332
-1506.7199999760433
-2873.7530000036368
-3741.8920000857106
-5787.698000437201
-7823.479000862429
-8781.587001079028
-9540.287001223816
-9101.372001129856
-9240.750001137494
-9529.883001198368
-9799.758001274246
-10019.032001336573
-10467.872001435933
-10128.62600135162
-8472.49500099715
-5898.067000458746
-3353.3070000432335
-1636.9559999732608
-459.2850000014649
29.73600000000072
-69.97200000002523
-19.97399999999981
0.0
0.0
0.0
0.0
-29.921000000000728
-319.28900000061714
-818.1909999927904
-1347.1629999798686
-2464.5869999878933
-4141.061000106329
-6296.571000546308
-8142.867000934817
-8571.967001036588
-8512.696000998007
-7614.85800080761
-7863.943000853427
-8263.20000095985
-8871.858001107183
-10717.65900145477
-10887.246001496893
-10417.95400139123
-7993.407000920013
-5947.706000463545
-3333.296000017013
-1307.7169999808427
-558.9600000001125
-249.60400000044916
-99.90599999994856
0.0
0.0
0.0
0.0
-19.945999999999824
-49.89300000000689
-289.34900000059315
-768.3889999946664
-1277.2809999815681
-2824.0889999967694
-4540.347000194016
-6895.516000679168
-8112.875000954811
-8731.738001066387
-7505.041000814012
-7235.784000724306
-8133.410000897664
-8572.999001040002
-10199.127001356046
-12044.620001715326
-11795.260001689658
-10387.978001415182
-8372.040001001902
-6426.41100053705
-3293.150000012952
-1656.724999973232
-678.6649999965558
-239.54400000056737
-229.66200000038435
-19.999999999999794
0.0
0.0
0.0
-9.972999999999912
-19.969000000001422
-239.51500000047625
-459.1369999993475
-1367.2629999799285
-2904.111000007733
-4989.303000273281
-7154.984000746824
-8941.429001111981
-9530.085001217625
-8522.884001009004
-8353.20500094267
-9919.059001260193
-9959.26300134038
-11944.687001732489
-13022.056001950934
-12254.37900182486
-11026.39500156094
-9180.087001150194
-6326.54800053492
-3951.739000025787
-1836.3459999688223
-798.4909999926956
-449.16099999948005
-249.51800000053615
-39.95000000000286
0.0
0.0
0.0
-19.945999999999824
-29.94500000000073
-179.66300000021067
-578.9979999982256
-1586.8919999748643
-3083.572000014132
-5259.001000342797
-7853.674000871953
-9639.578001242
-9769.226001285962
-9430.510001213952
-10717.570001426564
-11455.543001606517
-12044.528001763958
-14328.983002210634
-14039.589002168694
-12972.278001975841
-11954.02000174378
-9289.726001175617
-6616.136000601292
-4181.366000066835
-2335.0419999725723
-1067.9099999868272
-529.1959999993538
-199.64100000033437
-39.95000000000286
0.0
0.0
0.0
0.0
-19.945999999999824
-209.5750000003246
-548.9159999987072
-1816.4909999693505
-3373.000000031602
-5957.589000459895
-7653.9790008481705
-9021.03800115275
-9130.679001193854
-9829.395001294126
-11285.649001563808
-11764.601001699106
-13360.871002017913
-14807.455002311857
-13650.572002104263
-12692.820001932363
-11694.452001688083
-9579.18200121658
-6725.713000621507
-4400.910000117437
-2554.649999984716
-1407.21999997893
-648.8299999966732
-179.7350000002919
-69.88100000001157
0.0
0.0
0.0
0.0
0.0
-209.56300000032454
-678.6179999961505
-1965.8789999658984
-3552.6500000409237
-5548.326000381164
-7195.257000756432
-7843.24800092785
-9001.329001121783
-9759.172001249888
-9898.626001303515
-11475.15700163651
-12752.2210019181
-13311.352002035106
-12743.02700192684
-12512.830001858512
-10906.217001519704
-9160.234001134584
-6496.13200058704
-4370.8900001300735
-2624.7539999900173
-1526.9539999760445
-668.7269999956378
-339.3680000005384
-49.90800000000691
0.0
0.0
0.0
0.0
-19.95199999999982
-289.3930000005528
-928.2079999904626
-2015.8389999641026
-3861.9420000471987
-4650.316000240565
-5857.833000481437
-6367.291000598278
-7384.810000758084
-7574.414000816002
-8851.445001084896
-11265.931001580433
-12173.621001785197
-12453.12500185479
-12383.616001829763
-11136.252001578161
-10128.135001348806
-8412.116000992723
-6316.65200054983
-4301.068000115208
-2764.2769999895554
-1497.1489999763935
-768.4999999932274
-309.3860000004887
-109.76199999994691
0.0
0.0
0.0
0.0
-59.85800000002719
-309.2990000004146
-1157.6189999846624
-2145.3599999686885
-3732.506000050258
-4490.695000174758
-5050.042000279961
-5409.533000347075
-5798.7670004509955
-6806.520000668277
-9031.04400111043
-10906.761001509743
-11804.414001714229
-11844.507001722406
-12303.601001779942
-10796.897001490719
-9130.378001155683
-7684.0050008433545
-5717.944000424336
-3652.2950000702126
-2524.9029999874238
-1536.790999975419
-818.3059999926191
-329.2910000005838
-89.83699999998235
-19.959999999999816
0.0
0.0
0.0
-59.87900000000186
-349.30399999995933
-1257.332999981349
-2275.0669999788543
-3802.070000064843
-4381.007000170441
-4910.424000241396
-5259.592000322025
-5668.840000461924
-7494.582000827423
-9669.510001277311
-11485.22800164754
-12143.808001786083
-12044.033001757776
-11834.500001686138
-9828.953001303355
-8910.841001093606
-6965.264000681593
-5109.199000297205
-3552.6160000390387
-2115.6539999669117
-1486.8669999770405
-678.5769999961514
-229.49200000041517
-19.94999999999982
-19.959999999999816
0.0
0.0
0.0
-69.8540000000116
-468.90700000017983
-1476.8219999772205
-2275.22299997808
-3472.729000068357
-4560.6920001953395
-5369.328000340095
-5738.689000445498
-7145.577000749683
-8781.774001103042
-10856.83600152539
-12053.946001775183
-12403.123001833375
-11605.182001682275
-10767.185001493322
-9200.49800116885
-7564.1360008159745
-5229.395000363235
-4690.158000176612
-2774.328000002861
-1756.2269999700954
-1187.3199999841793
-468.9820000001797
-169.63900000010332
0.0
0.0
0.0
0.0
0.0
-49.875000000006885
-389.08300000069147
-1207.34799998396
-2035.60299996352
-3163.2940000316244
-4141.769000128583
-5329.27200035378
-6207.703000566964
-8222.84800095925
-10068.75800134246
-11295.755001606643
-11974.316001739897
-11385.67200163084
-10657.142001478727
-10158.50000133772
-8153.009000914746
-5419.205000388456
-4321.278000133436
-3313.3560000200496
-2065.6369999640388
-1227.4099999828327
-718.3249999954936
-339.24400000053845
-89.797000000003
-19.95199999999982
0.0
0.0
0.0
0.0
-39.9000000000028
-189.5370000002344
-678.5549999965584
-1387.1419999796797
-2435.1229999748575
-3542.791000039783
-5059.825000284335
-5968.218000510116
-7634.588000838759
-8522.668001037964
-9530.077001229149
-9230.770001186725
-9170.868001163008
-8073.612000949038
-7494.842000779829
-5618.962000382868
-3982.60200008133
-3014.27100000596
-1936.1629999656168
-1486.8909999768546
-818.2019999932959
-289.30700000047256
-209.5400000003591
-99.80299999998155
0.0
0.0
0.0
0.0
0.0
-19.94999999999982
-139.65999999993875
-409.16600000054444
-569.0079999983071
-1367.35299998033
-2555.175999978809
-3832.372000033288
-5289.361000310695
-6666.633000597253
-6845.932000668454
-7494.761000772482
-7005.6090007005505
-6576.488000616529
-6297.049000531865
-5309.362000302128
-3782.6810000399128
-2555.155999988972
-1776.6659999697144
-1407.2639999786347
-808.422999992915
-419.0620000004594
-139.63600000009467
-79.80399999999541
-19.95199999999982
0.0
0.0
0.0
0.0
0.0
0.0
-39.91000000000281
-209.56400000032454
-399.29000000043675
-698.6929999959195
-1247.5809999820553
-1826.2669999680322
-2904.040000003857
-3283.1460000619113
-3791.98200010256
-4151.278000098054
-3782.2580000869134
-3742.333000059514
-3413.1050000254
-2674.6389999920557
-2076.0789999645435
-1696.7149999714252
-1087.8319999857538
-638.6579999952656
-478.9449999995679
-279.3870000005415
-129.74499999997545
-39.89600000000279
0.0
0.0
0.0
0.0
0.0
0.0
0.0
-19.95599999999982
-9.97799999999991
-169.6920000001464
-409.2210000001552
-977.9989999890045
-1546.6539999753331
-1856.0779999671834
-2304.8799999809444
-2793.710999997716
-2474.388999987261
-2135.3659999685365
-2444.524999977426
-1865.938999967224
-1646.4709999725023
-1337.000999980248
-1017.7579999885372
-508.8729999996949
-349.22000000022115
-249.43500000053572
-129.68799999991916
-29.92500000000073
-19.95399999999982
0.0
0.0
0.0
0.0
0.0
0.0
0.0
0.0
-19.94999999999982
-59.89400000000187
-209.5540000003245
-458.9170000002885
-708.3339999948348
-1017.5719999879998
-1117.338999984934
-1207.073999983281
-1117.3159999853046
-997.6389999881592
-937.7709999897367
-857.939999991768
-658.4149999963693
-458.94799999981853
-309.28800000063734
-109.74700000003216
-79.85300000000628
-59.876999999976505
-20.001999999999793
19.94999999999982
0.0
0.0
0.0
0.0
0.0
0.0
