-2.4179999999998447
0.0
0.0
0.0
-0.08100000000000004
0.24600000000000016
0.2140000000000002
-0.18900000000000014
0.26500000000000007
0.5350000000000004
-0.1300000000000001
-0.00699999999999778
0.04799999999998609
0.12499999999999924
0.08000000000000365
0.13200000000001422
0.3060000000000003
-0.12800000000000009
-0.10199999999999726
0.1489999999999989
0.05499999999999852
-0.05900000000001499
-0.003000000000009091
-0.002999999999999549
0.1620000000000001
-0.4000000000000003
-0.0010000000000023124
-0.09100000000000782
0.142000000000018
0.1270000000000026
-0.09299999999997666
-0.19
0.2000000000000002
-0.029000000000000015
-0.09299999999999989
0.019999999999998408
-0.004000000000000826
-0.14200000000000418
0.0240000000000134
0.08200000000000485
0.11800000000000088
-0.10300000000000008
0.27800000000000014
-0.069
0.10500000000000964
0.1090000000000072
0.10399999999999957
0.16999999999999993
-0.16200000000000012
-0.32400000000000023
