-0.5630000000000004
0.0
0.0
0.0
0.0
0.0
0.0
0.0
0.0
0.0
0.0
0.0
0.0
0.0
0.0
0.0
0.0
0.0
0.0
0.0
0.0
0.06300000000000004
0.1410000000000001
0.11600000000000009
0.17200000000000013
-0.005
0.019000000000000017
-0.009000000000000001
0.0
-0.056000000000000036
0.0
0.0
0.0
-0.01800000000000001
-0.03400000000000002
-0.08900000000000002
-0.11200000000000004
-0.04500000000000018
0.08100000000000002
0.19100000000000014
0.10600000000000007
-0.11000000000000008
0.07500000000000012
0.1290000000000001
0.11400000000000009
-0.08100000000000006
0.0
0.0
-0.018
0.09200000000000005
-0.017999999999999912
-0.07500000000000016
0.0920000000000001
0.03599999999999995
0.03200000000000013
0.06100000000000001
0.12200000000000011
-0.030999999999999795
-0.003000000000000113
0.07400000000000004
0.04100000000000003
0.0
-0.002
0.010000000000000037
0.10100000000000006
0.06800000000000003
0.1030000000000001
-0.034999999999999906
-0.1320000000000001
0.021999999999999777
0.01499999999999968
0.042999999999999955
0.11300000000000007
0.1710000000000001
-0.013999999999999936
-0.048000000000000036
0.0
0.0
0.04600000000000001
0.1170000000000001
0.024000000000000084
0.03200000000000003
0.017999999999999995
0.023999999999999775
-0.1450000000000001
-0.005999999999999809
-0.10100000000000002
0.2700000000000002
0.11000000000000007
-0.23200000000000015
0.0
0.0
0.0
0.05800000000000003
-0.04799999999999996
-0.05300000000000005
-0.06599999999999998
0.12800000000000006
0.09100000000000005
0.14400000000000007
-0.011000000000000152
-0.039000000000000284
-0.22100000000000014
0.03899999999999974
0.033000000000000036
-0.001
0.0
-0.009000000000000001
-0.069
-0.19900000000000015
-0.05899999999999994
0.0900000000000001
-0.03500000000000002
0.12800000000000003
0.07100000000000002
0.009999999999999957
-0.08699999999999992
-0.05499999999999999
-0.036000000000000004
-0.08100000000000002
-0.001
0.0
-0.003
-0.020999999999999963
0.0979999999999999
-0.12500000000000006
-0.009999999999999905
0.08900000000000002
0.08800000000000004
-0.06400000000000018
-0.04299999999999994
-0.18400000000000014
0.08400000000000013
0.1520000000000001
-0.05599999999999994
0.0
0.0
-0.05600000000000004
-0.13400000000000006
-0.08900000000000002
0.10500000000000008
0.028999999999999877
-0.03499999999999999
-0.1540000000000001
-0.03599999999999989
0.03299999999999999
0.034000000000000086
-0.18600000000000014
0.2580000000000002
-0.2740000000000002
0.0
0.0
-0.06100000000000005
-0.028999999999999953
0.13699999999999993
0.031000000000000045
-0.07800000000000012
-0.055000000000000035
0.014000000000000026
0.03799999999999998
0.003999999999999975
0.22500000000000014
-0.025999999999999746
-0.09200000000000004
-0.004
0.0
0.0
-0.002
-0.1830000000000001
0.047000000000000014
-0.03900000000000006
0.001000000000000222
0.07400000000000001
0.025000000000000074
0.02499999999999999
0.010999999999999947
-0.09800000000000006
0.007999999999999934
0.067
0.0
0.0
0.0
-0.09200000000000007
-0.002
-0.03700000000000002
-0.02800000000000001
-0.03600000000000002
-0.05000000000000003
0.035000000000000045
0.07600000000000005
-0.021000000000000005
0.07100000000000005
-0.002
0.0
0.0
0.0
0.0
