-17988.113003205908
0.0
0.0
0.0
0.0
0.0
0.0
0.0
0.0
0.0
0.0
0.0
0.0
0.0
0.0
0.0
0.0
0.0
0.0
0.0
0.0
0.0
0.0
0.0
0.0
0.0
0.0
0.0
0.0
0.0
0.0
0.0
0.0
0.0
0.0
0.0
0.0
0.0
0.0
0.0
-19.959999999999816
-19.95900000000141
-49.8970000000069
-49.89300000000689
-69.89800000001154
-79.85500000000079
-49.92400000000691
-19.959999999999816
0.0
-19.957999999999817
-29.937000000000726
-29.93700000000073
-19.957999999999817
0.0
0.0
0.0
0.0
0.0
0.0
0.0
0.0
0.0
0.0
0.0
0.0
-19.959999999999816
-19.959999999999816
-39.92400000000283
-69.90000000001153
-159.71500000012554
-239.52800000050664
-389.2540000003405
-598.8359999982808
-678.6599999957427
-958.1249999898712
-1137.6749999852238
-1227.5439999828295
-1027.8979999875712
-698.5629999955275
-329.32400000027116
-179.63600000021054
-69.8570000000116
-19.957999999999817
0.0
0.0
0.0
0.0
0.0
0.0
0.0
0.0
0.0
0.0
-59.87600000002721
-69.85799999999756
-119.76000000000413
-229.59700000044734
-439.15300000048853
-718.6309999952945
-1028.0219999874341
-1327.497999980406
-1916.3789999665635
-2655.1559999855476
-3144.050000003322
-3104.0890000146615
-2874.59900000745
-2345.54199997671
-1527.11499997577
-908.365999990597
-439.26799999982785
-229.6110000005107
-149.76000000001127
-59.878000000027214
0.0
0.0
0.0
0.0
0.0
0.0
0.0
-19.957999999999817
-49.92700000000691
-179.68100000017031
-299.42100000052756
-568.9639999992781
-968.1799999892904
-1806.8969999696071
-2565.406999980305
-3503.751000026076
-4362.212000117118
-5250.71300032141
-6049.361000481462
-6538.081000584678
-6578.011000588994
-5979.1310004729285
-5190.685000286432
-3882.90000004752
-2685.1539999887923
-1667.080999972623
-1038.2259999876778
-618.982999997849
-379.33700000091784
-59.936000000027285
0.0
0.0
0.0
0.0
0.0
-19.957999999999817
-59.896000000027236
-69.89699999999759
-419.21200000045934
-818.5859999926124
-1676.9649999726055
-2565.4039999854763
-3763.238000045757
-4452.35700018294
-5021.643000330812
-6199.616000554588
-7337.429000793916
-7746.966000892506
-8345.682001003337
-8405.715001009634
-7996.312000911441
-7227.464000728545
-6109.325000465059
-4142.866000077957
-2625.5739999919465
-1956.7379999658604
-1177.9089999843297
-858.4299999927209
-209.67000000032508
-59.91800000002726
0.0
0.0
0.0
0.0
-19.957999999999817
-119.76999999990227
-259.5540000005719
-718.7559999950996
-1826.7159999692303
-2565.4309999923703
-3693.631000077357
-4861.553000271688
-6559.081000603796
-7547.421000814293
-9264.277001158722
-11031.231001502976
-11979.134001704175
-12019.448001737699
-11939.539001713592
-11150.805001553414
-9852.777001283594
-8096.159000911221
-6369.200000518134
-4033.3270000394746
-2465.8459999815495
-1557.2339999747849
-1107.9679999856937
-549.0019999994593
-69.88699999999757
-0.04200000000000002
0.0
0.0
0.0
-19.957999999999817
-249.55300000050718
-668.8749999968722
-1317.535999980888
-2495.4709999813667
-3493.7860000433857
-5430.515000335574
-7187.539000704811
-8934.430001065168
-11050.802001490076
-13087.26900190794
-14165.153002146453
-14763.854002284155
-15033.390002345644
-14634.139002280413
-14334.895002215664
-12657.740001873952
-10811.121001482832
-8355.55600094315
-5250.959000295295
-3124.704000015183
-1846.7889999678741
-1287.6239999817146
-688.747999996235
-139.74899999999118
-10.021000000000143
0.0
0.0
-19.95599999999982
-79.8250000000008
-409.2730000005446
-1087.9809999862578
-1886.4979999671295
-2974.495000009123
-4531.719000159325
-6598.401000570437
-8255.580000934679
-9982.453001302447
-12088.622001738097
-12827.693001915399
-13586.420002074568
-13795.832002127438
-14923.706002340423
-15402.557002438341
-14424.255002263342
-13915.120002145768
-12517.777001821478
-8754.712001051768
-5819.976000413761
-3214.840000006816
-1607.3849999736249
-908.4009999910518
-479.08700000006536
-99.8459999999487
19.983999999999803
0.0
0.0
-29.932000000000727
-159.6670000000798
-399.22500000006613
-1098.0139999855974
-2145.954999967865
-3174.192000018682
-5250.546000296958
-6598.22700061898
-9004.158001110156
-10960.664001513522
-12029.01900175128
-12977.397001928903
-13097.30200195637
-13536.052002042468
-14594.215002244002
-14444.121002232814
-14214.926002205902
-13515.824002058976
-11779.323001682093
-8175.769000936889
-4672.413000206918
-2735.6699999785865
-1108.480999987176
-119.98100000026001
-269.59500000055505
-59.87600000002721
0.0
0.0
0.0
-29.933000000000728
-99.80099999998156
-369.24900000018624
-1037.9819999870192
-1996.4559999641947
-3124.4620000227687
-4931.059000254245
-7227.32500073992
-9942.469001297812
-11130.34200155947
-11839.681001700344
-11520.209001609956
-12218.505001723912
-11819.337001665544
-12697.920001856946
-12687.497001883487
-13426.33300204053
-13156.883001973838
-11050.556001524837
-7587.165000808086
-4173.0870000841205
-2076.9199999646526
-549.5130000004524
-30.293000000014032
-189.78200000019723
9.981000000000094
0.0
0.0
0.0
-19.95399999999982
-89.8139999999824
-309.38900000041434
-1117.942999985907
-1687.0889999714345
-3004.753000020445
-5300.7030003274085
-7896.229000866903
-10341.48400138152
-10900.988001511696
-10531.886001417284
-10382.696001337124
-9953.069001274474
-10282.362001383062
-11290.682001603775
-13356.672002000412
-14205.066002170206
-13386.221002000178
-9972.699001331413
-7427.284000767051
-4083.2840000632796
-1777.3359999703976
-519.4830000004763
-339.7080000008939
-80.01799999999491
-19.968999999999813
0.0
0.0
0.0
0.0
-79.83999999999533
-309.42600000063766
-888.4049999913401
-1717.1139999707282
-3424.087000026521
-5859.599000439596
-8205.531000947289
-10351.769001407756
-11070.893001545182
-9723.551001263151
-9104.918001112464
-9923.041001283156
-11170.998001560447
-12398.731001828597
-15212.967002364805
-14993.829002336282
-13226.740001988686
-10571.37700144454
-7317.048000754051
-4332.612000094127
-1857.1309999679017
-948.7579999902973
-279.673000000475
-159.86300000003524
-0.014
0.0
0.0
0.0
0.0
-0.004
-259.5680000005517
-748.6369999940013
-1607.4939999733647
-3663.7230000381774
-6208.945000522964
-8924.38000110384
-11270.256001587002
-11789.206001685878
-10731.743001460456
-10282.461001344776
-12887.427001868988
-12338.430001837422
-15332.727002420032
-16879.750002727265
-15293.056002441856
-13805.487002130225
-11309.848001587041
-7965.9970008629
-4901.526000194126
-2316.340999972576
-1078.4339999861463
-489.3719999994336
-179.7610000001707
-0.014
0.0
0.0
0.0
0.0
0.0
-169.7560000001467
-718.7139999949085
-1946.8029999659805
-3983.1170000574843
-6648.376000616045
-9573.396001231378
-11429.745001629404
-11988.863001740003
-11879.591001694673
-13216.705001937946
-14993.116002320867
-15093.130002397062
-17448.245002861837
-17738.175002918524
-15781.850002561447
-14983.095002358983
-11778.629001674175
-7836.39700085255
-4981.353000239833
-2825.182999988417
-1427.7769999782731
-639.1829999971972
-119.80000000000413
0.0
0.0
0.0
0.0
0.0
0.0
-199.65300000029802
-698.8439999957186
-2266.4049999698345
-4342.5530001095685
-6728.170000631536
-9273.770001174773
-10271.86500142615
-11110.386001584633
-12308.484001782424
-14074.57300212621
-15022.821002356728
-16939.144002744586
-17967.140002955955
-16640.468002716163
-15841.968002572119
-14543.890002273123
-12078.277001728184
-8335.308000949293
-5390.740000320062
-3244.6160000097148
-1747.2399999708878
-738.9189999948562
-159.7870000001259
-89.86499999998232
0.0
0.0
0.0
0.0
-39.938000000002845
-329.4520000006883
-898.4919999910414
-2465.9369999751334
-4542.3890001379705
-6399.001000557197
-8295.754000979581
-9243.870001203524
-10601.630001448819
-11489.800001614196
-12747.069001877362
-14513.766002252
-15901.274002549808
-16729.468002711903
-15732.023002524484
-15602.116002483259
-13705.275002096156
-11469.526001618384
-8355.018000966058
-5410.551000342203
-3204.560000017017
-1847.0159999684665
-738.9749999941076
-219.64300000038685
-49.923000000006915
0.0
0.0
0.0
0.0
-59.89800000002724
-379.2770000005871
-1008.3159999882694
-2545.7989999823785
-4163.08000007915
-5690.410000412414
-7027.982000703262
-7327.722000797857
-9064.363001095879
-9763.118001250694
-11449.660001607483
-13935.191002130476
-14883.081002338884
-15262.42900241779
-14943.821002350362
-14145.031002175629
-13366.075001995672
-10750.87200147337
-8275.505000946077
-5789.799000407573
-3314.297000020094
-1797.1029999691777
-868.6689999908197
-289.46000000051237
-49.895000000006895
0.0
0.0
0.0
0.0
-69.86000000001158
-349.3380000003513
-1277.7449999818812
-2405.9349999862884
-4312.836000107686
-5440.915000341633
-6219.771000507951
-6788.8980006261445
-7467.845000780533
-8365.968000993804
-11409.756001596814
-13366.194002018996
-14773.31000230982
-14673.678002289753
-15262.914002384288
-12967.275001937944
-11629.150001661554
-10122.087001332846
-6977.771000697667
-4592.074000209505
-3084.837000017157
-1906.8499999669598
-808.6729999929092
-229.6210000004791
-49.8980000000069
0.0
0.0
0.0
0.0
-129.76599999997552
-409.2279999995712
-1497.3369999760205
-2814.9770000078356
-4462.493000163023
-5021.660000297985
-5970.326000452245
-6828.903000636038
-7298.071000788333
-9643.659001266577
-11928.866001739612
-13845.296002135015
-15083.057002382724
-14903.56100233968
-14793.599002295085
-12607.737001858439
-10980.672001521409
-8844.371001069698
-6069.559000507662
-4332.729000119521
-2375.9449999837916
-1577.417999975123
-848.5629999925382
-199.69100000029823
-39.93600000000284
0.0
0.0
0.0
0.0
-119.78200000000413
-638.7859999972065
-1417.4569999774822
-2725.2090000048697
-4332.567000149085
-5121.357000336007
-6918.5170006409335
-7647.338000816542
-9733.591001257935
-11380.51600162959
-13396.319002045508
-15352.537002431542
-15511.981002470015
-14734.061002316086
-13775.725002101071
-11659.51900166367
-9113.864001144748
-6918.0990006938055
-5350.843000330095
-3374.4210000264434
-1896.6959999667174
-1078.221999986151
-618.8659999976288
-229.65000000041593
-10.003999999999895
0.0
0.0
0.0
0.0
-99.80699999998154
-409.21400000034987
-1407.4139999790232
-2365.7659999796615
-4032.926000076858
-5201.383000345562
-6229.506000561881
-8086.420000940608
-10691.497001466674
-12677.637001879837
-14573.831002269011
-15042.841002372701
-14454.223002264189
-13246.351002018639
-12378.133001799597
-10102.475001314717
-7157.814000733322
-5610.532000385508
-3913.4770000511407
-2505.8829999812874
-1177.9509999837433
-738.7499999950472
-359.35800000041587
-109.82999999998951
-59.90500000002725
0.0
0.0
0.0
0.0
-69.85800000001159
-259.5200000005517
-788.581999993864
-1746.7489999708205
-3094.647999994313
-4602.285000178331
-6039.706000498728
-8355.990000967357
-9463.88300123605
-10851.327001517308
-12368.363001812204
-12787.526001892862
-11609.661001678454
-10631.699001461684
-9214.244001139117
-7078.09400069208
-5011.975000262586
-3793.909000043181
-2296.2519999763217
-1597.474999974407
-848.5569999925383
-379.3910000005871
-179.64400000021058
-49.95100000000693
-39.93400000000284
0.0
0.0
0.0
0.0
-39.92000000000282
-159.72000000003453
-489.1370000007129
-758.8099999942432
-1767.0459999708282
-3374.228999989823
-5241.14300026648
-7287.534000707937
-8215.779000931861
-8515.263001024345
-9493.617001193641
-9623.021001221898
-8605.067001032498
-7756.76500083221
-6579.051000558574
-4842.056000185302
-3364.592000013229
-2136.6749999680046
-1677.1419999722723
-828.7229999923119
-409.3050000005445
-159.72400000012559
-59.870000000027204
-19.961999999999815
-19.961999999999815
0.0
0.0
0.0
0.0
0.0
-39.964000000002876
-209.71700000032527
-249.76000000062464
-758.9329999944223
-1717.2409999716895
-2376.1179999826645
-3354.1990000519227
-4382.334000176982
-5081.307000302462
-5500.371000352106
-4871.473000253563
-4971.3420002371595
-4292.679000091461
-3174.5390000218326
-2365.942999980775
-1846.8719999677228
-1257.8099999814474
-878.5159999902221
-479.1939999990685
-349.40400000048214
-179.6790000001703
-39.914000000002815
0.0
0.0
0.0
0.0
0.0
0.0
0.0
-19.963999999999814
-49.92000000000691
-109.8950000000323
-489.25100000071285
-1187.936999984397
-1786.8069999693703
-2455.608999987135
-2974.6780000255458
-3164.2080000301207
-3144.1800000156345
-3044.3680000059267
-2874.7210000036844
-2465.3179999865147
-1986.2479999643892
-1547.1349999754107
-1087.9579999865116
-579.0679999977474
-459.26899999981725
-309.46800000033954
-239.58700000044624
-69.8520000000116
-39.92600000000283
0.0
0.0
0.0
0.0
0.0
0.0
0.0
-19.96999999999981
-29.953000000000728
-29.95400000000073
-199.63800000026154
-608.8199999979541
-858.2759999909565
-1257.4779999823331
-1327.3849999800968
-1317.3869999805775
-1257.5859999823306
-1157.702999984541
-1277.4509999817801
-1287.5089999817171
-918.186999990008
-658.677999996363
-449.1180000003914
-189.66200000034996
-189.68600000027345
-119.78600000005507
-89.868000000003
-39.91200000000281
0.0
0.0
0.0
0.0
0.0
0.0
