-141.0600000000167
0.0
0.0
0.0
-0.26999999999999996
5.809999999999763
-81.83000000000229
-11.979999999999789
119.0899999999943
24.41000000000018
10.039999999999909
15.850000000000342
234.4099999999837
150.08000000001655
74.42000000000594
222.03999999994255
277.83000000000624
-6.509999999999906
-14.470000000000425
140.80000000000038
-127.7099999999713
-102.86999999998164
-211.79999999999094
-209.93000000001294
63.97000000000339
-3.4999999999999694
-107.40999999998888
-311.65000000005205
306.97999999997165
86.66000000000346
-210.34999999998738
34.0700000000003
-19.87000000000072
-6.7799999999999
-237.6100000000001
99.83999999999989
166.33000000000743
-11.98999999999916
69.62000000001099
118.41000000000885
12.050000000000122
-10.4399999999999
99.36000000000087
-102.34999999998807
-174.44999999999564
-51.20999999999811
-121.72000000000664
-98.31999999999947
-8.239999999999869
-0.08
