-63.159999999996
0.0
0.0
0.0
0.0
0.0
0.0
0.0
0.0
0.0
0.0
0.0
0.0
0.0
0.0
0.0
0.0
0.0
0.0
0.0
-0.08
8.259999999999868
6.699999999999949
10.569999999999894
0.7400000000000002
-17.13999999999973
-9.229999999999892
-1.8200000000000014
-0.02
-10.829999999999846
0.0
0.0
0.0
0.02
-2.1300000000000003
6.37000000000005
18.55999999999958
-2.009999999999624
40.410000000002064
48.28999999999449
63.279999999995674
23.669999999999146
18.300000000000157
-5.76000000000002
-11.659999999999934
-1.1500000000000004
0.0
-0.02
-11.94999999999979
-32.199999999999314
-2.3500000000001684
-4.800000000000207
48.83999999999539
-39.91999999999813
-12.279999999999834
-21.119999999998804
18.75999999999932
40.980000000002995
16.86999999999987
16.77999999999976
0.19000000000000009
0.0
-4.609999999999946
-9.830000000000119
-6.039999999999722
10.400000000000233
4.4100000000003385
-11.779999999999411
-39.380000000000926
-43.97999999999953
-4.209999999999826
12.180000000000064
47.37999999999778
17.330000000000002
-16.209999999999884
-8.079999999999872
0.0
-0.01
0.14000000000000262
12.770000000000213
-2.630000000000218
-12.819999999999565
45.73000000000266
-7.500000000000155
-4.959999999999468
-5.259999999999681
-7.2000000000001885
19.71000000000067
18.740000000000204
-4.829999999999969
2.399999999999999
0.0
-0.11999999999999998
10.329999999999874
-10.239999999999505
4.059999999999875
-33.760000000000446
35.60999999999967
32.75
1.5700000000001162
-43.17999999999721
-47.21999999999928
-40.37000000000133
7.920000000000634
29.39000000000064
0.0
0.0
-2.2699999999999956
-11.399999999999986
-31.879999999999956
-4.93999999999992
-30.770000000000543
69.23000000000242
77.45000000000087
5.860000000000132
-20.45000000000216
-38.95000000000199
-3.6300000000001003
-16.169999999999725
-8.319999999999947
0.0
0.0
-0.13999999999999999
5.8400000000002
-27.069999999999762
-29.260000000000602
6.670000000000036
39.23999999999942
-2.7700000000000236
-11.10999999999989
-20.74999999999814
-36.41999999999835
16.21999999999983
-9.080000000000075
-8.229999999999956
-1.6700000000000013
0.0
-0.22000000000000008
-0.8500000000000079
60.93000000000029
11.929999999999902
-13.409999999999997
9.570000000000777
-22.06000000000006
-43.65000000000751
13.830000000000174
2.749999999999837
-2.9699999999999456
12.6299999999999
-2.8500000000000334
-1.6700000000000013
0.0
-2.8799999999999826
24.200000000000635
74.56000000000104
25.779999999997997
-17.09999999999967
14.259999999999277
-4.259999999999937
16.579999999999664
21.45000000000008
7.900000000000574
12.409999999999844
29.960000000000036
7.899999999999876
0.0
0.0
-2.149999999999998
11.669999999999748
-0.5399999999999945
-35.619999999999216
-34.04999999999986
5.03999999999988
48.68999999999939
3.390000000000093
1.3299999999999037
-0.3300000000000014
31.5599999999983
5.459999999999924
0.0
0.0
0.0
-7.849999999999877
0.0
-5.019999999999937
-23.67999999999993
-7.35999999999994
-17.889999999999908
-9.659999999999943
-6.180000000000008
-1.9100000000000008
-0.8800000000000004
-1.3700000000000006
-0.6300000000000003
0.0
0.0
0.0
