-0.10300000000000008
0.0
0.0
0.0
0.0
0.0
0.0
0.0
0.0
0.0
0.0
0.0
0.0
0.0
0.0
0.0
0.0
0.0
0.0
0.0
0.0
0.0
0.0
0.0
0.0
0.0
0.0
0.0
0.0
0.0
0.0
0.0
0.0
0.0
0.0
0.0
0.0
0.0
0.0
0.0
0.0
0.0
0.0
0.0
0.0
0.0
0.0
0.0
0.0
0.0
0.0
0.0
0.0
0.0
0.0
0.0
0.0
0.0
0.0
0.0
0.0
0.0
0.0
0.0
0.0
0.0
0.0
0.0
-0.002
-0.001
-0.004
-0.002
-0.001
0.0
0.0
0.0
0.0
-0.002
-0.001
0.0
0.0
0.0
0.0
0.0
0.0
0.0
0.0
0.0
0.0
0.0
0.0
0.0
0.0
0.0
0.0
0.0
0.0
-0.002
0.007000000000000001
-0.002
-0.003
0.004
0.003
0.008
0.015000000000000001
-0.016
-0.012
-0.006
0.0
-0.001
-0.002
0.0
0.0
0.0
0.0
0.0
0.0
0.0
0.0
0.0
0.0
-0.006
0.002
0.0
0.0
0.0
-0.008
-0.018000000000000002
-0.014999999999999998
0.001
-0.005
-0.013000000000000003
0.001
-0.0029999999999999975
0.027000000000000017
0.011999999999999999
0.0010000000000000026
0.005
-0.002
0.009000000000000001
-0.006
-0.016
-0.012
0.0
0.0
0.0
0.0
0.0
0.0
0.0
0.0
-0.002
-0.01
0.006
0.008
-0.021000000000000005
-0.014
-0.014000000000000007
0.012000000000000005
0.007999999999999997
0.03500000000000001
0.025
0.034000000000000016
0.03100000000000002
0.0
0.0019999999999999896
0.011000000000000003
-0.00999999999999999
0.03700000000000002
-0.023000000000000007
0.006
-0.004
0.002
0.0
0.0
0.0
0.0
0.0
-0.002
-0.004
-0.003
-0.017
-0.011000000000000003
-0.016
-9.999999999999992E-4
-0.006000000000000005
0.007999999999999997
0.033000000000000015
0.016000000000000007
-0.006
0.009000000000000001
0.0029999999999999966
0.010000000000000018
0.008999999999999994
0.017
0.007000000000000004
-0.008000000000000002
0.004000000000000002
0.014
0.008000000000000004
-0.005
0.005
-0.002
0.0
0.0
0.0
0.0
-0.004
-0.005
-0.009999999999999998
-0.020000000000000004
0.022000000000000006
0.029000000000000012
0.005000000000000004
0.006
0.014999999999999994
-0.018000000000000023
0.006999999999999993
0.029000000000000012
0.010999999999999994
-0.011000000000000027
-0.015000000000000006
0.023000000000000007
-0.009000000000000001
0.024000000000000007
0.029000000000000026
0.02500000000000001
0.0010000000000000018
0.006
-0.007
0.003
-0.002
0.0
0.0
0.0
0.0
-0.004
-0.013
-0.021000000000000005
0.021000000000000005
0.006000000000000004
0.008999999999999994
0.011999999999999992
0.00699999999999999
-0.0020000000000000183
0.02700000000000001
-0.04900000000000004
-0.024000000000000007
-0.02400000000000002
0.005000000000000014
0.025
0.003999999999999998
-0.009999999999999995
-0.002999999999999993
0.014000000000000014
-0.011000000000000005
0.01
0.03500000000000002
-0.006
0.002
0.008
0.0
0.0
-0.004
0.0
-0.006
-0.004
-0.007000000000000001
0.015000000000000003
0.018000000000000002
0.00900000000000001
0.004999999999999997
0.01000000000000001
-0.004999999999999994
-9.999999999999966E-4
-0.02800000000000001
0.0
-0.012999999999999987
-0.01699999999999998
-0.010999999999999992
0.010999999999999979
0.02600000000000001
0.032000000000000015
-0.01
0.014999999999999994
0.01800000000000001
0.024000000000000007
-0.012
0.004
0.0
0.0
0.0
0.0
0.0
0.0
0.005
0.013
0.009999999999999995
0.03700000000000002
-0.02800000000000001
0.01699999999999998
0.033
0.005999999999999969
-0.0019999999999999966
-0.002
-0.0020000000000000018
-0.0010000000000000052
-0.013000000000000015
2.6020852139652106E-18
0.013999999999999988
0.002
0.013000000000000008
0.05100000000000003
0.02600000000000001
0.024000000000000007
0.029000000000000012
-0.03900000000000002
-0.005
0.0
0.0
0.0
0.0
0.0
0.0
-0.007
0.016
-0.019000000000000003
0.019999999999999997
-0.002000000000000001
0.005
0.009999999999999981
0.010999999999999994
0.035000000000000024
0.0010000000000000174
0.001000000000000007
0.004999999999999983
-0.03800000000000002
0.02000000000000001
-0.020999999999999998
0.01699999999999998
0.037000000000000005
0.00899999999999999
0.034000000000000016
0.019000000000000003
-0.008
-0.015
-0.01
0.0
0.0
0.0
0.0
0.0
0.0
0.001
-0.003
0.010000000000000002
9.999999999999966E-4
0.031000000000000007
0.006999999999999997
-0.003999999999999993
0.030000000000000013
0.030000000000000006
0.022
-0.001
0.045000000000000026
-0.007
-0.013000000000000001
-0.013000000000000001
0.0060000000000000045
0.028000000000000004
0.01800000000000001
0.04700000000000003
-0.010000000000000002
0.02500000000000001
-0.006
0.0
0.0
0.0
0.0
0.0
0.0
-0.004
0.004
-0.029000000000000012
-0.013000000000000001
0.010999999999999994
-0.03300000000000001
-0.025
-0.01200000000000001
0.017000000000000015
0.012000000000000005
0.014999999999999979
0.02800000000000001
0.007000000000000004
0.04000000000000002
-0.005999999999999998
-0.04100000000000002
-0.012999999999999994
-0.006
-0.009999999999999998
0.030000000000000006
0.002
0.01
0.012
0.0
0.0
0.0
0.0
0.0
0.0
-0.004
-0.008
-0.001
-0.004000000000000001
-0.014000000000000009
0.005
-0.0040000000000000036
-0.010000000000000005
0.014
-0.008000000000000009
0.017999999999999988
0.0
-0.011000000000000003
0.04900000000000004
0.020000000000000004
-0.026000000000000016
-0.0020000000000000035
-0.032000000000000015
-0.031000000000000014
-0.033000000000000015
-0.009000000000000001
-0.006
0.014
0.0
0.0
0.0
0.0
0.0
0.0
0.0
-0.008
-0.029000000000000012
-0.016
-0.043000000000000024
-0.04600000000000003
-0.005
0.006000000000000002
0.029999999999999992
0.0060000000000000175
0.01499999999999998
-0.04100000000000002
0.012999999999999984
-0.005999999999999993
-0.017999999999999988
-0.004000000000000009
-0.033000000000000015
0.009000000000000001
-0.003
-0.03400000000000002
-0.001
-0.005
-0.01
-0.01
0.0
0.0
0.0
0.0
0.0
-0.002
0.006
-0.017
-0.030000000000000013
-0.006999999999999997
-0.0020000000000000018
0.011000000000000003
0.010000000000000002
0.017
0.018000000000000002
-0.010000000000000002
0.0019999999999999966
-0.009999999999999988
-0.020999999999999998
-0.016000000000000007
0.020000000000000004
-0.019999999999999997
-0.009999999999999998
0.013000000000000001
0.008
-0.010000000000000005
-0.003
-0.011000000000000001
-0.003
0.0
0.0
0.0
0.0
0.0
-0.002
0.006
-0.007000000000000002
-0.01900000000000001
0.002
0.006999999999999999
0.015000000000000001
0.016000000000000014
0.006000000000000035
0.010999999999999996
-0.015
-0.006000000000000001
0.015999999999999993
0.007999999999999997
-0.009999999999999986
-0.026000000000000016
-0.003999999999999997
-0.019000000000000003
-0.02500000000000001
0.014999999999999993
0.013000000000000001
-0.016
-0.010000000000000002
-0.003
0.0
0.0
0.0
0.0
0.0
-0.002
0.005
-0.008
-0.007000000000000001
-0.002
-0.005999999999999993
-0.0029999999999999966
0.01100000000000002
0.026999999999999996
0.019999999999999976
0.02799999999999999
-0.0050000000000000105
-0.018999999999999996
-0.022000000000000006
-0.002999999999999969
-0.005
-0.039000000000000035
0.020999999999999998
0.03800000000000002
0.001
0.012
-0.008000000000000004
-0.014
-0.006
-0.002
0.0
0.0
0.0
0.0
-0.007
-0.029000000000000012
-0.011000000000000001
-0.02200000000000002
0.011999999999999976
0.020999999999999998
0.026000000000000016
0.007000000000000002
-0.021999999999999992
-0.02500000000000001
0.001999999999999993
-0.02100000000000001
-0.018000000000000002
-0.024000000000000014
0.005
-0.008999999999999994
-0.024000000000000014
-0.015000000000000003
-0.004
0.012999999999999998
-0.011
-0.006000000000000001
-0.014
0.0
-0.002
0.0
0.0
0.0
0.0
-0.007
-0.012
-0.015000000000000001
0.007999999999999997
0.016999999999999994
-0.010999999999999992
0.04200000000000002
-0.006999999999999998
-0.016999999999999994
-0.004000000000000001
-0.01600000000000002
-0.006999999999999983
-0.017000000000000008
0.0020000000000000035
0.009000000000000008
-0.0029999999999999966
0.009000000000000015
-0.003
-0.004
0.029000000000000012
0.009000000000000001
-0.004
0.0
0.0
0.0
0.0
0.0
0.0
0.0
-0.006
-0.017
0.004
-0.005
9.999999999999966E-4
-0.018000000000000002
-0.017
0.006999999999999983
-0.033000000000000015
-0.00899999999999999
0.003999999999999997
-0.016000000000000007
-0.001
0.006999999999999997
0.01900000000000001
-0.002999999999999993
-0.01199999999999999
-0.011999999999999995
-0.013999999999999999
0.002
0.022
-0.001
0.0
0.0
0.0
0.0
0.0
0.0
0.0
-0.002
-0.018000000000000002
0.003999999999999997
-0.04100000000000003
0.017999999999999995
1.0408340855860843E-17
-0.003
0.0010000000000000035
0.011000000000000015
0.025
0.013999999999999993
0.01999999999999999
0.025
0.016999999999999994
0.03300000000000001
0.019000000000000017
0.018999999999999996
0.007000000000000001
-0.020000000000000004
0.023000000000000007
0.006
0.008
0.0
0.0
0.0
0.0
0.0
0.0
0.0
-0.006
-0.021000000000000005
-0.004
-0.0010000000000000018
-0.006000000000000004
-0.040000000000000015
-0.059000000000000045
0.008999999999999998
0.013999999999999995
-0.021999999999999978
0.05300000000000003
0.026999999999999996
0.014
-0.01900000000000001
0.015000000000000008
0.0019999999999999974
-0.011999999999999997
-0.024000000000000007
-0.001
0.02600000000000001
0.01
-0.006
0.0
0.0
0.0
0.0
0.0
0.0
0.0
-0.008
-0.008
-0.001
-0.023000000000000007
-0.018000000000000002
-0.030000000000000013
0.017
-0.008
0.023
0.020000000000000004
-0.005
-0.003
-0.012000000000000004
-0.003999999999999997
0.02800000000000001
0.004000000000000002
0.015000000000000001
0.011000000000000001
0.020000000000000004
-0.005
-0.008
0.0
0.0
0.0
0.0
0.0
0.0
0.0
0.0
0.0
0.0
0.0
-0.005
-0.0010000000000000009
-0.005000000000000001
-0.008000000000000004
-0.012999999999999998
-0.021000000000000005
-0.023000000000000007
-0.02700000000000001
9.99999999999993E-4
0.004
0.0
-0.002
0.003
0.001
-0.001
-0.002
0.0
0.0
-0.004
0.0
0.0
0.0
0.0
0.0
0.0
0.0
0.0
0.0
0.0
-0.002
-0.001
-0.002
-0.002
-0.001
-0.002
-0.006
-0.006
-0.006
0.0
0.0
0.0
0.0
0.0
0.0
0.002
0.002
0.002
0.0
0.0
0.0
0.0
0.0
0.0
