-158.58000000000075
0.0
0.0
-0.04
0.41000000000000036
-22.059999999999636
-65.17999999999988
-25.450000000000085
110.08000000000058
26.250000000000288
1.950000000000003
232.7499999999992
372.87000000001626
64.86000000003122
146.14999999999455
337.4600000000362
437.0400000000257
-0.04
-48.199999999999754
70.76000000000523
-108.10999999995991
-216.8099999999467
-236.04000000000545
-286.9700000000858
63.33000000000204
0.0
-163.90000000000603
-403.7200000001043
444.70000000000164
140.1399999999987
-469.2799999999884
-49.29000000000776
-35.48000000000245
-0.18
-67.29999999999822
143.48000000000528
364.7499999999113
-107.70000000001293
171.36999999999972
166.15000000002078
36.60000000000167
-6.6099999999999035
288.2800000000049
-242.91000000001048
-231.39000000003205
95.85000000000637
-28.940000000006425
32.749999999997414
0.030000000000000006
-2.7799999999999847
