-64.03999999999586
0.0
0.0
0.0
0.0
0.0
0.0
0.0
0.0
0.0
0.0
0.0
0.0
0.0
0.0
0.0
0.0
0.0
0.0
0.0
0.0
4.709999999999944
5.039999999999978
-9.809999999999876
1.4600000000000681
-9.03999999999989
-15.979999999999748
-9.199999999999893
0.0
-1.6900000000000013
0.0
0.0
0.0
-0.03
6.2799999999999585
-8.629999999999946
7.819999999999871
-16.1999999999998
91.02000000000336
76.08999999999888
53.04999999999557
-25.490000000000517
3.6599999999998665
75.140000000001
39.09000000000038
17.689999999999827
0.0
-0.01
-10.299999999999825
-47.97999999999844
53.580000000004596
-8.679999999999954
49.75999999999883
-33.43999999999795
-35.090000000000316
-17.009999999999838
37.849999999999724
57.04000000000239
56.51999999999703
47.44999999999708
24.290000000000312
0.0
-0.5900000000000003
-5.599999999999934
15.72999999999982
81.53000000000125
21.46000000000191
-12.009999999999485
-86.88000000000146
-57.42999999999861
9.000000000000322
3.3600000000002654
46.63999999999623
40.99000000000274
-17.59000000000008
-7.349999999999888
0.0
-0.01
14.379999999999907
23.070000000000256
-11.310000000000038
-4.38000000000029
34.60000000000275
17.720000000000592
7.16999999999985
-32.97999999999979
-7.739999999999941
20.48999999999993
17.109999999999882
0.02999999999982338
4.13999999999999
0.0
0.0
16.23999999999988
-11.919999999999918
-20.289999999998916
-35.45999999999888
48.75000000000235
23.93999999999945
-4.239999999999312
-46.08999999999647
-91.95000000000803
-82.9900000000023
22.310000000000816
28.89000000000121
-0.03
0.0
-1.300000000000001
-6.560000000000047
-41.36000000000004
-19.710000000000708
17.98999999999973
95.97000000000772
77.83000000000166
-17.369999999999166
-59.2400000000043
-68.79000000000238
-42.63000000000125
-8.089999999999682
-6.0199999999999205
-0.03
0.0
-0.08
13.729999999999908
-37.13999999999971
6.91999999999998
-0.3599999999998599
52.4799999999959
16.569999999999926
-43.77999999999789
-17.73999999999586
-72.78000000000111
-41.02999999999934
-31.540000000001267
-4.249999999999992
-0.24000000000000007
0.0
-0.19000000000000003
9.129999999999976
67.50999999999968
74.3600000000022
13.119999999999788
54.709999999995766
-19.829999999999757
-56.000000000002956
-20.17999999999801
-43.20999999999686
2.380000000000004
-8.349999999999929
-3.899999999999961
-0.21000000000000005
0.0
-3.8699999999999632
41.850000000001366
89.89000000000094
10.399999999999423
-14.550000000000024
2.649999999999485
14.869999999999449
43.13000000000094
44.699999999997274
22.33000000000131
14.04999999999972
-2.2200000000000326
1.8700000000000014
0.0
0.0
-3.229999999999975
5.6399999999996995
7.77999999999978
-39.7299999999995
-31.039999999997942
34.309999999999995
63.380000000003605
16.85999999999983
2.9499999999999034
8.939999999999634
-3.789999999999937
4.389999999999997
0.0
0.0
0.0
-4.789999999999942
-0.7000000000000005
-11.699999999999829
-30.360000000000205
-13.949999999999772
-39.91999999999971
-38.1099999999997
-17.869999999999912
-9.209999999999908
-7.429999999999946
-2.5200000000000014
-0.12999999999999998
0.0
0.0
0.0
