-24973.8900046291
0.0
0.0
0.0
0.0
0.0
0.0
0.0
0.0
0.0
0.0
0.0
0.0
0.0
0.0
0.0
0.0
0.0
0.0
0.0
0.0
0.0
0.0
0.0
0.0
0.0
0.0
0.0
0.0
0.0
0.0
0.0
0.0
0.0
0.0
0.0
0.0
-19.97399999999981
-29.965000000000728
-19.97600000000143
-79.92599999999513
-29.98700000000073
-59.92200000002727
-19.97400000000143
-79.91399999999516
-79.90700000000076
-59.94200000000186
-39.94900000000023
-39.95000000000286
-19.975999999999807
-9.987999999999904
0.0
0.0
0.0
0.0
0.0
0.0
0.0
0.0
0.0
0.0
0.0
0.0
0.0
0.0
-19.975999999999807
-79.90399999999518
-69.9159999999976
-119.88000000000415
-229.7720000005115
-319.623000000437
-409.5330000005445
-709.1749999961778
-868.973999991607
-1188.56099998415
-1318.3519999802404
-1528.1369999756555
-1248.4599999821453
-878.9339999908406
-519.3629999996816
-229.72300000047957
-109.87499999994672
-29.962000000000728
-19.975999999999807
0.0
0.0
0.0
0.0
0.0
0.0
0.0
0.0
0.0
-39.95600000000287
-99.89599999998147
-189.7830000002356
-329.6450000003743
-599.2949999980395
-928.9049999900001
-1608.2069999742064
-2107.621999965654
-2846.8369999924844
-3775.7800000286807
-4544.9270001384875
-4464.861000142977
-4345.103000110084
-3386.1020000311114
-2557.1419999831205
-1528.3559999760116
-719.2559999947036
-399.58600000062233
-139.8499999999917
-99.88199999994862
0.0
0.0
0.0
0.0
0.0
0.0
0.0
0.0
-79.94199999999509
-239.76400000044708
-479.4640000013118
-729.1769999955395
-1368.415999980204
-2427.4319999750383
-3775.891000020517
-4864.9440002252795
-6403.301000533739
-7991.420000872277
-9100.354001108204
-9289.950001154664
-9170.241001131626
-9050.28900108629
-7382.157000743498
-5444.226000347359
-3816.001000029083
-2187.761999968335
-1218.8009999833032
-719.2689999956634
-329.6510000005839
-79.9379999999951
0.0
0.0
0.0
0.0
0.0
-19.975999999999807
-49.96500000000693
-169.84800000014715
-709.2319999959819
-998.8939999882678
-2107.690999965719
-3496.305000015891
-4854.819000220699
-6213.726000531312
-7522.584000819145
-9480.729001206857
-10589.363001457094
-11229.050001601983
-11868.2280017228
-12087.92900175366
-11088.93000154743
-9710.231001259905
-8581.354000979753
-5884.065000415985
-3646.277000024292
-2457.4879999802383
-1598.2829999744743
-1088.7669999871266
-319.68200000061756
-59.960000000027314
0.0
0.0
0.0
0.0
-19.97399999999981
-99.90399999994857
-409.58100000054446
-1008.9889999881167
-2307.5499999707617
-3456.3640000371342
-5294.45500032385
-6783.146000644803
-9190.96500113645
-10799.513001472344
-12977.02900191874
-15274.860002375914
-17142.491002751864
-16833.063002720664
-17362.43700281079
-15764.214002490618
-13276.774001989957
-11089.0610015177
-8301.83000090685
-5494.81000032205
-3346.5890000199047
-2347.4569999747155
-1598.1729999743905
-819.061999993444
-89.90800000000299
-0.012
0.0
-19.97399999999981
-39.95000000000286
-39.946000000002854
-299.6880000005858
-1008.9929999890746
-1768.0979999701005
-3556.22900001279
-4924.846000239362
-7462.144000754426
-10339.322001338267
-12646.944001825708
-15404.144002382576
-18820.79800306777
-19739.6670032823
-20508.66300345529
-20698.478003505246
-20568.580003486986
-20219.079003401122
-17531.91700285367
-14445.28400222019
-10848.937001460843
-6963.109000658379
-4365.563000107304
-2577.494999988943
-1708.1299999713706
-1128.7579999859702
-219.7790000003875
-10.021000000000146
0.0
-19.97399999999981
-29.959000000000728
-109.8559999999895
-609.344999998395
-1478.312999976998
-2667.013999988351
-4285.301000091337
-6393.091000536906
-9330.321001125774
-11548.077001611351
-14854.570002283699
-17441.946002819288
-17731.85400291438
-18800.706003135012
-19290.09000324119
-20838.24900354201
-20598.295003510302
-20388.75500346303
-19130.02900319899
-16592.685002655377
-11877.922001694107
-8062.109000884706
-4196.005000092442
-2517.5409999812337
-1278.7609999819651
-769.1299999933922
-249.77000000044995
-19.9859999999998
0.0
-19.97399999999981
-69.90400000001152
-239.72100000044688
-679.2039999959331
-1608.1499999739501
-3136.4400000055457
-4584.984000173501
-6952.51800066765
-9699.673001240477
-12596.901001845645
-15333.979002403392
-16912.815002732135
-17562.20600286654
-18031.703002957587
-18610.560003074166
-20058.965003360958
-19858.951003342445
-20049.029003387594
-18410.60100305601
-15863.552002518281
-11278.759001576545
-6793.420000640557
-3736.6140000262762
-2068.144999964819
-619.5669999971662
-549.4579999999512
-149.86400000001177
-19.981999999999804
0.0
0.0
-39.94400000000023
-179.78600000021126
-569.3059999978151
-1398.3449999784864
-2737.0839999972018
-4694.9340001893015
-6802.755000645573
-10548.975001411458
-13805.596002087601
-15314.068002403783
-15764.055002494653
-15654.350002452344
-15933.586002489952
-16473.096002612387
-17162.582002781386
-18440.80900304765
-19050.255003179813
-17572.008002879636
-15004.387002329273
-10439.546001383598
-5914.42500045171
-3336.898999984607
-849.7259999929986
-180.15300000025346
-209.8920000003261
-10.012999999999888
0.0
0.0
0.0
-39.94400000000285
-119.86200000000413
-539.3559999992777
-1478.383999977277
-2327.656999977511
-4195.545000094532
-7462.095000760561
-11208.409001542585
-14335.045002198902
-14874.7170023153
-14325.660002185288
-13427.138001970206
-13686.495002028187
-14755.229002285761
-16023.88800256436
-18740.630003098548
-19210.206003196763
-18141.11900296577
-14175.519002168612
-9970.057001292022
-5684.539000397809
-2857.3989999821756
-819.4769999932656
-429.7960000010048
-80.0219999999949
-0.013000000000000005
19.975999999999807
0.0
0.0
-19.97399999999981
-99.87799999998148
-489.431000000969
-1288.6499999822263
-2197.8199999714793
-4675.274000180055
-8201.401000913715
-11707.978001662663
-14864.658002318623
-15164.599002377434
-13237.041001974865
-12508.029001794877
-13896.103002078076
-15105.020002375823
-16972.699002762514
-20708.400003490122
-20848.504003523554
-18640.71800308663
-14584.938002256196
-10119.623001327547
-6203.692000478592
-2837.298999985615
-1259.022999982845
-459.69700000005156
-169.92900000006188
-10.03400000000016
19.975999999999807
0.0
0.0
-9.986999999999904
-39.955000000000226
-369.61300000064955
-969.0179999891282
-2148.055999968111
-4955.034000238109
-8750.949001037072
-12866.800001903983
-15563.992002466486
-15873.667002520504
-14236.074002179468
-14276.009002153023
-17082.575002729005
-17052.768002793367
-20878.17500355193
-23235.459004021697
-21607.56400372229
-19090.024003210026
-15993.143002534722
-10948.707001482979
-7092.796000639919
-3157.0279999950517
-1328.9239999803722
-609.5729999970297
-169.8940000001902
-39.99800000000292
0.0
0.0
0.0
-19.97399999999981
-29.97100000000073
-239.79900000047758
-949.1339999895608
-2607.5119999830476
-5604.3520003640915
-9250.528001150386
-13206.410001977738
-16303.042002611879
-16792.4830027118
-16423.542002620958
-17831.879002879043
-20188.628003380007
-20818.15300355001
-24513.61300428632
-24353.998004267978
-21617.360003755766
-20338.28800346254
-16542.188002647614
-11108.598001521366
-7172.734000683065
-3906.040000024551
-1998.210999965121
-879.3529999917731
-239.8100000005383
-59.976000000027334
0.0
0.0
0.0
0.0
-19.97399999999981
-179.8180000002114
-839.230999992333
-3117.0709999915894
-5964.044000444305
-9839.936001253429
-13396.046002006971
-14724.76700231887
-15893.642002550268
-16892.793002724502
-19539.19800323765
-20507.98500347482
-22965.27700397845
-24812.997004354387
-22965.63900400885
-22106.80700384682
-20228.414003425813
-16212.625002575676
-11687.88300162753
-7712.270000791561
-4455.62100012189
-2377.862999973616
-949.2039999897047
-309.72800000041315
-109.93399999994662
0.0
0.0
0.0
0.0
-39.962000000002874
-349.6280000007444
-1108.926999986418
-3556.4859999976966
-6233.760000496579
-9190.547001129386
-11718.037001679793
-13206.389002004798
-14695.100002286792
-15783.686002487371
-17361.564002818006
-19898.75600335473
-22156.327003828814
-23204.97300403727
-22096.795003822706
-21457.218003683287
-18909.596003148876
-15563.572002439305
-11078.302001518565
-7642.331000793566
-4635.4020001652725
-2687.434999981677
-1139.014999985071
-399.61700000025047
-79.94400000000074
0.0
0.0
0.0
0.0
-59.93800000002729
-389.58300000051594
-1358.6219999803752
-3836.2020000251114
-6253.7040005045765
-8091.799000912254
-10019.830001314534
-10419.687001422108
-12187.905001733214
-13276.66500196301
-15543.883002445562
-19409.508003243798
-21057.3980035953
-21417.1650036777
-21857.20600374716
-19060.008003196348
-18290.685002993458
-14594.93400223894
-10479.233001404134
-7282.590000730406
-4635.489000169244
-2537.582999987523
-1378.7569999792172
-489.47999999968914
-119.8699999999531
-19.975999999999807
0.0
0.0
0.0
-119.87799999990202
-649.2709999975135
-1778.1059999699132
-3756.067000062978
-6163.86700049959
-7862.1180008398605
-8481.792000974194
-9081.481001099688
-10440.176001376705
-11948.27600171307
-15374.19200241703
-18850.04800313645
-21077.308003595233
-21257.588003629684
-21377.654003633204
-18460.68200305891
-16222.995002585862
-13366.276001997572
-10059.603001307303
-6373.542000562162
-4365.700000122028
-2537.4979999842312
-1358.63999998007
-509.47500000076576
-139.8599999999397
-59.952000000027304
0.0
0.0
0.0
-169.82400000014704
-829.1049999923027
-2337.5179999776833
-4025.7870000977186
-6453.444000577618
-7312.7130007653195
-8122.118000901396
-8761.887001046949
-10410.173001408495
-12887.26300193771
-16502.879002675614
-20298.44800344044
-21657.144003721478
-21217.605003629284
-20388.467003439142
-17631.64200288273
-15144.363002365715
-11657.969001653699
-8711.115001042368
-5824.149000431919
-3526.5230000451625
-2137.899999966683
-1208.8079999838112
-389.579000000868
-19.97399999999981
-39.97600000000289
0.0
0.0
0.0
-119.86200000000414
-1028.8079999882207
-2197.632999972455
-4205.656000106024
-6163.74700053228
-7702.296000846231
-9091.100001106004
-10369.994001379882
-12857.378001906138
-15454.458002464364
-19060.039003196838
-22196.471003825012
-21716.787003743975
-20708.152003531235
-18880.37900314642
-16313.179002606234
-12527.01000183726
-9330.652001189696
-7752.121000811974
-4635.412000185048
-2996.9700000070043
-1748.1839999706285
-928.9729999904445
-369.61000000080446
-19.995999999999796
0.0
0.0
0.0
0.0
-99.87399999998148
-759.1179999947817
-2157.6509999669724
-3386.4780000399064
-5854.037000441088
-7402.737000791847
-8731.353001074416
-11678.546001658342
-14215.519002191679
-17551.752002871577
-19948.840003362322
-20997.538003586797
-20018.89700340079
-18840.175003146964
-17072.36400275467
-13646.295002036579
-10120.096001317685
-7252.774000735751
-5584.4330003671
-3756.19100002646
-2127.8839999662005
-1018.904999987697
-599.3659999980379
-139.85600000009572
-39.961000000002876
0.0
0.0
0.0
0.0
-79.89799999999519
-429.4980000010041
-1308.6039999817715
-2457.4579999774346
-4495.521000116615
-6443.470000555237
-8321.674000970053
-10769.357001474818
-13236.787001985887
-14845.153002325425
-17132.382002770504
-17421.89600284172
-16433.08800265095
-14894.908002326523
-12787.488001864704
-9660.542001216178
-6943.67400065223
-4955.401000236334
-3406.6970000262622
-2217.941999970237
-1198.7969999836328
-689.2399999960229
-359.6010000004155
-119.89600000000414
-19.995999999999796
0.0
0.0
0.0
0.0
-39.95000000000286
-189.76700000019719
-759.2379999951426
-1178.885999984424
-2567.537999972583
-4645.503000128557
-6513.714000551648
-9510.357001159764
-11408.459001569805
-11648.261001650706
-13426.44600198235
-13136.603001937052
-12267.550001769263
-10839.2590014603
-8501.799000972496
-6563.889000547522
-4695.627000146493
-2847.4060000010936
-2177.87499996834
-1278.8709999819625
-649.3139999968745
-299.68000000046885
-119.84599999990209
-19.977999999999806
0.0
0.0
0.0
0.0
0.0
0.0
-59.936000000027285
-279.7690000005855
-519.5969999999419
-1079.0949999866427
-2078.0499999646618
-3127.071000024438
-4855.227000235884
-6253.732000539758
-6903.0960006833675
-7931.887000867148
-7292.682000750458
-7402.441000736064
-6193.735000483434
-5035.043000252092
-3796.1720000412283
-2627.3229999844416
-1338.7189999792788
-1048.9369999863209
-619.4249999962777
-419.58000000025504
-229.76100000041646
-59.93000000002728
0.0
0.0
0.0
0.0
0.0
0.0
0.0
-19.981999999999804
-29.98100000000073
-299.77800000058596
-719.3539999952774
-1508.562999976549
-2177.783999969375
-3266.6200000315944
-3965.663000102718
-4554.871000179462
-4554.945000171431
-4355.290000125513
-4295.266000089853
-3306.3140000292674
-2826.755000006504
-2127.566999967344
-1658.082999973283
-679.2889999949148
-619.4079999969471
-419.5590000002551
-229.7710000004165
-109.87499999994672
-59.9480000000273
0.0
0.0
0.0
0.0
0.0
0.0
0.0
0.0
-39.96600000000288
-119.90299999995307
-349.6380000006132
-669.237999996451
-1028.8209999874152
-1388.3879999790536
-1817.8589999686344
-2067.535999964205
-2027.6219999638681
-1677.9719999719234
-1638.0249999733196
-1658.041999973284
-1178.5439999837292
-1018.7839999875645
-779.1239999943365
-309.6790000003384
-229.75800000047977
-119.88000000005519
-29.99900000001368
-19.97199999999981
0.0
0.0
0.0
0.0
0.0
0.0
