-169.49999999999082
0.0
0.0
0.0
3.6299999999999666
-33.26000000000101
-93.57000000000352
-21.049999999999834
91.02999999999312
7.459999999999858
-65.0800000000016
87.62999999999272
491.63000000015063
149.11999999997994
254.98999999999316
381.93000000008465
414.70000000003165
-5.129999999999935
2.4000000000004515
120.39000000001748
-154.80999999995475
-192.59999999998615
-140.7799999999993
-324.62000000008175
47.550000000006506
-3.2099999999999755
-110.8299999999903
-408.37999999999
342.43000000000416
41.66999999999691
-418.59000000000805
-352.6300000000271
-62.100000000003334
-1.490000000000001
-156.24999999999415
279.4500000000142
253.94000000005028
-73.83999999998824
142.6100000000358
144.5200000000128
39.29000000000117
-23.370000000000342
384.4700000000355
-414.41000000002185
-205.8199999999963
0.39000000000071966
-71.94000000000372
-28.820000000000753
-22.289999999999615
-10.829999999999814
