-1.3859999999999582
0.0
0.0
0.0
0.0
0.0
0.0
0.0
0.0
0.0
0.0
0.0
0.0
0.0
0.0
0.0
0.0
0.0
0.0
0.0
-0.008
0.3130000000000002
0.22200000000000017
-0.026000000000000044
0.21300000000000016
-0.3030000000000002
0.3780000000000003
-0.003
-0.003
-0.2650000000000002
0.0
0.0
0.0
-0.010000000000000002
0.33700000000000024
0.18600000000000008
-0.11700000000000002
0.21700000000000005
0.1029999999999999
0.2710000000000002
0.14900000000000016
-0.11300000000000077
0.24600000000000016
0.18700000000000014
0.07000000000000002
0.1300000000000001
0.0
0.0
-0.21800000000000017
-0.1370000000000001
-0.056000000000000036
-0.10200000000000012
0.13400000000000006
-0.06800000000000041
0.07599999999999948
0.1250000000000001
0.11200000000000015
-0.02799999999999914
0.1890000000000001
0.4260000000000004
0.17100000000000012
0.0
0.0
0.19100000000000011
0.15600000000000003
0.04999999999999957
0.17100000000000012
-0.0030000000000001284
-0.07600000000000004
-0.012000000000000384
0.022999999999999618
0.1430000000000001
0.16200000000000012
0.001999999999999955
0.09799999999999988
-0.002
0.0
0.0
-0.3720000000000003
0.2630000000000002
0.10200000000000009
-0.04300000000000004
0.18300000000000016
0.023999999999999362
-0.13100000000000006
0.026999999999998733
-0.10200000000000012
0.35800000000000026
0.3730000000000003
-0.022999999999999826
0.0
0.0
-0.03800000000000003
0.4630000000000003
-0.20800000000000013
0.036000000000000615
-0.1160000000000003
0.15100000000000013
0.10600000000000007
0.04500000000000018
0.06299999999999953
-0.21300000000000016
-0.3080000000000002
0.086
0.5600000000000004
-0.1520000000000001
0.0
-0.036000000000000025
-0.6090000000000004
-0.24100000000000016
0.06400000000000007
-0.005999999999999592
0.15800000000000017
0.04499999999999961
0.2650000000000002
-0.14399999999999996
0.07200000000000135
0.154
-0.3150000000000003
-0.15100000000000008
-0.006
0.0
-0.04000000000000003
0.3040000000000003
-0.05900000000000012
-0.20600000000000013
9.999999999999055E-4
0.11699999999999997
0.006999999999999147
-0.04300000000000066
0.061999999999999014
-0.32500000000000023
0.01800000000000021
0.3910000000000003
-0.07900000000000003
-0.012000000000000004
0.0
-0.007
-0.16000000000000011
0.057000000000001216
0.11200000000000013
0.09300000000000001
-0.1610000000000001
-0.04600000000000008
-0.15600000000000008
0.0749999999999997
0.15000000000000005
-0.03500000000000074
0.32300000000000023
-0.4270000000000003
-0.006
0.0
-0.05000000000000001
0.10000000000000012
-0.1540000000000001
0.36800000000000027
-0.2010000000000001
-0.04300000000000019
0.03200000000000132
-0.005999999999999923
0.07199999999999988
-0.0010000000000009758
-0.16900000000000012
0.03900000000000002
0.06800000000000006
0.0
0.0
-0.033000000000000015
0.13900000000000037
-0.19100000000000011
-0.21100000000000013
-0.005999999999999157
0.144
0.16700000000000015
-0.01499999999999941
0.046999999999999445
0.19600000000000015
0.3050000000000002
-0.34700000000000025
0.0
0.0
0.0
-0.08600000000000006
-0.024000000000000007
-0.2440000000000002
0.1190000000000001
0.1960000000000002
-0.13200000000000003
-0.029999999999999815
0.009000000000000142
0.007000000000000085
-0.12500000000000003
-0.11400000000000007
-0.004
0.0
0.0
0.0
