-0.1440000000000001
0.0
0.0
0.0
0.0
0.0
0.0
0.0
0.0
0.0
0.0
0.0
0.0
0.0
0.0
0.0
0.0
0.0
0.0
0.0
0.0
0.0
0.0
0.0
0.0
0.0
0.0
0.0
0.0
0.0
0.0
0.0
0.0
0.0
0.0
0.0
0.0
0.0
0.0
0.0
0.0
0.0
0.0
0.0
0.0
0.0
0.0
0.0
0.0
0.0
0.0
0.0
0.0
0.0
0.0
0.0
0.0
0.0
0.0
0.0
0.0
0.0
0.0
0.0
0.0
0.0
0.0
0.0
0.0
0.0
0.0
-0.002
-0.001
-0.002
-0.002
-0.001
-0.001
-0.002
0.0
0.0
0.0
0.0
0.0
0.0
0.0
0.0
0.0
0.0
0.0
0.0
0.0
0.0
0.0
0.0
0.0
0.0
-0.001
-0.003
0.019000000000000003
0.004
0.0
0.014000000000000002
0.010000000000000002
-0.005000000000000001
-0.003
0.002
-0.003
0.009000000000000001
-0.012
-0.004
0.0
0.0
0.0
0.0
0.0
0.0
0.0
0.0
0.0
0.0
0.0
-0.006
0.0
-0.004
0.003
0.007
0.005
-0.006000000000000001
0.009999999999999998
-0.009000000000000001
-0.016000000000000007
0.003
0.008999999999999996
0.004999999999999998
0.023999999999999994
0.005000000000000005
0.020999999999999998
-0.008
0.009000000000000001
-0.006
0.0
-0.018000000000000002
-0.014
0.0
0.0
0.0
0.0
0.0
0.0
-0.002
-0.005
-0.006
0.006
0.008
-0.008000000000000004
-0.023000000000000007
0.016999999999999994
9.999999999999966E-4
-0.014000000000000002
0.012000000000000004
0.031000000000000014
0.018999999999999996
0.005999999999999993
6.938893903907228E-18
0.018000000000000016
0.03200000000000002
-0.02700000000000001
0.03500000000000002
0.009000000000000001
-0.012000000000000002
0.0
-0.004
0.004
0.0
0.0
0.0
0.0
0.0
-0.003
-0.004
-0.008
-0.030000000000000013
-0.0070000000000000045
-0.019000000000000003
-0.007000000000000001
-0.031000000000000014
0.018000000000000023
0.019000000000000003
0.016
0.004999999999999997
-0.01199999999999999
0.026999999999999996
-0.020000000000000004
0.053000000000000026
0.017
-0.003
-0.002000000000000007
-0.010000000000000005
0.04200000000000002
0.003
-0.006
0.004
-0.006
0.0
0.0
0.0
0.0
-0.003
-0.016
-0.011000000000000001
0.003
0.019999999999999997
0.010000000000000002
-0.004
-0.010999999999999987
0.02800000000000001
-0.005999999999999994
0.009000000000000005
0.007999999999999993
-0.0010000000000000278
-0.0019999999999999966
-0.017
0.003000000000000008
-0.01100000000000001
0.02099999999999999
0.03300000000000001
0.03700000000000002
-0.008999999999999994
0.03500000000000002
-0.014000000000000002
0.012000000000000005
-0.007
0.0
0.0
0.0
0.0
0.0
-0.017
0.001
0.009000000000000005
0.005000000000000004
-0.0019999999999999792
0.044000000000000025
0.051000000000000024
-0.008999999999999998
0.00499999999999999
-0.05000000000000003
-0.018000000000000016
-0.009000000000000015
-0.007000000000000015
0.0
0.031000000000000028
0.013999999999999978
-0.012
0.018000000000000002
0.016
0.06000000000000004
0.04800000000000003
-0.002
0.001
0.014
0.0
0.0
-0.008
-0.004
-0.008
-0.005
-0.003
0.02700000000000001
-0.009999999999999997
0.02300000000000002
0.020000000000000004
0.02200000000000002
0.015999999999999986
-0.010999999999999987
-0.021000000000000005
0.012000000000000004
-0.017000000000000015
-0.008000000000000026
-0.008000000000000024
0.011
0.021999999999999985
0.014999999999999979
-0.01699999999999998
0.017999999999999995
0.011000000000000003
0.02300000000000002
0.0
-0.001
0.0
0.0
0.0
0.0
-0.004
0.0
-0.007
0.033000000000000015
0.037000000000000026
0.02500000000000001
-0.030000000000000006
0.025
0.0010000000000000035
0.022999999999999993
0.029000000000000012
-0.0030000000000000035
0.027999999999999997
0.020999999999999977
0.0010000000000000208
-0.026000000000000016
0.00399999999999999
-0.003999999999999999
0.023000000000000013
0.05500000000000002
0.022000000000000006
0.014000000000000016
0.007
-0.033000000000000015
-0.002
0.0
0.0
0.0
0.0
0.0
0.0
-0.018000000000000002
0.023000000000000007
0.018000000000000002
0.016999999999999994
-0.006999999999999987
-0.011000000000000003
0.032000000000000015
0.009000000000000029
0.030000000000000006
0.008999999999999998
-0.002999999999999995
0.01799999999999998
-0.01199999999999999
-9.999999999999896E-4
-0.02600000000000001
0.06300000000000004
0.013999999999999986
0.029000000000000012
0.03800000000000003
0.04100000000000002
0.007999999999999998
-0.02500000000000001
0.002
0.002
0.0
0.0
0.0
0.0
0.0
-0.009999999999999997
0.009000000000000001
0.03800000000000002
0.03900000000000003
0.021000000000000005
0.015999999999999986
0.0040000000000000105
-0.003999999999999997
0.05200000000000003
0.01200000000000001
-0.03300000000000002
0.026000000000000016
0.010999999999999984
0.005000000000000001
-0.030000000000000006
-0.03400000000000002
0.054000000000000034
0.043000000000000024
0.05700000000000004
-0.005
0.02800000000000001
-0.007000000000000001
0.001
0.002
0.0
0.0
0.0
0.0
-0.006
-0.011000000000000001
-0.02800000000000001
-0.012999999999999994
0.013
-0.019000000000000003
-0.039000000000000014
-0.012999999999999987
0.03500000000000001
0.024000000000000014
0.007000000000000008
0.022999999999999972
-0.009999999999999998
0.03900000000000002
0.007999999999999993
-0.022
-0.03700000000000001
0.017999999999999995
-0.010000000000000002
0.007000000000000001
0.04700000000000003
0.008000000000000002
0.002
0.0
0.0
0.0
0.0
0.0
0.0
-0.006
-0.016
-0.006
-0.02100000000000001
-0.026000000000000016
-0.0019999999999999966
-0.027000000000000003
0.008999999999999998
-0.0010000000000000009
-0.015000000000000012
0.015
-0.0029999999999999966
0.028000000000000004
0.02700000000000001
0.028000000000000004
-0.01900000000000001
0.010999999999999992
-0.043000000000000024
-0.02700000000000001
-0.034000000000000016
0.015000000000000001
0.004
-0.003
-0.002
0.0
0.0
0.0
0.0
0.0
0.0
-0.013000000000000001
-0.026000000000000016
-0.04000000000000003
-0.034000000000000016
-0.05000000000000003
0.019999999999999997
-0.04200000000000002
0.031000000000000014
0.005000000000000011
0.013000000000000005
9.999999999999957E-4
-0.015999999999999973
0.01699999999999998
-0.024
-0.02800000000000001
-0.029000000000000012
-0.0049999999999999906
-0.01100000000000001
-0.021000000000000005
-0.014999999999999994
-0.007
-0.009000000000000001
-0.018000000000000002
0.0
0.0
0.0
0.0
0.0
-0.01
0.0
-0.016
-0.04200000000000002
-0.0030000000000000087
-0.039000000000000014
0.013000000000000001
-0.011000000000000003
0.01700000000000003
0.014
0.05500000000000004
-0.023
0.004999999999999993
0.001999999999999962
-0.010000000000000009
0.009999999999999993
-0.019000000000000003
0.007999999999999993
-0.03800000000000002
-0.017
-0.019000000000000003
-0.003
-0.012
-0.002
0.0
0.0
0.0
0.0
0.0
-0.008
0.004
-0.030000000000000006
-0.009
-0.03400000000000001
-0.023
0.03500000000000002
0.023999999999999987
0.006999999999999984
0.0
0.017000000000000015
-0.02600000000000001
0.012999999999999986
-0.010999999999999982
-0.017
-0.05000000000000003
-0.029000000000000012
-0.00699999999999999
-0.009000000000000003
0.010000000000000002
0.015
-0.015000000000000001
-0.007
-0.002
0.0
0.0
0.0
0.0
0.0
-0.006
0.001
-0.007
0.003
-0.017000000000000015
-0.0030000000000000105
9.999999999999896E-4
0.018999999999999996
-0.0010000000000000035
0.03800000000000003
0.008999999999999989
-0.023000000000000007
0.011000000000000013
-0.008000000000000018
0.008000000000000021
-0.010000000000000005
-0.030000000000000013
-0.0020000000000000035
0.013000000000000012
0.014
0.005
0.011
-0.009000000000000001
-0.004
0.0
0.0
0.0
0.0
0.0
-0.003
-0.031000000000000014
0.006
-0.006
0.027000000000000017
-0.024
0.07100000000000005
0.017000000000000015
-0.009999999999999978
-0.024000000000000014
0.008999999999999994
-0.033000000000000015
-0.031000000000000007
-0.01899999999999999
-0.0039999999999999905
0.003000000000000007
-0.007999999999999997
0.007999999999999997
-0.013000000000000001
0.019000000000000003
-0.013
-0.002
-0.01
0.0
0.0
0.0
0.0
0.0
-0.002
-0.007
-0.011000000000000005
-0.0070000000000000045
0.007999999999999997
0.01199999999999999
-0.01199999999999999
0.030000000000000013
-0.019000000000000024
-0.008000000000000035
-0.03700000000000004
-0.01600000000000005
-0.03900000000000004
-0.021000000000000026
-0.013000000000000015
0.030999999999999993
0.01800000000000001
0.01399999999999998
-0.04900000000000002
9.999999999999983E-4
0.04100000000000002
-0.001
-0.009000000000000001
-0.006
0.0
0.0
0.0
0.0
0.0
-0.001
-0.007
-0.012
0.004000000000000001
-0.032000000000000015
-0.0020000000000000018
-0.0060000000000000105
-0.023
0.00299999999999998
-0.02100000000000001
-0.0030000000000000087
-0.016999999999999994
-0.033999999999999996
0.021000000000000005
0.02000000000000001
-3.469446951953614E-18
6.938893903907228E-18
0.02700000000000001
-0.020000000000000004
-0.0069999999999999975
-0.018000000000000002
0.0
-0.003
-0.003
-0.002
0.0
0.0
0.0
0.0
-0.001
-0.001
-0.022000000000000006
0.002000000000000001
-0.03700000000000002
0.026000000000000016
0.03000000000000002
0.0
-0.007000000000000004
-0.004000000000000009
0.02700000000000001
0.003999999999999987
0.05200000000000003
0.009000000000000008
0.003999999999999997
0.005000000000000004
-0.01699999999999998
0.02600000000000001
0.021000000000000005
-0.022000000000000006
0.005
0.009000000000000001
0.009000000000000001
-0.005
-0.002
0.0
0.0
0.0
0.0
0.0
-0.002
-0.020000000000000004
0.004
-0.0010000000000000018
9.999999999999974E-4
-0.041000000000000016
-0.054000000000000034
-0.018000000000000002
0.008999999999999987
0.02099999999999999
0.05100000000000003
0.005000000000000004
0.012999999999999994
-0.019000000000000024
-0.001
-0.009000000000000001
-0.003999999999999993
-0.008999999999999998
-0.012000000000000002
0.013000000000000003
0.020000000000000004
-0.004
0.0
0.0
0.0
0.0
0.0
0.0
0.0
-0.004
-0.013000000000000003
0.005
-0.022000000000000006
-0.031000000000000007
0.013
0.016999999999999998
-0.010999999999999996
0.03300000000000001
0.020999999999999998
0.017
-0.013999999999999995
-0.003000000000000006
-0.007
0.032000000000000015
0.022
0.034000000000000016
0.02700000000000001
0.03600000000000001
-0.018000000000000002
-0.012
0.0
0.0
0.0
0.0
0.0
0.0
0.0
0.0
-0.002
-0.001
-0.005
-0.018000000000000002
-0.02600000000000001
-0.030000000000000013
-0.043000000000000024
-0.017
-0.011000000000000003
0.001
0.003
0.005
0.012
-0.014000000000000002
-0.004
-0.011000000000000001
0.02500000000000001
0.007000000000000001
-0.001
-0.002
-0.01
-0.008
0.0
0.0
0.0
0.0
0.0
0.0
0.0
0.0
0.0
0.0
-0.004
-0.004
-0.004
-0.006
-0.005
-0.006
-0.011000000000000001
-0.018000000000000002
-0.012000000000000002
-0.016
-0.008
0.0
0.0
-0.004
-0.006
0.001
0.001
0.0
0.0
0.0
0.0
0.0
0.0
0.0
