-1.7279999999999205
0.0
0.0
0.0
0.0
0.0
0.0
0.0
0.0
-0.002
0.0
0.0
0.0
0.0
0.0
0.0
0.0
0.0
0.0
0.0
-0.10700000000000008
0.25300000000000017
0.21500000000000016
0.17600000000000013
0.44600000000000034
-0.16000000000000011
0.1530000000000001
-0.01800000000000001
-0.05400000000000001
-0.8840000000000007
0.0
0.0
0.0
-0.08400000000000006
0.4140000000000003
0.1590000000000001
-9.999999999995351E-4
0.06599999999999974
0.19899999999999993
0.051000000000000004
0.24300000000000016
-0.08000000000000032
0.3550000000000002
0.1720000000000001
0.25600000000000017
0.21000000000000016
0.0
0.0
-0.2760000000000002
-0.23900000000000016
0.07700000000000029
-0.10100000000000003
0.23200000000000015
0.050999999999999004
0.054999999999999744
0.05499999999999999
0.2260000000000002
-0.08200000000000014
0.23000000000000018
0.2640000000000002
0.22900000000000018
0.0
-0.002
0.32100000000000023
0.17400000000000013
0.16600000000000006
0.138
-0.07200000000000019
-0.004000000000000042
0.02399999999999894
-0.01600000000000067
0.1850000000000001
0.1530000000000001
0.22300000000000014
0.05800000000000009
-0.16800000000000012
0.0
-0.002
-0.2660000000000001
0.15900000000000009
-0.06399999999999957
0.13900000000000007
0.16500000000000006
0.06399999999999914
-0.03899999999999956
-0.005999999999999655
-0.08599999999999974
0.1350000000000001
0.46700000000000036
-0.33800000000000024
0.11700000000000006
0.0
-0.001
0.5590000000000004
0.008999999999999082
0.079
-0.16700000000000018
0.16000000000000011
0.06000000000000079
0.05599999999999984
0.04299999999999965
-0.0650000000000001
-0.1770000000000001
-0.031000000000001183
0.35000000000000026
-0.33600000000000024
0.0
-0.001
-0.7690000000000006
-0.1650000000000001
-0.1660000000000001
-0.03499999999999899
0.10900000000000043
-0.036000000000001545
0.24800000000000022
-0.0709999999999994
-0.029999999999999232
-0.008999999999999753
-0.008000000000000757
-0.1830000000000001
-0.04900000000000004
0.0
-0.003
0.23200000000000015
-0.1550000000000001
0.023999999999999858
-0.022000000000000044
0.19400000000000014
0.04799999999999957
-0.1350000000000002
0.008999999999999148
-0.2720000000000002
0.050000000000000544
0.05000000000000057
0.015000000000000121
-0.04900000000000004
0.0
-0.005
-0.3570000000000002
0.03000000000000155
0.12799999999999997
0.007999999999999084
-0.2210000000000002
-0.02900000000000159
-0.07900000000000004
0.07200000000000001
-0.011000000000000301
-0.020000000000000205
0.2830000000000002
-0.4920000000000004
-0.002
0.0
-0.20000000000000015
0.3470000000000003
0.015999999999998425
0.08200000000000003
-0.1270000000000001
-0.05300000000000002
-0.09800000000000006
-0.05600000000000027
0.06099999999999996
0.03599999999999788
-0.009999999999999884
0.09099999999999998
0.22000000000000017
0.0
0.0
-0.001
-0.6140000000000004
0.048000000000000306
-0.1310000000000001
0.007000000000000844
0.072
0.1330000000000001
-0.024000000000001142
0.012999999999997482
0.12300000000000005
0.3560000000000002
-0.6860000000000005
0.0
0.0
0.0
-0.07000000000000005
0.0
-0.06500000000000004
-0.1350000000000001
0.18300000000000013
-0.05700000000000004
-0.07699999999999957
0.033000000000000224
0.08400000000000007
-0.027999999999999997
-0.028999999999999998
-0.3740000000000003
0.0
0.0
0.0
