-1.5700000000000012
0.0
0.0
0.0
0.0
0.0
0.0
0.0
0.0
0.0
0.0
0.0
0.0
0.0
0.0
0.0
0.0
0.0
0.0
0.0
0.0
0.0
0.0
0.0
0.0
0.0
0.0
0.0
0.0
0.0
0.0
0.0
0.0
0.0
0.0
0.0
0.0
0.0
0.0
0.0
0.0
0.0
0.0
0.0
0.0
0.0
0.0
0.0
0.0
0.0
0.0
0.0
0.0
0.0
0.0
0.0
0.0
0.0
0.0
0.0
0.0
0.0
0.0
0.0
0.0
0.0
0.0
0.0
0.0
0.0
0.0
0.0
0.0
0.0
0.0
0.0
0.0
0.0
-0.02
0.0
0.0
0.0
-0.02
-0.02
0.0
0.0
0.0
0.0
0.0
0.0
0.0
0.0
0.0
0.0
0.0
0.0
-0.01
-0.01
0.13999999999999999
0.07
-0.010000000000000004
0.13999999999999999
0.15
0.3000000000000001
0.20000000000000004
-0.12999999999999998
0.07
0.02
0.019999999999999997
0.0
0.0
-0.02
-0.02
0.0
0.0
0.0
0.0
0.0
0.0
0.0
0.0
-0.01
0.0
-0.01
0.019999999999999997
0.03
-0.09
-0.05
0.010000000000000004
0.20000000000000004
-0.24000000000000005
0.04
0.12999999999999998
0.15
0.2900000000000001
0.37000000000000016
0.09999999999999999
-0.010000000000000004
3.469446951953614E-18
-0.04
-0.020000000000000004
-0.11999999999999998
-0.09999999999999999
0.0
0.0
0.0
0.0
0.0
0.0
0.0
-0.01
-0.01
0.08
0.09
-0.12999999999999998
-0.09999999999999999
0.09999999999999999
0.05
-0.11999999999999998
0.47000000000000025
-0.019999999999999997
0.09999999999999999
0.34000000000000014
0.35000000000000014
-0.12999999999999998
-0.05
-0.17
0.36000000000000015
0.10999999999999999
-0.18000000000000002
0.019999999999999997
-0.18000000000000002
-0.08
0.0
0.0
0.0
0.0
0.0
0.0
-0.01
-0.060000000000000005
-0.07
-0.13999999999999999
-0.060000000000000005
0.010000000000000004
-0.3100000000000001
0.07
0.2700000000000001
0.08
0.25000000000000006
-0.21000000000000002
0.09
0.15
0.3100000000000001
0.09
-0.09
-0.09999999999999999
0.060000000000000005
0.4400000000000002
0.23000000000000007
0.04000000000000001
0.010000000000000004
-0.03
0.0
0.0
0.0
0.0
0.0
-0.11999999999999998
-0.19000000000000003
-0.20000000000000004
0.3200000000000001
0.21000000000000005
-0.09999999999999999
-0.05
-0.020000000000000004
-0.17
0.22000000000000006
0.3000000000000001
0.05
0.07
-0.20000000000000004
-0.060000000000000005
0.2800000000000001
0.22000000000000003
0.21000000000000005
0.36000000000000015
-0.23000000000000007
0.04
0.09999999999999999
0.09999999999999999
-0.019999999999999997
0.0
0.0
0.0
0.0
0.0
-0.16
-0.060000000000000005
0.21000000000000002
0.11999999999999998
-0.08
0.16
0.2700000000000001
-0.12999999999999998
0.3200000000000001
-0.4100000000000002
-0.07999999999999997
-0.04
0.11999999999999998
0.10999999999999999
0.09
0.21000000000000002
-0.35000000000000014
-0.09999999999999999
0.17
0.17
0.3000000000000001
0.21000000000000005
0.18000000000000002
0.09999999999999999
0.0
0.0
0.0
0.0
0.0
0.05
0.03
-0.04000000000000001
0.010000000000000004
0.3900000000000002
0.10999999999999999
-0.12999999999999998
0.20000000000000004
-0.11999999999999998
-0.09999999999999999
0.24000000000000005
-0.19000000000000003
-0.05000000000000001
-0.22000000000000003
0.09999999999999999
0.5200000000000002
0.3000000000000001
-0.08
0.09999999999999999
0.23000000000000004
0.23000000000000007
0.09
-0.08
0.0
0.0
0.0
0.0
0.0
0.0
0.04
0.2700000000000001
0.24000000000000005
0.07
0.05
0.25000000000000006
0.17
0.15
-0.019999999999999997
-0.020000000000000004
-3.469446951953614E-18
-0.13999999999999999
0.07
0.030000000000000006
-0.2900000000000001
0.19000000000000003
0.38000000000000017
0.3300000000000001
-0.05
0.3100000000000001
0.019999999999999997
-0.2800000000000001
-0.10999999999999999
0.0
0.0
0.0
0.0
0.0
0.0
0.019999999999999997
0.37000000000000016
0.19000000000000003
0.060000000000000005
-0.15
-0.03
0.20000000000000004
0.09999999999999999
0.17
0.3300000000000001
-0.16999999999999998
-0.21000000000000002
-0.2800000000000001
0.2700000000000001
-0.22000000000000003
0.23000000000000004
0.10999999999999999
0.21000000000000005
0.2700000000000001
0.37000000000000016
-0.030000000000000006
-0.20000000000000004
-0.09999999999999999
0.01
0.0
0.0
0.0
0.0
-0.01
0.05
0.3200000000000001
0.15
0.13999999999999999
0.12999999999999998
0.07
-0.09999999999999999
-0.25000000000000006
0.2800000000000001
0.07
-0.16
0.3100000000000001
0.15
-0.05
-0.23000000000000004
-0.04
0.6400000000000003
0.05
0.4900000000000002
0.12999999999999998
0.48000000000000026
0.019999999999999997
0.01
0.01
0.0
0.0
0.0
0.0
-0.02
-0.010000000000000004
-0.19000000000000003
-0.04
-0.09
-0.2700000000000001
-0.04
-0.2800000000000001
0.21000000000000002
0.3100000000000001
0.26000000000000006
0.2800000000000001
-0.15
0.36000000000000015
-0.17
-0.4200000000000002
-0.17
-0.019999999999999997
-0.19000000000000003
0.4000000000000002
0.03
0.05
0.15
0.0
0.0
0.0
0.0
0.0
0.0
-0.02
-0.18000000000000002
-0.34000000000000014
-0.21000000000000005
0.17
-0.04
0.09
0.09
0.3000000000000001
-0.20000000000000004
-0.04
-0.07
0.36000000000000015
0.4100000000000002
0.05
-0.10999999999999999
0.09999999999999999
-0.6700000000000004
-0.4200000000000002
-0.4000000000000002
0.09
-0.019999999999999997
0.09999999999999999
-0.05
0.0
0.0
0.0
0.0
0.0
-0.01
-0.08
-0.47000000000000025
-0.05
-0.23000000000000004
-0.4300000000000002
-0.019999999999999997
-0.3300000000000001
0.2700000000000001
0.20000000000000004
0.09999999999999999
-0.15
0.03
0.08
-0.15
0.16
-0.2800000000000001
-0.010000000000000004
-0.22000000000000006
-0.19000000000000003
0.09
0.07
-0.15
-0.17
0.0
0.0
0.0
0.0
0.0
-0.04
-0.02
0.04000000000000001
-0.10999999999999999
-0.11999999999999998
-0.26000000000000006
0.03
-0.11999999999999998
0.08
0.18000000000000002
0.3300000000000001
0.07
0.05
-0.04
-0.09999999999999999
0.19000000000000003
-0.35000000000000014
0.11999999999999998
0.17
-0.12999999999999998
0.03
0.08
-0.15
-0.05
0.0
0.0
0.0
0.0
0.0
-0.03
0.11999999999999998
-0.019999999999999997
-0.3900000000000002
0.08
-0.04
0.3900000000000002
-0.010000000000000004
0.09999999999999999
0.009999999999999997
-0.07
0.12999999999999998
0.05
0.07
0.13999999999999999
-0.36000000000000015
-0.12999999999999998
0.08
-0.2900000000000001
0.09999999999999999
0.08
-0.08
-0.13999999999999999
-0.05
0.0
0.0
0.0
0.0
0.0
-0.04
0.020000000000000004
3.469446951953614E-18
-0.08
0.060000000000000005
0.10999999999999999
0.13999999999999999
0.21000000000000002
0.24000000000000005
0.26000000000000006
-0.05
-0.04
-0.17
-0.04
-0.10999999999999999
-0.11999999999999998
-0.38000000000000017
0.26000000000000006
-0.09
-0.05
0.07
0.060000000000000005
-0.12999999999999998
-0.05
-0.03
0.0
0.0
0.0
0.0
-0.11999999999999998
-0.2900000000000001
0.19000000000000003
-0.21000000000000002
0.19000000000000003
-0.12999999999999998
0.11999999999999998
0.18000000000000002
-0.13999999999999999
-0.24000000000000005
-0.16
-0.09
-0.03
-0.10999999999999999
0.060000000000000005
-0.13999999999999999
-0.20000000000000004
-0.15
0.08
0.23000000000000007
0.019999999999999997
-0.09999999999999999
-0.13999999999999999
0.0
-0.03
0.0
0.0
0.0
0.0
-0.10999999999999999
-0.2900000000000001
0.18000000000000002
0.07
0.09999999999999999
-0.17
0.11999999999999998
-0.12999999999999998
-0.2700000000000001
-0.15
-0.15
0.060000000000000005
-0.15
-0.5300000000000002
0.3300000000000001
0.26000000000000006
0.10999999999999999
-0.09999999999999999
-0.04
0.38000000000000017
-0.09999999999999999
-0.09
-0.01
0.0
0.0
0.0
0.0
0.0
0.0
-0.09999999999999999
-0.22000000000000006
0.19000000000000003
0.05
-0.05
0.08
-0.26000000000000006
-0.05
-0.13999999999999996
-0.12999999999999998
-0.060000000000000005
-0.060000000000000005
0.2700000000000001
0.09999999999999999
0.05
-0.009999999999999997
0.35000000000000014
-0.060000000000000005
-0.05
0.03
-0.09
0.060000000000000005
0.0
0.0
0.0
0.0
0.0
0.0
0.0
-0.01
-0.20000000000000004
0.09999999999999999
-0.04
-0.060000000000000005
0.3200000000000001
-0.019999999999999997
-0.08
-0.15
0.16
0.26000000000000006
0.04
-0.38000000000000017
0.04
-0.060000000000000005
0.05
0.17
0.3000000000000001
0.05000000000000001
0.10999999999999999
0.08
0.09
0.0
0.0
0.0
0.0
0.0
0.0
0.0
-0.08
-0.2800000000000001
-0.12999999999999998
-0.03
-0.010000000000000004
-0.21000000000000002
-0.35000000000000014
0.009999999999999997
0.18000000000000002
-0.20000000000000004
0.5300000000000002
-0.07
0.04
-0.24000000000000005
-0.010000000000000004
0.09
-0.009999999999999997
-0.4000000000000002
-0.09
0.11999999999999998
0.060000000000000005
0.0
0.0
0.0
0.0
0.0
0.0
0.0
0.0
-0.07
-0.11999999999999998
-0.060000000000000005
-0.21000000000000005
-0.2900000000000001
0.05000000000000001
0.15
-0.10999999999999999
0.2
0.20000000000000004
0.37000000000000016
0.019999999999999997
-3.469446951953614E-18
0.35000000000000014
0.010000000000000004
0.09999999999999999
0.16
0.09
0.3200000000000001
-0.11999999999999998
-0.07
0.0
0.0
0.0
0.0
0.0
0.0
0.0
0.0
0.0
-0.01
-0.060000000000000005
-0.08
-0.15
-0.07
-0.2900000000000001
-0.2
-0.2
-0.17
-0.21000000000000005
-0.030000000000000006
0.26000000000000006
0.10999999999999999
0.20000000000000004
0.16
0.05
0.03
0.0
0.0
-0.05
-0.09
0.0
0.0
0.0
0.0
0.0
0.0
0.0
0.0
0.0
0.0
-0.01
-0.03
-0.05
-0.07
-0.09
-0.08
-0.09
-0.060000000000000005
-0.07
-0.04
-0.01
-0.01
-0.01
-0.01
0.0
0.0
0.0
0.0
0.0
0.0
0.0
0.0
0.0
0.0
