-3.5649999999997184
0.0
0.0
0.0
0.5190000000000003
0.15100000000000027
0.08500000000000044
-0.08800000000000006
0.09999999999999942
0.24900000000000017
-0.1310000000000001
0.00299999999999909
0.10900000000001706
0.21599999999999914
0.03200000000000133
0.12300000000001156
0.40300000000000025
-0.17200000000000013
0.04200000000000015
0.05700000000000748
0.044000000000059186
-0.058000000000010724
7.473188734508085E-15
0.016000000000001628
-0.013000000000002815
-0.4890000000000004
0.16300000000000167
-0.15999999999996017
0.21599999999999903
0.1119999999999965
-0.062999999999936
-0.12199999999998966
-0.08599999999999793
-0.3890000000000003
-0.10699999999999993
-0.00900000000000785
0.0030000000000013453
-0.10499999999999672
-0.023999999999992597
0.034999999999992294
0.10700000000000193
-0.47400000000000037
0.20800000000000013
-0.17300000000000001
0.040000000000026105
0.10200000000003023
0.004999999999994442
0.20100000000000068
-0.023
-0.6550000000000005
