-0.20500000000000015
0.0
0.0
0.0
0.0
0.0
0.0
0.0
0.0
0.0
0.0
0.0
0.0
0.0
0.0
0.0
0.0
0.0
0.0
0.0
0.0
0.0
0.0
0.0
0.0
0.0
0.0
0.0
0.0
0.0
0.0
0.0
0.0
0.0
0.0
0.0
0.0
0.0
0.0
0.0
0.0
0.0
0.0
0.0
0.0
0.0
0.0
0.0
0.0
0.0
0.0
0.0
0.0
0.0
0.0
0.0
0.0
0.0
0.0
0.0
0.0
0.0
0.0
0.0
0.0
0.0
0.0
0.0
0.0
0.0
0.0
0.0
0.0
0.0
0.0
0.0
0.0
0.0
0.0
0.0
0.0
0.0
0.0
0.0
0.0
0.0
0.0
0.0
0.0
0.0
0.0
0.0
0.0
0.0
0.0
-0.002
-0.001
-0.001
0.031000000000000014
0.013000000000000001
0.006
0.012
0.010000000000000002
0.011000000000000001
0.03800000000000002
-0.007
0.015000000000000001
0.005
0.002
0.0
0.0
0.0
0.0
0.0
0.0
0.0
0.0
0.0
0.0
0.0
0.0
-0.018000000000000002
-0.002
-0.01
-0.002
0.005
-0.018999999999999996
0.011000000000000003
-0.009000000000000008
0.015000000000000001
-0.009999999999999998
0.022000000000000006
0.018999999999999996
0.013000000000000003
0.04900000000000003
0.019000000000000003
0.04100000000000002
-0.007
0.032000000000000015
-0.011000000000000003
-0.01
-0.03800000000000002
-0.020000000000000004
0.0
0.0
0.0
0.0
0.0
0.0
0.0
-0.004
-0.007
0.011000000000000001
0.005
-0.04000000000000002
-0.03200000000000001
0.003999999999999994
-0.005000000000000007
-0.019999999999999983
0.022000000000000006
0.019000000000000003
0.00399999999999998
0.03000000000000002
0.0060000000000000105
-0.025000000000000015
0.0060000000000000105
-0.021000000000000026
0.030000000000000013
0.0069999999999999975
-0.008
0.017
-0.004
0.006
0.0
0.0
0.0
0.0
0.0
0.0
0.002
-0.022000000000000006
-0.020000000000000004
-0.013000000000000001
-0.02800000000000001
0.03400000000000001
-0.04300000000000001
0.05400000000000003
0.03199999999999999
0.007999999999999976
0.011999999999999974
9.999999999999966E-4
0.002999999999999993
0.008000000000000031
0.033000000000000015
0.03300000000000002
0.012000000000000005
1.0408340855860843E-17
-0.004
0.04900000000000003
0.024000000000000007
-0.017
0.04000000000000002
0.020000000000000004
0.0
0.0
0.0
0.0
-0.002
-0.012
-0.021000000000000005
-0.006
0.03600000000000002
0.021999999999999985
-0.011000000000000006
-0.00799999999999999
0.02300000000000002
0.018000000000000023
0.03200000000000001
0.035
-0.007999999999999997
0.025000000000000022
-0.022999999999999993
0.012999999999999987
-0.0069999999999999975
0.04400000000000001
0.011999999999999993
0.02700000000000003
-0.033000000000000015
0.027000000000000003
-0.018000000000000002
0.024000000000000007
0.017
0.0
0.0
0.0
0.0
-0.002
-0.02600000000000001
-0.031000000000000014
0.029000000000000012
0.004000000000000003
-0.034000000000000016
0.014999999999999977
0.032000000000000015
-0.014000000000000012
0.03200000000000002
-0.056000000000000036
-0.03600000000000002
-0.013000000000000001
0.00899999999999996
0.01800000000000001
-0.0010000000000000104
0.005999999999999997
-0.010999999999999994
0.007000000000000007
0.004999999999999994
0.06300000000000004
0.03200000000000001
0.015000000000000001
0.030000000000000013
0.014
0.0
0.0
-0.006
0.0
-0.008
0.003
-0.006000000000000001
0.031000000000000007
-0.003999999999999998
0.02800000000000001
0.010999999999999994
0.029000000000000012
0.015999999999999993
-0.020000000000000004
-0.022000000000000006
0.012000000000000002
-0.019999999999999997
-0.002000000000000045
-0.012999999999999998
0.004000000000000021
0.02800000000000001
0.034
-0.015000000000000005
0.008999999999999985
0.031000000000000014
0.05300000000000003
-0.022000000000000006
-0.012
0.0
0.0
0.0
0.0
0.0
0.0
0.018000000000000002
0.031000000000000014
0.028000000000000018
-0.006000000000000002
-0.008
0.034000000000000016
0.012000000000000007
0.021000000000000005
0.007999999999999983
0.004999999999999983
9.999999999999966E-4
0.031000000000000007
-0.014000000000000002
-0.015999999999999993
0.006
-0.011000000000000003
0.05200000000000005
0.07600000000000005
0.022000000000000006
0.04800000000000002
-0.001999999999999999
-0.04100000000000002
-0.010000000000000002
0.0
0.0
0.0
0.0
0.0
0.0
0.007
0.01
-0.0030000000000000035
0.007999999999999993
-0.003000000000000002
-0.009999999999999985
0.017999999999999995
0.003000000000000001
0.02100000000000001
0.01400000000000001
-0.0070000000000000106
0.01399999999999996
-0.02599999999999999
-0.018999999999999996
-0.017000000000000008
0.04300000000000002
0.025
0.028000000000000004
0.018000000000000002
0.02900000000000002
-0.008
-0.04200000000000002
-0.023000000000000007
0.002
0.0
0.0
0.0
0.0
0.0
0.017000000000000008
0.017
0.05000000000000003
0.020000000000000004
0.03900000000000003
-0.004
0.001000000000000007
-0.018000000000000016
0.05900000000000004
-0.0030000000000000035
0.010000000000000009
0.027000000000000017
0.011999999999999999
0.012999999999999992
-0.021999999999999985
-0.0030000000000000287
0.06100000000000004
0.01299999999999999
0.07100000000000005
-0.012999999999999998
0.06500000000000004
-0.001
-0.001
0.002
0.0
0.0
0.0
0.0
-0.002
0.017
-0.022000000000000006
-0.025
-0.013
-0.02600000000000001
-0.044000000000000025
-0.01
0.04500000000000001
0.026000000000000002
0.0040000000000000105
0.04400000000000005
-0.026000000000000016
0.05800000000000004
0.039000000000000014
-0.01800000000000001
-0.044000000000000025
0.003999999999999993
-0.01000000000000001
0.04100000000000002
0.02600000000000001
0.029000000000000012
0.016
-0.002
0.0
0.0
0.0
0.0
0.0
-0.002
-0.019000000000000003
-0.010000000000000002
-0.007000000000000004
-0.0010000000000000078
-0.017999999999999988
-0.014000000000000002
0.008999999999999973
0.017000000000000008
-0.0030000000000000174
0.01600000000000002
-0.017999999999999988
-0.008999999999999987
0.03200000000000001
0.040000000000000015
-0.03900000000000002
0.006999999999999983
-0.06800000000000005
-0.04000000000000002
-0.05100000000000003
-0.015
0.007000000000000002
0.016
-0.006
0.0
0.0
0.0
0.0
0.0
0.0
-0.024000000000000007
-0.055000000000000035
-0.04600000000000003
-0.03200000000000002
-0.05900000000000004
0.004999999999999997
-0.04000000000000003
0.033000000000000015
0.005000000000000038
0.02899999999999997
-0.00799999999999998
0.009999999999999976
0.03700000000000002
-0.029000000000000012
-0.01800000000000001
-0.03500000000000002
0.008999999999999998
-0.016000000000000007
-0.036000000000000025
-0.021000000000000005
0.009000000000000001
-0.016
-0.02800000000000001
0.0
0.0
0.0
0.0
0.0
-0.002
-0.008
-0.011999999999999999
-0.07000000000000005
-0.001000000000000013
-0.04900000000000003
0.005999999999999993
-0.001
0.0019999999999999896
0.04200000000000002
0.019000000000000003
0.004000000000000017
0.008000000000000004
0.009000000000000008
0.00699999999999998
0.01999999999999999
-0.04100000000000002
-0.007999999999999997
-0.007999999999999988
0.006999999999999997
-0.022000000000000013
-0.001
-0.018000000000000002
-0.004
0.0
0.0
0.0
0.0
0.0
-0.004
0.007000000000000001
-0.016
-0.02800000000000001
-0.0030000000000000035
0.009000000000000008
0.023
0.010999999999999998
0.009999999999999992
0.012000000000000018
-0.0019999999999999966
-0.0030000000000000243
0.012999999999999987
-0.021000000000000005
-0.012000000000000014
-0.06500000000000003
-0.01200000000000001
9.999999999999966E-4
-0.03500000000000001
0.02500000000000001
-0.005
-0.002
-0.011
-0.004
0.0
0.0
0.0
0.0
0.0
-0.001
-0.0020000000000000035
0.004000000000000002
-0.0020000000000000035
-0.009000000000000005
-0.009999999999999988
0.023
0.04700000000000003
0.008000000000000004
0.028000000000000018
0.030999999999999986
-0.024000000000000014
-0.027000000000000003
-0.01699999999999998
0.006
0.003999999999999993
-0.05800000000000004
-0.011999999999999997
0.008
-0.020999999999999998
0.022
0.015
-0.018000000000000002
-0.008
0.0
0.0
0.0
0.0
0.0
-0.013000000000000001
-0.05000000000000003
0.022000000000000006
-0.03600000000000002
0.020999999999999984
-0.005999999999999998
0.036999999999999984
0.032
-0.006000000000000016
-0.027000000000000017
0.0019999999999999758
-0.03800000000000002
-0.027000000000000017
-0.027999999999999983
-0.0030000000000000035
0.006000000000000004
-0.017999999999999974
-0.032
0.008999999999999998
0.03800000000000003
-0.005
-0.017
-0.021000000000000005
-0.002
0.0
0.0
0.0
0.0
0.0
-0.008
-0.019000000000000003
0.03800000000000001
0.02400000000000002
0.010999999999999989
-0.03900000000000002
0.043000000000000003
-0.008000000000000007
-0.03800000000000001
-0.006000000000000068
-0.01800000000000001
-0.021000000000000026
-0.01900000000000001
-0.032000000000000035
0.02500000000000001
0.014000000000000023
-0.004000000000000007
-0.03700000000000002
-0.008000000000000014
0.04700000000000003
0.007000000000000001
-0.031000000000000014
-0.014000000000000002
-0.003
0.0
0.0
0.0
0.0
0.0
-0.012
-0.029000000000000012
0.017
-0.007999999999999988
-0.03700000000000001
0.012999999999999994
-0.011000000000000013
0.018000000000000002
-0.008000000000000004
-0.02500000000000001
-0.029000000000000026
-0.03700000000000005
0.03800000000000001
0.009999999999999995
0.005999999999999981
0.026999999999999996
0.029000000000000005
-0.016999999999999987
0.008999999999999998
-0.014000000000000002
0.009999999999999997
-0.02800000000000001
-0.01
-0.003
0.0
0.0
0.0
0.0
0.0
-0.002
-0.02600000000000001
-0.001
-0.02099999999999999
0.022
0.04900000000000003
0.001
-0.02600000000000001
0.01299999999999999
0.044000000000000025
0.02900000000000002
0.051000000000000045
-0.025000000000000015
0.016999999999999987
0.007999999999999986
0.002999999999999986
0.0069999999999999975
0.018000000000000002
-0.008000000000000004
0.034000000000000016
-0.005
-0.003
-0.01
-0.002
0.0
0.0
0.0
0.0
0.0
-0.004
-0.032000000000000015
-0.012000000000000004
-0.003000000000000007
-0.0019999999999999966
-0.030000000000000006
-0.08300000000000005
-0.012999999999999979
0.028000000000000025
-0.006999999999999983
0.056000000000000036
0.015999999999999945
0.022999999999999993
-0.011000000000000013
-0.007999999999999998
0.03600000000000002
0.017000000000000022
-0.04500000000000002
-0.03700000000000001
0.014
0.009999999999999998
-0.008
0.0
0.0
0.0
0.0
0.0
0.0
0.0
-0.004
-0.024000000000000007
-0.006
-0.043000000000000024
-0.031000000000000014
0.008999999999999998
0.036000000000000004
-0.013000000000000001
0.056000000000000036
0.024
0.03700000000000001
-0.002000000000000007
-0.019999999999999983
-1.1275702593849246E-17
0.018999999999999996
0.034000000000000016
0.04100000000000002
0.008
0.023000000000000007
-0.02600000000000001
-0.012
0.0
0.0
0.0
0.0
0.0
0.0
0.0
0.0
-0.002
-0.001
-0.009000000000000001
-0.023000000000000007
-0.020000000000000004
-0.021000000000000005
-0.029000000000000012
-0.024000000000000007
-0.017
-0.014
-0.016000000000000007
-0.005000000000000001
0.02500000000000001
-0.006
0.013
0.004000000000000001
0.02600000000000001
-0.003
-0.004
0.0
-0.002
-0.008
0.0
0.0
0.0
0.0
0.0
0.0
0.0
0.0
0.0
0.0
0.0
0.0
0.0
-0.006
-0.018000000000000002
-0.015
-0.013000000000000001
-0.017
-0.017000000000000005
-0.016
-0.006
-0.002
-0.004
0.0
0.0
0.0
0.0
0.0
0.0
0.0
0.0
0.0
0.0
0.0
