-1.9200000000000015
0.0
0.0
0.0
0.0
0.0
0.0
0.0
0.0
0.0
0.0
0.0
0.0
0.0
0.0
0.0
0.0
0.0
0.0
0.0
0.0
0.0
0.0
0.0
0.0
0.0
0.0
0.0
0.0
0.0
0.0
0.0
0.0
0.0
0.0
0.0
0.0
0.0
0.0
0.0
0.0
0.0
0.0
0.0
0.0
0.0
0.0
0.0
0.0
0.0
0.0
0.0
0.0
0.0
0.0
0.0
0.0
0.0
0.0
0.0
0.0
0.0
0.0
0.0
0.0
0.0
0.0
0.0
0.0
0.0
0.0
0.0
0.0
0.0
0.0
0.0
0.0
0.0
-0.03
0.0
0.0
0.0
-0.03
-0.03
0.0
0.0
0.0
0.0
0.0
0.0
0.0
0.0
0.0
0.0
0.0
0.0
0.0
0.0
0.16
0.05
0.04
0.20000000000000004
0.19000000000000003
0.3100000000000001
0.23000000000000007
-0.09
0.09
0.009999999999999997
-0.03
-0.01
0.0
-0.03
-0.03
0.0
0.0
0.0
0.0
0.0
0.0
0.0
0.0
-0.05
-0.03
-0.04
0.09
0.09
3.469446951953614E-18
0.03
0.04
-0.19000000000000003
0.019999999999999997
0.23000000000000004
-0.07
0.15
0.45000000000000023
0.38000000000000017
0.07
-0.030000000000000006
0.25000000000000006
-0.04
-0.03
-0.20000000000000004
-0.10999999999999999
0.0
0.0
0.0
0.0
0.0
0.0
-0.01
-0.01
-0.05
0.10999999999999999
0.09
-0.15
-0.18000000000000002
0.07
-0.04
-0.11999999999999998
0.47000000000000025
0.019999999999999997
0.060000000000000005
0.36000000000000015
0.26000000000000006
0.12999999999999998
-0.09999999999999999
-0.09
0.5900000000000003
0.19000000000000003
-0.21000000000000005
0.10999999999999999
-0.08
0.009999999999999997
0.0
0.0
0.0
0.0
0.0
-0.01
-0.01
-0.09999999999999999
-0.10999999999999999
-0.05
-0.20000000000000004
0.15999999999999998
-0.5100000000000002
0.35000000000000014
0.2700000000000001
0.08
0.18
-0.37000000000000016
0.21000000000000005
0.12999999999999998
0.25000000000000006
0.15
-0.19
-0.11999999999999998
-0.04
0.6200000000000003
0.13999999999999999
0.04000000000000001
0.15
0.009999999999999997
0.0
0.0
0.0
0.0
-0.01
-0.17
-0.23000000000000007
-0.26000000000000006
0.3100000000000001
0.17
-0.10999999999999999
-0.10999999999999999
0.11999999999999998
0.019999999999999997
0.3000000000000001
0.18000000000000002
0.10999999999999999
0.16
-0.3200000000000001
0.12999999999999998
0.34000000000000014
0.15
0.15
0.3200000000000001
-0.22000000000000006
0.10999999999999999
0.10999999999999999
0.17
0.009999999999999997
0.0
0.0
0.0
0.0
-0.03
-0.21000000000000005
-0.15
0.24000000000000005
0.08
-0.09
0.10999999999999999
0.38000000000000017
-0.11999999999999998
0.2800000000000001
-0.5100000000000002
-0.21000000000000002
-0.18000000000000002
0.13999999999999999
0.030000000000000006
0.04
0.19000000000000003
-0.3300000000000001
-0.07
0.13999999999999999
0.37000000000000016
0.47000000000000025
0.18000000000000002
0.17
0.10999999999999999
0.0
0.0
-0.01
0.0
-0.09999999999999999
-0.04000000000000001
-0.15
0.12999999999999998
0.11999999999999998
0.3300000000000001
0.11999999999999998
-0.09
0.3100000000000001
-0.09
-0.18000000000000002
0.36000000000000015
-0.22000000000000003
0.18
-0.16
0.05
0.36000000000000015
0.26000000000000006
-0.15
0.10999999999999999
0.3200000000000001
0.3100000000000001
0.020000000000000004
-0.19000000000000003
0.0
0.0
0.0
0.0
0.0
-0.03
0.060000000000000005
0.16
0.2700000000000001
0.05
-0.019999999999999997
0.17
0.22000000000000006
-0.08
0.04
0.15
-0.019999999999999997
-0.060000000000000005
0.07
3.469446951953614E-18
-0.20000000000000004
0.15
0.5300000000000002
0.4200000000000002
0.04
0.12999999999999998
-0.15
-0.46000000000000024
-0.09999999999999999
0.0
0.0
0.0
0.0
0.0
0.0
-0.04000000000000001
0.3300000000000001
0.26000000000000006
0.08
-0.04
-0.10999999999999999
0.3900000000000002
0.05
0.23000000000000004
0.36000000000000015
-0.07
-0.15
-0.24000000000000005
0.009999999999999997
-0.04
0.3300000000000001
0.08
0.23000000000000004
0.16
0.45000000000000023
-0.11999999999999998
-0.23000000000000007
-0.060000000000000005
0.02
0.0
0.0
0.0
0.0
-0.01
0.12999999999999998
0.38000000000000017
0.11999999999999998
-0.020000000000000004
0.22000000000000006
0.09999999999999999
-0.09
-0.05
0.21000000000000005
0.15
-0.04
0.37000000000000016
-0.010000000000000004
0.09
-0.4200000000000002
-0.05
0.6900000000000004
0.12999999999999998
0.4000000000000002
0.17
0.5300000000000002
-0.10999999999999999
0.02
0.02
0.0
0.0
0.0
0.0
-0.05
0.09999999999999999
-0.24000000000000005
-0.12999999999999998
0.019999999999999997
-0.09
-0.07999999999999997
-0.4000000000000002
0.26000000000000006
0.23000000000000004
0.08
0.26000000000000006
0.04
0.34000000000000014
0.04
-0.25000000000000006
-0.38000000000000017
-0.010000000000000004
-0.23000000000000004
0.3200000000000001
0.25000000000000006
0.12999999999999998
0.13999999999999999
0.0
0.0
0.0
0.0
0.0
0.0
-0.05
-0.26000000000000006
-0.19000000000000003
-0.22000000000000006
0.18000000000000002
0.010000000000000004
0.04
-3.469446951953614E-18
0.2900000000000001
-0.04000000000000001
0.10999999999999999
-0.09999999999999999
0.21000000000000005
0.36000000000000015
0.010000000000000004
-0.26000000000000006
0.25000000000000006
-0.5400000000000003
-0.3900000000000002
-0.5300000000000002
0.22000000000000006
0.07
0.030000000000000006
-0.09
0.0
0.0
0.0
0.0
0.0
-0.01
-0.3000000000000001
-0.34000000000000014
-0.24000000000000005
-0.23000000000000007
-0.5300000000000002
-0.03
-0.4000000000000002
0.17
0.17
0.19
0.010000000000000004
0.09
0.19000000000000003
-0.3100000000000001
0.17
-0.3100000000000001
-0.19000000000000003
0.010000000000000004
-0.34000000000000014
0.09999999999999999
0.09999999999999999
-0.18000000000000002
-0.18000000000000002
0.0
0.0
0.0
0.0
0.0
-0.05
-0.24000000000000007
0.05
-0.22000000000000006
0.020000000000000004
-0.3900000000000002
0.07
-0.07
-0.060000000000000005
0.18000000000000002
0.3200000000000001
0.05
0.060000000000000005
0.04
0.07
0.25000000000000006
-0.23000000000000004
0.05
0.05000000000000001
-0.15
-0.009999999999999997
0.09999999999999999
-0.19000000000000003
-0.02
0.0
0.0
0.0
0.0
0.0
-0.04
-0.009999999999999997
-0.03
-0.47000000000000025
0.09999999999999999
0.11999999999999998
0.25000000000000006
0.2
-0.030000000000000006
0.08
-0.08
0.009999999999999997
0.26000000000000006
-0.13999999999999999
0.05
-0.5100000000000002
-0.25000000000000006
0.18000000000000002
-0.23000000000000004
0.2900000000000001
0.08
-0.05
-0.19000000000000003
-0.02
0.0
0.0
0.0
0.0
0.0
-0.01
-0.07
-0.05
-0.19000000000000003
0.10999999999999999
-0.13999999999999999
0.13999999999999996
0.12999999999999998
0.23000000000000004
0.11999999999999998
0.05
-0.05
-0.18
-0.19
0.15
-0.34000000000000014
-0.46000000000000024
0.04
-0.09999999999999999
-0.010000000000000004
0.15
0.11999999999999998
-0.19000000000000003
-0.02
-0.04
0.0
0.0
0.0
-0.01
-0.09
-0.3300000000000001
0.11999999999999998
-0.2900000000000001
0.10999999999999999
-0.2
0.3000000000000001
0.24000000000000005
-0.09
-0.11999999999999998
-0.04
-0.38000000000000017
-0.22000000000000003
-0.09
0.05
-0.05
-0.04
-0.2700000000000001
0.04
0.24000000000000005
0.18
-0.11999999999999998
-0.20000000000000004
-0.01
-0.04
0.0
0.0
0.0
-0.01
-0.09999999999999999
-0.15
0.22000000000000003
0.3300000000000001
0.009999999999999997
-0.3200000000000001
0.3200000000000001
-0.2800000000000001
-0.3100000000000001
-0.11999999999999998
3.469446951953614E-18
0.019999999999999997
-0.009999999999999997
-0.3100000000000001
0.3000000000000001
0.20000000000000004
0.16
-0.2700000000000001
-0.08
0.16
-0.010000000000000004
-0.25000000000000006
-0.09999999999999999
-0.01
0.0
0.0
0.0
0.0
-0.01
-0.09999999999999999
-0.20000000000000004
0.11999999999999998
0.04
-0.07
0.26000000000000006
-0.46000000000000024
0.13999999999999999
-0.34000000000000014
-0.17
-0.15
-0.2800000000000001
0.4700000000000002
0.17
0.09999999999999996
0.21000000000000002
0.10999999999999999
0.05
0.08
-0.09
-0.030000000000000006
-0.09999999999999999
-0.09
-0.01
0.0
0.0
0.0
0.0
-0.01
-0.01
-0.25000000000000006
-3.469446951953614E-18
-0.060000000000000005
0.009999999999999997
0.34000000000000014
-0.04
-0.060000000000000005
-0.09
0.15
0.34000000000000014
0.15
-0.3200000000000001
-0.019999999999999997
-0.17
0.07
0.19000000000000003
0.2700000000000001
0.04
0.12999999999999998
0.019999999999999997
-0.03
-0.08
0.0
0.0
0.0
0.0
0.0
0.0
-0.01
-0.22000000000000006
0.019999999999999997
-0.12999999999999998
-0.08
-0.15
-0.6400000000000003
0.11999999999999998
0.12999999999999998
-0.09
0.4900000000000002
-0.2
0.3100000000000001
-0.3300000000000001
-0.07
0.09999999999999999
0.030000000000000006
-0.4400000000000002
0.030000000000000006
0.16
0.060000000000000005
-0.05
0.0
0.0
0.0
0.0
0.0
0.0
0.0
-0.01
-0.04
-0.10999999999999999
-0.22000000000000006
-0.37000000000000016
0.12999999999999998
0.4100000000000002
-0.17
0.13999999999999999
0.3000000000000001
0.2
0.009999999999999997
0.03
0.36000000000000015
0.08
-3.469446951953614E-18
0.25000000000000006
0.2900000000000001
0.36000000000000015
-0.23000000000000007
-0.10999999999999999
0.0
0.0
0.0
0.0
0.0
0.0
0.0
0.0
0.0
-0.02
-0.05
-0.09
-0.10999999999999999
-0.07
-0.17
-0.05
-0.060000000000000005
-0.060000000000000005
-0.22000000000000006
-0.060000000000000005
0.20000000000000004
0.009999999999999997
0.009999999999999997
-0.020000000000000004
0.04000000000000001
-0.019999999999999997
-0.02
-0.01
-0.07
-0.08
0.0
0.0
0.0
0.0
0.0
0.0
0.0
-0.01
-0.01
-0.01
0.0
0.0
-0.01
-0.03
-0.060000000000000005
-0.060000000000000005
-0.16
-0.19000000000000003
-0.18000000000000002
-0.09999999999999999
-0.04
-0.01
-0.01
0.0
-0.01
0.0
0.0
0.0
0.0
0.0
0.0
0.0
0.0
0.0
