-3.6549999999997085
0.0
0.0
-0.001
0.6160000000000004
0.08400000000000045
0.22300000000000014
-0.2490000000000002
0.21900000000000014
0.5890000000000004
-0.22900000000000015
0.0010000000000010478
0.121000000000002
0.18199999999999716
0.053000000000009116
0.14500000000000468
0.34000000000000025
-0.7720000000000006
0.044000000000000324
0.1220000000000211
0.06400000000003941
-0.022000000000014567
0.0619999999999984
0.037999999999999944
0.16600000000000012
-0.11200000000000009
0.1520000000000023
-0.08199999999997226
0.21799999999999942
0.11400000000002343
-0.06999999999998052
-0.1349999999999753
0.06700000000000211
-0.08600000000000006
-0.17400000000000004
-0.01700000000000901
0.01200000000000757
-0.11999999999998195
-0.013999999999990295
0.10399999999997579
0.21700000000000022
-0.6910000000000005
0.18300000000000033
-0.18000000000000005
0.05000000000003994
0.0880000000000434
0.0849999999999902
0.1960000000000012
-0.7730000000000006
-0.5450000000000004
