-105.00000000001681
0.0
0.0
0.0
0.0
0.0
0.0
0.0
0.0
0.0
0.0
0.0
0.0
0.0
0.0
0.0
0.0
0.0
0.0
0.0
-0.11999999999999998
5.769999999999921
4.410000000000026
0.030000000000006778
6.299999999999992
-25.629999999999793
-23.88999999999982
-0.6200000000000002
-0.03
-10.55999999999985
0.0
0.0
0.0
-1.4400000000000008
-0.5199999999999984
-10.479999999999809
-17.90999999999951
-14.329999999999984
90.0499999999994
122.63000000000685
72.32000000000264
31.649999999995774
36.11000000000072
47.54000000000183
29.620000000000964
-6.480000000000029
0.0
-0.10999999999999999
-11.379999999999802
-44.030000000000356
37.660000000002256
-22.359999999999268
61.11999999999581
-51.42999999999929
-54.79999999999783
10.210000000000264
50.46999999999563
48.060000000001935
76.65000000000106
51.99999999999908
8.789999999999864
0.0
-0.11999999999999998
1.8300000000000018
26.830000000000194
63.94999999999597
42.320000000002054
-17.569999999999173
-96.62999999999965
-53.059999999997565
13.309999999999857
65.59000000000167
94.05000000000406
125.1900000000039
15.539999999999754
-4.87999999999994
0.0
-0.03
22.650000000000336
45.939999999998705
-1.4899999999999658
-24.059999999993057
32.30000000000615
38.03000000000225
30.079999999994047
-38.830000000003274
-13.80999999999934
37.959999999999354
54.120000000000694
-5.389999999999922
4.259999999999991
0.0
-0.03
16.449999999999893
-31.41999999999835
-21.25000000000062
-46.850000000007576
61.490000000007804
31.53999999999774
-12.659999999999672
-61.89999999999338
-143.28000000000958
-129.02000000000052
10.150000000000603
24.36000000000022
-2.679999999999987
0.0
-5.749999999999922
-47.38000000000081
-70.46999999999886
-21.37000000000402
1.7800000000006593
100.2100000000033
48.04999999999569
25.750000000001787
-44.68000000000202
-63.4300000000065
-32.409999999997964
-30.27999999999973
-21.65000000000022
-0.15
0.0
-1.1800000000000008
-23.260000000000236
-43.91999999999948
-30.539999999996443
27.99999999999288
47.409999999994135
10.33000000000011
-76.72999999999973
-33.089999999990496
-87.49999999999875
6.149999999999902
-3.869999999999976
-10.590000000000055
-0.6600000000000004
0.0
-2.709999999999986
-8.600000000000081
82.14000000000006
82.52000000000393
21.640000000001205
20.030000000002097
-33.929999999997726
-45.90000000000484
-1.4899999999999776
-28.869999999999386
27.409999999999208
46.53000000000145
-13.679999999999787
-0.5100000000000002
0.0
-6.769999999999939
43.01000000000045
81.2100000000019
25.789999999998628
-26.15999999999465
-11.460000000000063
17.709999999999823
33.659999999997574
65.9500000000011
8.410000000001757
26.00999999999848
32.5700000000006
3.6099999999999675
-0.03
0.0
-1.5900000000000012
4.7799999999995375
14.179999999999584
-31.97000000000008
-52.550000000004985
38.140000000002445
77.22999999999954
23.039999999998667
2.789999999999981
11.770000000000023
21.079999999998517
-9.360000000000007
0.0
0.0
0.0
-3.789999999999963
-0.05
-9.329999999999847
-45.950000000000394
-48.92000000000117
-46.80000000000152
-65.60999999999957
-49.3900000000013
-18.979999999999773
-20.72999999999981
-17.119999999999806
-16.179999999999755
0.0
0.0
0.0
