-0.23200000000000018
0.0
0.0
0.0
0.0
0.0
0.0
0.0
0.0
0.0
0.0
0.0
0.0
0.0
0.0
0.0
0.0
0.0
0.0
0.0
0.0
0.0
0.0
0.0
0.0
0.0
0.0
0.0
0.0
0.0
0.0
0.0
0.0
0.0
0.0
0.0
0.0
0.0
0.0
0.0
0.0
0.0
0.0
0.0
0.0
0.0
0.0
0.0
0.0
0.0
0.0
0.0
0.0
0.0
0.0
0.0
0.0
0.0
0.0
0.0
0.0
0.0
0.0
0.0
0.0
0.0
0.0
0.0
0.0
0.0
0.0
0.0
0.0
0.0
0.0
0.0
0.0
0.0
0.0
0.0
0.0
0.0
0.0
0.0
0.0
0.0
0.0
0.0
0.0
0.0
0.0
0.0
0.0
0.0
0.0
0.0
0.0
-0.002
0.03600000000000002
0.016
-0.003000000000000001
0.012
0.005
0.013000000000000003
0.04000000000000002
-0.006
0.013000000000000001
0.003
0.002
-0.007
-0.002
0.0
0.0
0.0
0.0
0.0
0.0
0.0
0.0
0.0
0.0
-0.018000000000000002
0.004
-0.004
-0.001
0.013
-0.005000000000000002
-0.007
-0.006000000000000001
0.022000000000000013
-0.015000000000000015
0.024999999999999994
0.016999999999999994
0.005999999999999993
0.04000000000000002
0.02800000000000001
0.023000000000000013
0.003000000000000007
0.02600000000000001
-0.016
0.002
-0.02800000000000001
-0.020000000000000004
0.0
0.0
0.0
0.0
0.0
0.0
0.0
-0.002
-0.012
0.012
-0.006000000000000007
-0.024000000000000007
-0.005999999999999994
-0.007999999999999998
0.00599999999999999
-3.469446951953614E-18
0.012999999999999994
0.019000000000000003
0.018999999999999996
0.027000000000000024
0.006000000000000028
-0.009999999999999998
0.004999999999999997
-0.008999999999999984
0.0020000000000000035
0.024
-0.044000000000000025
0.029000000000000012
-0.018000000000000002
-0.004
0.0
0.0
0.0
0.0
0.0
0.0
-0.008
-0.016
-0.019000000000000003
-0.011
-0.033000000000000015
0.017
-0.03800000000000001
0.04300000000000002
0.018999999999999996
0.008999999999999946
0.013999999999999978
-0.00699999999999999
0.002999999999999986
-0.0050000000000000044
0.03700000000000001
0.031
-0.003999999999999984
0.01800000000000001
-0.011999999999999992
0.06300000000000004
0.017
-0.009000000000000003
0.030000000000000013
0.012
0.0
0.0
0.0
0.0
-0.001
-0.017
-0.02800000000000001
-0.014
0.043000000000000024
0.0070000000000000045
-0.01200000000000001
0.017000000000000036
0.020999999999999998
-0.010000000000000005
0.030999999999999993
0.025
-0.006999999999999979
0.010999999999999944
-0.029000000000000012
0.01899999999999999
0.0050000000000000105
0.018999999999999996
0.023
0.04800000000000003
-0.02100000000000001
0.032000000000000015
-0.002
0.013999999999999999
0.012
0.0
0.0
0.0
0.0
-0.002
-0.02800000000000001
-0.024000000000000007
0.022000000000000006
0.019000000000000003
-0.0029999999999999966
0.013999999999999995
0.035000000000000024
-0.023000000000000007
0.04700000000000002
-0.04800000000000003
-0.031
-0.03000000000000002
0.008999999999999984
0.016999999999999967
0.01100000000000001
9.99999999999994E-4
-1.0408340855860843E-17
0.01199999999999997
-0.005000000000000011
0.08000000000000006
0.03600000000000002
0.032000000000000015
0.013000000000000001
0.012
0.0
0.0
0.0
0.0
-0.006
-0.002
-0.011
0.022000000000000006
-0.008999999999999994
0.031000000000000014
-0.002999999999999969
0.03400000000000002
0.0060000000000000045
0.013999999999999993
-0.031000000000000014
0.021999999999999985
-0.016000000000000028
-0.010000000000000024
-0.014000000000000009
9.999999999999653E-4
0.025
0.035000000000000024
-0.03600000000000002
0.007000000000000008
0.02600000000000001
0.05300000000000003
0.006
-0.019000000000000003
0.0
0.0
0.0
0.0
0.0
0.0
0.008
0.018000000000000002
0.022000000000000006
0.011999999999999993
-0.009999999999999998
0.03400000000000002
0.02600000000000001
0.006999999999999948
0.006999999999999983
-0.002000000000000007
0.00699999999999999
0.017999999999999974
-0.017000000000000008
-0.011
0.013999999999999976
-0.0010000000000000104
0.045000000000000005
0.07200000000000005
0.014000000000000007
0.04600000000000003
9.999999999999992E-4
-0.04800000000000003
-0.010000000000000002
0.0
0.0
0.0
0.0
0.0
0.0
0.001
0.020000000000000004
6.071532165918825E-18
0.012000000000000014
-0.008000000000000021
0.0019999999999999983
0.028000000000000025
0.01
0.02900000000000002
0.0060000000000000105
-0.013000000000000038
0.008999999999999977
-0.024
-0.026000000000000044
-0.013000000000000001
0.04700000000000002
0.01199999999999999
0.04700000000000002
0.021000000000000005
0.04000000000000002
-0.02500000000000001
-0.04100000000000002
-0.002
0.006
0.0
0.0
0.0
0.0
0.0
-0.003
0.034000000000000016
0.04800000000000002
0.014000000000000009
0.04600000000000002
0.007999999999999997
-0.006000000000000026
-0.007000000000000001
0.05200000000000001
0.005000000000000015
-0.005
0.049000000000000016
0.016000000000000014
0.011999999999999993
-0.023000000000000007
-0.008000000000000007
0.06100000000000004
0.015
0.07500000000000005
-0.023
0.03500000000000002
-0.015000000000000001
0.003
0.006
0.0
0.0
0.0
0.0
-0.002
-0.004000000000000001
-0.03600000000000002
-0.02700000000000001
-0.01299999999999999
-0.03000000000000002
-0.05800000000000004
3.469446951953614E-18
0.06400000000000003
0.013999999999999974
0.006999999999999976
0.028000000000000004
-0.019999999999999962
0.05500000000000003
0.03200000000000001
-0.02800000000000001
-0.04300000000000002
0.010999999999999982
-0.028999999999999998
0.02600000000000001
0.05200000000000003
0.022000000000000006
0.018000000000000002
0.0
0.0
0.0
0.0
0.0
0.0
-0.002
-0.034000000000000016
-0.024000000000000014
-3.469446951953614E-18
-0.002999999999999993
-0.020999999999999998
0.012000000000000018
0.004999999999999986
-9.999999999999861E-4
0.009000000000000025
0.016999999999999994
-0.009999999999999964
0.0050000000000000105
0.036000000000000004
0.029000000000000033
-0.027000000000000024
0.0010000000000000035
-0.06800000000000005
-0.04900000000000003
-0.045000000000000026
0.003
-0.002
0.021000000000000005
0.0
0.0
0.0
0.0
0.0
0.0
0.0
-0.011000000000000001
-0.054000000000000034
-0.031000000000000014
-0.04600000000000003
-0.043000000000000024
-6.071532165918825E-18
-0.03400000000000001
0.051
0.030000000000000034
0.027000000000000017
-0.022999999999999986
0.0040000000000000036
0.024
-0.01800000000000001
-0.01300000000000002
-0.046000000000000034
0.006000000000000001
-0.015
-0.04600000000000003
9.999999999999992E-4
0.0
-0.020000000000000004
-0.032000000000000015
0.0
0.0
0.0
0.0
0.0
-0.004
0.0
-3.469446951953614E-18
-0.06200000000000004
0.0060000000000000045
-0.05100000000000003
0.016
-0.01199999999999997
-0.008999999999999977
0.05400000000000003
0.041000000000000016
0.002999999999999993
9.999999999999792E-4
-0.009000000000000001
0.002000000000000015
0.027000000000000003
-0.032000000000000015
-0.005000000000000001
-0.02800000000000001
0.007999999999999997
-0.01100000000000001
0.001999999999999999
-0.022000000000000006
-0.003
0.0
0.0
0.0
0.0
0.0
-0.004
0.011000000000000001
-0.020000000000000004
-0.031000000000000014
0.003000000000000014
0.0029999999999999966
0.03500000000000001
0.0040000000000000036
-0.004999999999999986
0.008000000000000018
-0.008000000000000007
0.009999999999999998
0.009999999999999988
-0.024
-0.003999999999999997
-0.06200000000000004
-0.023000000000000007
-0.004999999999999997
-0.02600000000000001
0.02000000000000001
0.010000000000000004
-0.003000000000000002
-0.012000000000000004
-0.003
0.0
0.0
0.0
0.0
0.0
0.0
0.002
-0.0029999999999999966
-0.031000000000000014
-0.029000000000000005
0.001
-0.0060000000000000175
0.03800000000000002
0.02600000000000001
0.026000000000000002
0.03400000000000001
-0.02899999999999997
-0.025999999999999995
-0.010000000000000002
0.011000000000000006
-1.5612511283791264E-17
-0.054000000000000034
0.0010000000000000035
0.008999999999999998
-0.02599999999999999
0.022000000000000006
0.023
-0.019000000000000003
-0.006
-0.004
0.0
0.0
0.0
0.0
-0.008
-0.04800000000000003
0.027000000000000003
-0.024000000000000007
0.027000000000000003
0.004999999999999997
0.06000000000000001
0.02899999999999999
-0.029999999999999992
-0.046000000000000034
9.999999999999818E-4
-0.03500000000000002
-0.026000000000000016
-0.03100000000000002
-0.00199999999999998
0.002000000000000007
-0.020000000000000004
-0.02000000000000001
-0.007
0.03500000000000001
-0.009000000000000001
-0.018000000000000002
-0.022000000000000006
0.0
-0.004
0.0
0.0
0.0
-0.002
-0.006
-0.01
0.022000000000000006
0.0030000000000000105
0.006999999999999997
-0.03800000000000003
0.034000000000000016
-0.015000000000000015
-0.021000000000000026
-0.023000000000000013
-0.020999999999999998
-0.013000000000000003
-0.016999999999999973
-0.02900000000000002
0.043000000000000024
0.03400000000000003
-0.005999999999999993
-0.04800000000000003
0.007999999999999998
0.054000000000000034
0.020000000000000004
-0.03600000000000002
-0.012
0.0
0.0
0.0
0.0
0.0
-0.001
-0.009000000000000001
-0.032000000000000015
0.007999999999999988
0.0070000000000000106
-0.014999999999999972
0.0029999999999999966
-0.021999999999999992
0.022000000000000013
-0.029000000000000012
-0.029000000000000005
3.469446951953614E-18
-0.03800000000000002
0.035
0.024
-0.009000000000000011
0.014999999999999989
0.019000000000000003
-0.014999999999999998
0.008000000000000002
-0.004
0.021000000000000005
-0.017
-0.005
0.0
0.0
0.0
0.0
0.0
-0.001
-0.001
-0.022000000000000006
0.009000000000000005
-0.027000000000000003
0.019000000000000003
0.05500000000000003
-0.011
-0.010999999999999982
0.0039999999999999845
0.04400000000000002
0.02300000000000002
0.044000000000000025
-0.027999999999999997
0.013999999999999992
1.8214596497756474E-17
0.018000000000000002
-0.005999999999999996
0.01100000000000001
0.002
0.02700000000000001
0.007
0.004
-0.01
-0.002
0.0
0.0
0.0
0.0
0.0
-0.006
-0.034000000000000016
0.003000000000000001
-0.007999999999999997
-0.004
-0.028999999999999998
-0.08800000000000006
-0.006000000000000008
0.023000000000000013
-9.999999999999861E-4
0.04700000000000003
0.007000000000000007
0.019999999999999997
-0.022999999999999993
-0.013999999999999986
0.03600000000000001
0.016
-0.027000000000000017
-0.024999999999999994
0.03200000000000001
0.015000000000000001
0.004
-0.002
-0.002
0.0
0.0
0.0
0.0
0.0
-0.01
-0.019000000000000003
-0.021000000000000005
-0.030000000000000013
-0.03500000000000001
-0.011000000000000005
0.015000000000000015
-0.010000000000000009
0.04400000000000002
0.04300000000000003
0.05900000000000004
-0.013999999999999988
-0.022999999999999993
0.0020000000000000052
0.04200000000000002
0.012999999999999996
0.05700000000000004
0.02700000000000001
0.04800000000000003
-0.02800000000000001
-0.014
0.0
0.0
0.0
0.0
0.0
0.0
0.0
0.0
-0.002
-0.001
-0.007
-0.021000000000000005
-0.032000000000000015
-0.03500000000000002
-0.04600000000000003
-0.033000000000000015
-0.011000000000000005
-0.031000000000000014
-0.017
-0.014000000000000007
0.032000000000000015
0.008
0.012
0.005
0.032000000000000015
0.002
-0.003
0.0
-0.008
-0.024000000000000007
0.0
0.0
0.0
0.0
0.0
0.0
0.0
0.0
0.0
0.0
0.0
-0.002
-0.001
-0.015000000000000001
-0.015000000000000001
-0.021000000000000005
-0.015
-0.022000000000000006
-0.019000000000000003
-0.013000000000000005
-0.012
-0.003
-0.006
-0.001
0.0
0.002
0.002
0.002
0.0
0.0
0.0
0.0
0.0
0.0
