0.05
0.0
0.0
0.0
0.0
0.0
0.0
0.0
0.0
0.0
0.0
0.0
0.0
0.0
0.0
0.0
0.0
0.0
0.0
0.0
0.01
0.010000000000000002
0.07
-0.06
0.049999999999999996
-0.09999999999999999
0.010000000000000004
0.04
0.0
0.0
0.0
0.0
0.0
0.0
-0.11000000000000001
-0.009999999999999967
-5.377642775528102E-17
0.3899999999999999
0.4399999999999999
0.13999999999999985
0.39
-0.1899999999999996
-0.18999999999999995
-0.3999999999999999
-0.15
0.0
0.0
0.0
-0.03
0.21
-0.14
0.09999999999999962
0.2499999999999997
0.0699999999999998
-0.03000000000000011
0.24999999999999997
-0.2399999999999999
0.19000000000000003
-0.16000000000000003
-0.13
0.0
0.0
-0.05
0.30000000000000004
0.11999999999999997
0.2900000000000001
0.3299999999999999
0.21999999999999997
-0.39000000000000024
-0.2600000000000001
-0.14999999999999988
-0.07999999999999989
0.08999999999999997
-0.10000000000000003
-0.04
0.0
0.0
-0.05
0.13999999999999999
-0.3099999999999999
-0.1399999999999999
-0.27
-0.6600000000000001
-0.6800000000000002
0.1799999999999999
-0.5399999999999996
0.010000000000000009
-0.14999999999999966
-0.26
-0.09999999999999999
0.0
0.0
0.0
-0.18999999999999997
-0.7000000000000001
-0.58
-0.5800000000000001
-0.5499999999999992
-0.3
0.14999999999999988
-0.2800000000000001
-0.45
-0.6900000000000001
-0.52
1.214306433183765E-17
0.0
0.0
-0.03
0.08000000000000002
-0.12999999999999995
0.33
0.14999999999999988
0.11999999999999983
0.1399999999999994
0.02000000000000012
-0.08999999999999977
-0.4999999999999999
-0.09999999999999995
0.4099999999999999
0.58
0.15
0.0
6.938893903907228E-18
0.29000000000000004
-0.4
-0.24999999999999986
0.5899999999999996
0.3799999999999999
0.5799999999999996
0.15000000000000008
-0.059999999999999845
0.53
0.27999999999999997
0.3500000000000001
0.019999999999999997
0.0
0.0
0.05
0.5099999999999999
0.4999999999999996
0.5499999999999999
0.5599999999999997
0.6800000000000005
0.4399999999999999
0.06000000000000012
-0.4299999999999997
-0.03999999999999993
0.16000000000000011
0.13
0.01
0.0
0.0
-0.009999999999999998
0.2599999999999999
0.4299999999999998
-4.85722573273506E-17
0.17
0.1599999999999999
0.24999999999999986
-0.27000000000000013
-0.12999999999999984
0.3100000000000002
0.029999999999999992
0.19
-0.01
0.03
0.0
0.0
0.10999999999999999
-0.17
-0.16999999999999998
-0.13000000000000028
-0.32000000000000006
-0.17999999999999997
0.11
0.20000000000000007
0.19999999999999998
0.36000000000000004
0.11999999999999997
0.06
0.0
0.0
0.0
0.0
0.0
-0.03
-0.18
-0.18
-0.01
0.0
0.0
0.0
0.0
0.0
0.0
0.0
0.0
