0.09300000000000007
0.0
0.0
0.06000000000000004
0.17200000000000013
-0.013000000000000005
-0.14700000000000005
-0.01900000000000001
-0.3180000000000002
0.0
0.4910000000000003
0.10399999999999972
0.18300000000000044
-0.123
-0.15200000000000025
-0.04399999999999967
-0.13900000000000004
0.001
0.14100000000000035
-0.32900000000000024
0.05699999999999945
-0.3610000000000001
-0.03699999999999974
-0.19899999999999995
-0.2770000000000002
0.05000000000000004
0.05700000000000001
0.07899999999999989
-0.2790000000000012
0.38800000000000023
-0.13600000000000012
0.21499999999999997
0.3820000000000003
0.035000000000000024
0.30600000000000005
0.33600000000000035
0.20500000000000035
0.35100000000000026
0.006999999999999706
0.12500000000000167
-0.058000000000000114
0.001
-0.010000000000000151
0.21900000000000014
-0.2520000000000001
-0.3910000000000003
0.3600000000000002
0.3830000000000003
-0.08200000000000006
-0.001
