-0.47300000000000036
0.0
0.0
0.0
0.0
0.0
0.0
0.0
0.0
0.0
0.0
0.0
0.0
0.0
0.0
0.0
0.0
0.0
0.0
0.0
0.0
0.0
0.0
0.0
0.0
0.0
0.0
0.0
0.0
0.0
0.0
0.0
0.0
0.0
0.0
0.0
0.0
0.0
0.0
0.0
0.0
0.0
0.0
0.0
0.0
0.0
0.0
0.0
0.0
0.0
0.0
0.0
0.0
0.0
0.0
0.0
0.0
0.0
0.0
0.0
0.0
0.0
0.0
0.0
0.0
0.0
0.0
0.0
0.0
-0.002
-0.006
-0.004
-0.008
-0.006
-0.010000000000000002
-0.009000000000000001
-0.019000000000000003
-0.013000000000000005
-0.007
-0.002
0.0
0.0
0.0
0.0
0.0
0.0
0.0
0.0
0.0
0.0
0.0
0.0
0.0
0.0
-0.002
0.0
0.0
0.001
0.006
-0.002
-0.016
-0.008
-0.05000000000000003
-0.03500000000000002
-0.04600000000000003
-0.033000000000000015
-0.04900000000000003
-0.007000000000000001
-0.017
-0.002
-0.012
0.0
0.0
0.0
0.0
0.0
0.0
0.0
0.0
0.0
0.0
0.0
-0.002
-0.002
-0.005
-0.004
-0.003
-0.04600000000000003
-0.06000000000000004
-0.08500000000000006
-0.1220000000000001
-0.12600000000000008
-0.10800000000000008
-0.1570000000000001
-0.12700000000000009
-0.09600000000000007
-0.07800000000000006
-0.05300000000000003
-0.05700000000000004
-0.044000000000000025
-0.011000000000000001
-0.006
0.0
0.0
0.0
0.0
0.0
0.0
0.0
0.0
-0.002
-0.004
-0.013000000000000001
-0.005
-0.018000000000000002
-0.08200000000000006
-0.08100000000000006
-0.1220000000000001
-0.21300000000000016
-0.22300000000000017
-0.2600000000000002
-0.3040000000000002
-0.2950000000000002
-0.2810000000000002
-0.20500000000000015
-0.18400000000000014
-0.1490000000000001
-0.07000000000000005
-0.10600000000000008
-0.032000000000000015
-0.019000000000000003
-0.002
0.0
0.0
0.0
0.0
0.0
0.0
0.0
-0.006
-0.022000000000000006
-0.024000000000000007
-0.033000000000000015
-0.09500000000000007
-0.11300000000000009
-0.20700000000000016
-0.2600000000000002
-0.3180000000000002
-0.3790000000000003
-0.3930000000000003
-0.36800000000000027
-0.3840000000000003
-0.35500000000000026
-0.35700000000000026
-0.2580000000000002
-0.21400000000000016
-0.16100000000000012
-0.10400000000000008
-0.05700000000000004
-0.018000000000000002
-0.002
0.0
0.0
0.0
0.0
0.0
0.0
-0.002
-0.006
-0.034000000000000016
-0.02500000000000001
-0.10000000000000007
-0.1430000000000001
-0.16700000000000012
-0.25000000000000017
-0.3120000000000002
-0.33600000000000024
-0.46700000000000036
-0.4130000000000003
-0.3920000000000003
-0.4040000000000003
-0.3890000000000003
-0.3920000000000003
-0.33600000000000024
-0.23500000000000018
-0.16700000000000012
-0.1230000000000001
-0.07400000000000005
-0.02600000000000001
-0.006
0.0
0.0
0.0
0.0
0.0
0.0
-0.002
-0.022000000000000006
-0.02700000000000001
-0.07900000000000006
-0.1420000000000001
-0.11500000000000009
-0.22300000000000017
-0.34200000000000025
-0.36800000000000027
-0.3730000000000003
-0.46100000000000035
-0.4270000000000003
-0.44900000000000034
-0.4090000000000003
-0.4060000000000003
-0.4220000000000003
-0.3050000000000002
-0.2460000000000002
-0.19300000000000014
-0.1520000000000001
-0.11200000000000009
-0.05000000000000003
-0.021000000000000005
-0.002
0.0
0.0
0.0
0.0
-0.002
-0.01
-0.006
-0.056000000000000036
-0.07200000000000005
-0.1290000000000001
-0.20000000000000015
-0.2860000000000002
-0.33500000000000024
-0.3810000000000003
-0.3930000000000003
-0.4270000000000003
-0.3790000000000003
-0.44500000000000034
-0.35800000000000026
-0.36800000000000027
-0.3710000000000003
-0.3060000000000002
-0.25300000000000017
-0.16900000000000012
-0.1340000000000001
-0.11500000000000009
-0.045000000000000026
-0.015000000000000001
-0.002
0.0
0.0
0.0
0.0
-0.001
-0.001
-0.018000000000000002
-0.03700000000000002
-0.06800000000000005
-0.1500000000000001
-0.23200000000000018
-0.3060000000000002
-0.34600000000000025
-0.3860000000000003
-0.4260000000000003
-0.31900000000000023
-0.34400000000000025
-0.35400000000000026
-0.36900000000000027
-0.3890000000000003
-0.3920000000000003
-0.3090000000000002
-0.25200000000000017
-0.18200000000000013
-0.11300000000000009
-0.10200000000000008
-0.05100000000000003
-0.016
0.0
0.0
0.0
0.0
0.0
-0.002
-0.003
-0.034000000000000016
-0.034000000000000016
-0.07400000000000005
-0.1590000000000001
-0.22600000000000017
-0.34300000000000025
-0.4110000000000003
-0.35800000000000026
-0.4020000000000003
-0.33800000000000024
-0.3150000000000002
-0.3860000000000003
-0.4040000000000003
-0.43900000000000033
-0.4040000000000003
-0.33500000000000024
-0.23900000000000018
-0.16500000000000012
-0.11200000000000009
-0.07700000000000005
-0.033000000000000015
0.0
0.0
0.0
0.0
0.0
0.0
0.0
-0.002
-0.017
-0.03700000000000002
-0.09800000000000007
-0.18300000000000013
-0.2850000000000002
-0.35500000000000026
-0.33700000000000024
-0.36700000000000027
-0.3910000000000003
-0.33400000000000024
-0.35500000000000026
-0.3780000000000003
-0.4160000000000003
-0.4040000000000003
-0.34300000000000025
-0.3140000000000002
-0.23300000000000018
-0.1460000000000001
-0.054000000000000034
-0.06700000000000005
-0.02700000000000001
0.0
0.0
0.0
0.0
0.0
0.0
0.0
0.0
-0.019000000000000003
-0.054000000000000034
-0.10700000000000008
-0.22600000000000017
-0.2970000000000002
-0.33100000000000024
-0.3050000000000002
-0.3970000000000003
-0.35700000000000026
-0.3900000000000003
-0.4020000000000003
-0.4070000000000003
-0.46800000000000036
-0.4230000000000003
-0.35600000000000026
-0.3000000000000002
-0.2590000000000002
-0.11900000000000009
-0.06500000000000004
-0.054000000000000034
-0.017
-0.002
0.0
0.0
0.0
0.0
0.0
0.0
0.0
-0.012
-0.07500000000000005
-0.16200000000000012
-0.17600000000000013
-0.22600000000000017
-0.32000000000000023
-0.36200000000000027
-0.3920000000000003
-0.3920000000000003
-0.32300000000000023
-0.3750000000000003
-0.3900000000000003
-0.47800000000000037
-0.3800000000000003
-0.35100000000000026
-0.2580000000000002
-0.21200000000000016
-0.1380000000000001
-0.09700000000000007
-0.055000000000000035
-0.02700000000000001
-0.001
0.0
0.0
0.0
0.0
0.0
0.0
0.0
-0.024000000000000007
-0.07800000000000006
-0.11900000000000009
-0.16600000000000012
-0.2480000000000002
-0.2900000000000002
-0.32100000000000023
-0.32200000000000023
-0.34400000000000025
-0.3700000000000003
-0.3980000000000003
-0.3990000000000003
-0.46100000000000035
-0.36400000000000027
-0.35700000000000026
-0.2900000000000002
-0.20700000000000016
-0.1470000000000001
-0.05500000000000004
-0.04600000000000003
-0.02700000000000001
-0.002
0.0
0.0
0.0
0.0
0.0
0.0
0.0
-0.02500000000000001
-0.04900000000000003
-0.11500000000000009
-0.1330000000000001
-0.2700000000000002
-0.2680000000000002
-0.3160000000000002
-0.3010000000000002
-0.32300000000000023
-0.33800000000000024
-0.3790000000000003
-0.4080000000000003
-0.3750000000000003
-0.4190000000000003
-0.32400000000000023
-0.2660000000000002
-0.20700000000000016
-0.1470000000000001
-0.06000000000000004
-0.02500000000000001
0.004
0.0
0.0
0.0
0.0
0.0
0.0
0.0
0.0
-0.03500000000000002
-0.06000000000000004
-0.11600000000000009
-0.16200000000000012
-0.22500000000000017
-0.2490000000000002
-0.2620000000000002
-0.23700000000000018
-0.2790000000000002
-0.35900000000000026
-0.33900000000000025
-0.3910000000000003
-0.3880000000000003
-0.3880000000000003
-0.3160000000000002
-0.2410000000000002
-0.20600000000000016
-0.10500000000000008
-0.05800000000000004
-0.010000000000000004
0.010000000000000002
0.001
0.002
0.002
0.0
0.0
0.0
-0.008
-0.002
-0.03500000000000002
-0.03900000000000002
-0.1370000000000001
-0.16500000000000012
-0.23200000000000018
-0.2470000000000002
-0.22800000000000017
-0.2600000000000002
-0.2710000000000002
-0.35200000000000026
-0.34600000000000025
-0.3760000000000003
-0.3980000000000003
-0.3860000000000003
-0.2730000000000002
-0.23900000000000018
-0.20600000000000016
-0.08400000000000006
-0.04700000000000003
-0.012
0.008
0.002
0.002
0.002
0.0
0.0
0.0
-0.015000000000000003
-0.011000000000000003
-0.024000000000000007
-0.04700000000000002
-0.1370000000000001
-0.1400000000000001
-0.17400000000000013
-0.20400000000000015
-0.3050000000000002
-0.2760000000000002
-0.3080000000000002
-0.34500000000000025
-0.34100000000000025
-0.3720000000000003
-0.4040000000000003
-0.2800000000000002
-0.2840000000000002
-0.23300000000000018
-0.1410000000000001
-0.08500000000000006
-0.04200000000000002
-0.016
0.001
0.0
0.0
0.0
0.0
0.0
0.0
-0.009000000000000001
-0.007
-0.02500000000000001
-0.04900000000000003
-0.12600000000000008
-0.17400000000000013
-0.17500000000000013
-0.23100000000000018
-0.2910000000000002
-0.32300000000000023
-0.36400000000000027
-0.4150000000000003
-0.3740000000000003
-0.43800000000000033
-0.3900000000000003
-0.33900000000000025
-0.2610000000000002
-0.21700000000000016
-0.1470000000000001
-0.043000000000000024
-0.03600000000000002
-0.011000000000000001
-0.001
-0.002
0.0
0.0
0.0
0.0
0.0
-0.004
-0.001
-0.034000000000000016
-0.03900000000000002
-0.09600000000000007
-0.18100000000000013
-0.22400000000000017
-0.2660000000000002
-0.2880000000000002
-0.35800000000000026
-0.3900000000000003
-0.4080000000000003
-0.3860000000000003
-0.4080000000000003
-0.33700000000000024
-0.2880000000000002
-0.2610000000000002
-0.16000000000000011
-0.11000000000000008
-0.011000000000000005
-0.006
-0.014000000000000002
0.001
0.0
0.0
0.0
0.0
0.0
0.0
0.0
0.0
-0.02500000000000001
-0.04900000000000003
-0.08300000000000006
-0.1440000000000001
-0.18800000000000014
-0.2610000000000002
-0.2970000000000002
-0.3100000000000002
-0.35900000000000026
-0.3760000000000003
-0.3780000000000003
-0.3850000000000003
-0.33200000000000024
-0.2780000000000002
-0.18600000000000014
-0.1360000000000001
-0.08400000000000006
-0.005
-0.015000000000000003
0.002
-0.001
0.0
0.0
0.0
0.0
0.0
0.0
0.0
0.002
-0.005
-0.05900000000000004
-0.06300000000000004
-0.10100000000000008
-0.1590000000000001
-0.19800000000000015
-0.23900000000000018
-0.2890000000000002
-0.35300000000000026
-0.3790000000000003
-0.34500000000000025
-0.3060000000000002
-0.2700000000000002
-0.21200000000000016
-0.16000000000000011
-0.08900000000000007
-0.04700000000000003
-0.012
-0.002
0.006
-0.002
0.0
0.0
0.0
0.0
0.0
0.0
0.0
0.0
-0.002
-0.008
-0.024000000000000007
-0.03700000000000002
-0.09400000000000007
-0.10900000000000008
-0.17400000000000013
-0.17700000000000013
-0.19600000000000015
-0.21800000000000017
-0.23800000000000018
-0.19300000000000014
-0.1360000000000001
-0.11100000000000008
-0.07800000000000006
-0.06600000000000004
-0.044000000000000025
-0.015000000000000001
-0.004
0.002
0.0
0.0
0.0
0.0
0.0
0.0
0.0
0.0
0.0
0.0
-0.004
-0.004
-0.020000000000000004
-0.04900000000000003
-0.04600000000000003
-0.06400000000000004
-0.06600000000000004
-0.07100000000000005
-0.08300000000000006
-0.09800000000000007
-0.07200000000000005
-0.04000000000000002
-0.04000000000000002
-0.032000000000000015
-0.02800000000000001
-0.02600000000000001
-0.012
-0.004
0.0
0.0
0.0
0.0
0.0
0.0
0.0
0.0
0.0
0.0
0.0
0.0
-0.004
-0.013
-0.019000000000000003
-0.02500000000000001
-0.007
-0.004
-0.009000000000000001
-0.008
-0.019000000000000003
-0.015000000000000005
-0.011000000000000003
-0.018000000000000002
-0.009000000000000001
-0.01
-0.006
-0.004
0.0
0.0
0.0
0.0
0.0
0.0
0.0
0.0
