-0.07
0.0
0.0
0.0
0.0
-0.02
-0.04
0.0
0.0
0.0
0.0
0.0
0.0
0.0
0.0
0.0
0.0
0.0
0.0
-0.02
0.11
0.24999999999999994
0.22999999999999993
0.08000000000000003
-0.31999999999999995
-0.3500000000000002
-0.13999999999999999
-0.060000000000000005
0.019999999999999997
0.0
0.0
0.0
0.0
-0.060000000000000005
0.039999999999999994
0.6000000000000003
0.17000000000000007
0.43000000000000005
0.2999999999999996
0.06999999999999995
0.2900000000000006
-0.24999999999999983
-0.36000000000000015
-0.13
-0.03
0.0
0.0
0.0
-0.060000000000000005
0.51
0.35999999999999993
-0.08
-0.12999999999999992
0.2899999999999997
0.13999999999999987
-0.03
0.12999999999999995
-0.34999999999999976
-0.4400000000000001
-0.13999999999999999
0.0
0.0
-0.04
-0.22
0.11999999999999997
0.17999999999999994
0.17000000000000012
0.23999999999999955
0.16999999999999993
-0.15999999999999975
-0.050000000000000155
0.12000000000000002
0.009999999999999863
-0.5500000000000002
-0.08
0.0
0.0
-0.04
-0.23
-0.08000000000000004
-0.46999999999999986
-0.2900000000000002
-0.31000000000000094
-0.5099999999999995
0.0699999999999999
-0.4599999999999996
-0.5100000000000003
-0.5499999999999995
-0.27
0.09
0.2800000000000001
0.0
0.0
-0.7400000000000002
-0.5700000000000002
-0.9700000000000005
-0.9100000000000005
-0.6099999999999998
-1.0800000000000003
0.12999999999999998
-0.18999999999999978
-0.22
0.10000000000000007
0.5299999999999999
0.5600000000000003
0.0
0.0
-0.08
-0.5300000000000002
-0.10000000000000002
0.7699999999999999
0.2099999999999998
0.25999999999999973
0.5600000000000005
0.4199999999999993
-0.8500000000000001
0.38999999999999996
0.3499999999999998
0.42
0.4800000000000002
0.01
0.0
0.07
0.41000000000000003
0.23999999999999985
0.3699999999999999
-0.21000000000000005
0.4099999999999995
0.5999999999999995
-0.030000000000000228
0.06999999999999988
0.2199999999999996
-0.20000000000000023
0.8200000000000003
0.43000000000000016
0.0
0.0
-0.060000000000000005
0.16000000000000003
0.3599999999999991
0.1799999999999998
0.7399999999999997
0.5900000000000001
0.5099999999999992
0.3099999999999997
-0.020000000000000025
0.23999999999999996
0.7799999999999997
0.43000000000000005
0.10999999999999999
0.0
0.0
-0.12000000000000001
0.21999999999999997
0.14
0.15999999999999984
-0.12999999999999995
-0.17999999999999977
2.2551405187698492E-17
-0.1999999999999995
0.22999999999999984
0.7300000000000003
-0.04000000000000008
-0.08000000000000002
0.05
0.0
0.0
0.0
0.3900000000000001
0.48
0.3199999999999998
0.17999999999999994
-0.3700000000000005
-0.3700000000000001
-0.30999999999999994
-0.3999999999999997
-0.31999999999999995
-0.31
-0.13999999999999999
0.0
0.0
0.0
0.0
0.0
-0.19999999999999998
-0.19
-0.15000000000000002
-0.17
-0.13
-0.02
-0.04
-0.05
-0.01
0.0
0.0
0.0
0.0
