14.369999999999738
0.0
0.0
-7.280000000000006
2.14999999999982
-1.939999999999988
-5.700000000000262
-0.4600000000000003
-3.3700000000000836
0.0
2.0800000000001257
0.030000000000000446
0.5399999999999429
0.11000000000006083
-2.139999999999612
1.77999999999997
-11.959999999999853
-3.3199999999999976
2.9600000000000413
0.08000000000001044
-0.8599999999999235
-0.9699999999998957
-2.129999999999738
-1.0999999999998236
2.939999999999979
9.11999999999985
-8.8999999999993
-2.4799999999997513
-1.0700000000001388
2.340000000000013
0.6799999999999701
-3.470000000000197
3.730000000000035
9.459999999999843
5.739999999999576
1.1299999999998507
2.8099999999998584
-0.2299999999999442
0.06999999999995692
2.5999999999995738
5.090000000000187
-5.2299999999998
-0.4399999999999747
1.0100000000000202
-4.009999999999792
0.4400000000000094
-4.010000000000587
3.4599999999998223
-0.04
0.0
