-1.4809999999999477
0.0
0.0
0.0
0.0
0.0
0.0
0.0
0.0
0.0
0.0
0.0
0.0
0.0
0.0
0.0
0.0
0.0
0.0
0.0
0.0
0.0
0.0
0.0
0.0
0.0
0.0
0.0
0.0
0.0
0.0
0.0
0.0
0.0
0.0
0.0
0.0
0.0
0.0
0.0
0.0
0.0
-0.006
-0.003
-0.006
0.0
0.0
0.0
0.0
0.0
0.0
0.0
0.0
0.0
0.0
0.0
0.0
0.0
0.0
0.0
0.0
0.0
0.0
0.0
0.0
0.0
0.0
0.0
-0.013000000000000005
-0.02600000000000001
-0.018000000000000002
-0.018000000000000002
0.004
-0.0019999999999999966
-0.018000000000000002
0.0
0.002999999999999999
0.002999999999999999
0.001
-0.006
0.0
0.0
0.0
0.0
0.0
0.0
0.0
0.0
0.0
0.0
0.0
0.0
0.0
0.0
-0.002
0.0
-0.013000000000000005
-0.010000000000000002
-0.02500000000000001
-0.008
-0.03500000000000002
-0.04900000000000003
-0.10400000000000008
-0.06800000000000005
-0.08800000000000006
-0.05300000000000003
-0.08100000000000006
-0.003999999999999997
-0.031000000000000014
-0.001
-0.024000000000000007
0.0
0.0
0.0
0.0
0.0
0.0
0.0
0.0
0.0
0.0
0.0
-0.002
-0.002
-0.033000000000000015
-0.032000000000000015
-0.06400000000000004
-0.1360000000000001
-0.1470000000000001
-0.19000000000000014
-0.23000000000000018
-0.2780000000000002
-0.3100000000000002
-0.4170000000000003
-0.3910000000000003
-0.4050000000000003
-0.2700000000000002
-0.2650000000000002
-0.1330000000000001
-0.10800000000000008
-0.045000000000000026
-0.034000000000000016
-0.030000000000000013
0.0
0.0
0.0
0.0
0.0
0.0
0.0
-0.002
-0.004
-0.055000000000000035
-0.017
-0.043000000000000024
-0.19100000000000014
-0.2770000000000002
-0.3870000000000003
-0.6490000000000005
-0.6860000000000005
-0.7630000000000006
-0.9330000000000007
-0.9110000000000007
-0.9320000000000007
-0.7440000000000005
-0.6340000000000005
-0.4990000000000004
-0.20500000000000015
-0.23500000000000018
-0.09000000000000007
-0.07100000000000005
-0.031000000000000014
-0.002
0.0
0.0
0.0
0.0
0.0
0.008
-0.006
-0.03600000000000002
-0.07000000000000005
-0.10600000000000008
-0.35300000000000026
-0.45800000000000035
-0.6860000000000005
-0.8690000000000007
-0.9470000000000007
-1.1639999999999946
-1.0879999999999956
-1.1119999999999939
-1.1529999999999918
-1.0799999999999947
-1.1079999999999948
-0.9510000000000007
-0.6750000000000005
-0.45200000000000035
-0.32300000000000023
-0.1440000000000001
-0.054000000000000034
-0.018000000000000002
-0.002
-0.002
0.0
0.0
0.0
0.008
0.004
0.012
-0.04900000000000003
-0.11000000000000008
-0.3050000000000002
-0.4260000000000003
-0.6140000000000004
-0.8240000000000006
-0.9260000000000007
-1.1139999999999939
-1.444999999999983
-1.4489999999999785
-1.2239999999999867
-1.2479999999999831
-1.2399999999999862
-1.2849999999999886
-0.9780000000000008
-0.7650000000000006
-0.48100000000000037
-0.34900000000000025
-0.16000000000000011
-0.06300000000000004
-0.024000000000000007
0.0
0.0
0.0
0.0
0.0
0.008
0.002
-0.013999999999999999
-0.12000000000000009
-0.2430000000000002
-0.44900000000000034
-0.3940000000000003
-0.7360000000000005
-1.0429999999999986
-1.1959999999999924
-1.3509999999999855
-1.2769999999999857
-1.254999999999983
-1.3999999999999788
-1.2969999999999824
-1.335999999999987
-1.2459999999999876
-0.9640000000000007
-0.7950000000000006
-0.6050000000000004
-0.45700000000000035
-0.2430000000000002
-0.11200000000000009
-0.034000000000000016
0.0
0.0
0.0
0.0
0.0
-0.008
-0.009000000000000001
-0.04200000000000002
-0.19200000000000014
-0.2410000000000002
-0.45500000000000035
-0.6480000000000005
-0.9450000000000007
-1.0539999999999978
-1.208999999999991
-1.2449999999999861
-1.2529999999999888
-1.2289999999999885
-1.3709999999999836
-1.2059999999999895
-1.2139999999999895
-1.2969999999999853
-1.0020000000000004
-0.8270000000000006
-0.5180000000000003
-0.3170000000000002
-0.2930000000000002
-0.09600000000000007
-0.04100000000000002
0.0
0.0
0.0
0.0
0.0
-0.006
-0.007
-0.054000000000000034
-0.1440000000000001
-0.25000000000000017
-0.4930000000000004
-0.7490000000000006
-0.8810000000000007
-1.0919999999999963
-1.2259999999999913
-1.2579999999999891
-1.0249999999999988
-1.0359999999999985
-1.105999999999997
-1.2199999999999898
-1.2499999999999847
-1.285999999999987
-0.9600000000000007
-0.8020000000000006
-0.5080000000000003
-0.3010000000000002
-0.23600000000000018
-0.12500000000000008
-0.032000000000000015
0.0
0.0
0.0
0.0
0.0
-0.009000000000000001
-0.033000000000000015
-0.10600000000000008
-0.1330000000000001
-0.25200000000000017
-0.5680000000000004
-0.8110000000000006
-1.0659999999999972
-1.1949999999999923
-1.1019999999999954
-1.1709999999999934
-1.0879999999999965
-1.1079999999999959
-1.2559999999999902
-1.4329999999999823
-1.3419999999999805
-1.3219999999999845
-1.073999999999997
-0.7560000000000006
-0.44300000000000034
-0.23000000000000018
-0.19100000000000014
-0.07500000000000005
-0.012
0.0
0.0
0.0
0.0
0.0
-0.001
-0.02500000000000001
-0.08200000000000006
-0.1340000000000001
-0.35300000000000026
-0.6300000000000004
-0.8500000000000006
-1.1649999999999943
-1.046999999999998
-1.080999999999996
-1.2499999999999905
-1.0369999999999984
-1.1439999999999926
-1.230999999999988
-1.3249999999999795
-1.3339999999999788
-1.18999999999999
-0.9740000000000008
-0.7890000000000006
-0.34300000000000025
-0.19000000000000014
-0.17500000000000013
-0.05800000000000004
-0.004
0.0
0.0
0.0
0.0
0.0
-0.002
-0.030000000000000013
-0.06400000000000004
-0.22100000000000017
-0.3120000000000002
-0.6580000000000005
-0.9180000000000007
-1.0219999999999996
-1.0299999999999987
-1.1959999999999915
-1.0799999999999967
-1.1189999999999931
-1.3009999999999844
-1.311999999999981
-1.5339999999999727
-1.4539999999999766
-1.1309999999999925
-0.9370000000000007
-0.6930000000000005
-0.35300000000000026
-0.17000000000000012
-0.1450000000000001
-0.05300000000000003
-0.004
0.0
0.0
0.0
0.0
0.0
0.0
-0.02800000000000001
-0.04800000000000003
-0.2840000000000002
-0.45200000000000035
-0.5180000000000003
-0.7320000000000005
-1.0389999999999988
-1.1489999999999927
-1.2269999999999912
-1.2619999999999907
-1.1059999999999939
-1.2289999999999865
-1.2989999999999817
-1.5409999999999744
-1.2589999999999852
-1.1289999999999931
-0.7910000000000006
-0.6580000000000005
-0.44900000000000034
-0.2680000000000002
-0.1430000000000001
-0.04900000000000003
-0.003
0.0
0.0
0.0
0.0
0.0
0.0
-0.030000000000000013
-0.09300000000000007
-0.2430000000000002
-0.35000000000000026
-0.5680000000000004
-0.7250000000000005
-0.8680000000000007
-1.0589999999999988
-1.0729999999999975
-1.1639999999999926
-1.1819999999999922
-1.259999999999986
-1.338999999999982
-1.475999999999975
-1.2839999999999847
-1.0829999999999966
-0.8730000000000007
-0.5980000000000004
-0.45100000000000035
-0.18300000000000013
-0.10400000000000008
-0.06100000000000004
-0.01
-0.01
0.0
0.0
0.0
0.0
0.0
-0.002
-0.07700000000000005
-0.19300000000000014
-0.2870000000000002
-0.4950000000000004
-0.8600000000000007
-0.8060000000000006
-1.0759999999999972
-1.0929999999999964
-1.0829999999999975
-1.131999999999995
-1.1749999999999907
-1.2889999999999833
-1.1649999999999903
-1.4749999999999832
-1.0629999999999982
-0.9340000000000007
-0.6930000000000005
-0.3860000000000003
-0.16500000000000012
-0.10000000000000007
-0.016
0.01
0.0
0.0
0.0
0.0
0.0
0.0
-0.024000000000000007
-0.11000000000000008
-0.19900000000000015
-0.2810000000000002
-0.5330000000000004
-0.7220000000000005
-0.7000000000000005
-0.9020000000000007
-0.8560000000000006
-0.9430000000000007
-1.0879999999999967
-1.0919999999999956
-1.2559999999999856
-1.3459999999999834
-1.3179999999999867
-1.0789999999999975
-0.8340000000000006
-0.6180000000000004
-0.33400000000000024
-0.19900000000000015
-0.05200000000000003
0.02800000000000001
-0.002
0.006
0.006
0.0
0.0
0.0
-0.012
-0.030000000000000013
-0.12000000000000009
-0.1550000000000001
-0.3920000000000003
-0.5350000000000004
-0.6660000000000005
-0.7550000000000006
-0.7870000000000006
-0.8690000000000007
-1.022
-1.1159999999999963
-1.1689999999999923
-1.157999999999991
-1.3689999999999853
-1.2989999999999886
-1.0050000000000003
-0.8440000000000006
-0.6740000000000005
-0.35200000000000026
-0.16600000000000012
-0.03800000000000002
0.019000000000000003
0.020000000000000004
0.006
0.006
0.0
0.0
0.0
-0.024000000000000007
-0.04000000000000002
-0.08600000000000006
-0.11100000000000008
-0.3870000000000003
-0.3930000000000003
-0.5090000000000003
-0.6880000000000005
-0.9370000000000007
-0.9640000000000007
-0.9010000000000007
-0.9670000000000007
-1.1929999999999923
-1.2469999999999888
-1.27599999999999
-1.0319999999999994
-0.9190000000000007
-0.8610000000000007
-0.4850000000000004
-0.2970000000000002
-0.1210000000000001
-0.022000000000000006
0.018000000000000002
0.014
0.0
0.0
0.0
0.0
0.0
-0.012000000000000004
-0.021000000000000005
-0.09400000000000007
-0.10800000000000008
-0.3920000000000003
-0.5600000000000004
-0.5970000000000004
-0.7970000000000006
-0.7920000000000006
-0.9550000000000007
-0.9390000000000007
-1.1829999999999925
-1.126999999999996
-1.1959999999999924
-1.314999999999988
-1.1499999999999941
-0.8440000000000006
-0.7690000000000006
-0.45900000000000035
-0.1550000000000001
-0.04800000000000003
-0.03700000000000002
0.003
-0.002
0.0
0.0
0.0
0.0
0.0
-0.002
-0.012
-0.06700000000000005
-0.07500000000000005
-0.2890000000000002
-0.6030000000000004
-0.6760000000000005
-0.8030000000000006
-0.9120000000000007
-1.1199999999999954
-1.1109999999999958
-1.1369999999999925
-1.1139999999999934
-1.2229999999999872
-1.1519999999999915
-0.9180000000000007
-0.7960000000000006
-0.5670000000000004
-0.36600000000000027
-0.06600000000000004
-0.06500000000000004
-0.05700000000000004
0.002
0.002
-0.002
0.0
0.0
0.0
0.0
0.0
-0.002
-0.05000000000000003
-0.08500000000000006
-0.22900000000000018
-0.4220000000000003
-0.5840000000000004
-0.7750000000000006
-0.9060000000000007
-0.9590000000000007
-1.020999999999999
-1.1199999999999934
-1.0279999999999985
-1.1049999999999947
-1.035999999999999
-0.8940000000000007
-0.6260000000000004
-0.4840000000000004
-0.2620000000000002
-0.10500000000000008
-0.07300000000000005
-0.023000000000000007
-0.001
0.0
0.0
0.0
0.0
0.0
0.0
0.0
0.002
-0.012
-0.08300000000000006
-0.1530000000000001
-0.33600000000000024
-0.5380000000000004
-0.6470000000000005
-0.7410000000000005
-0.7930000000000006
-1.0469999999999986
-1.060999999999998
-1.0050000000000003
-0.9420000000000007
-0.8170000000000006
-0.7190000000000005
-0.4880000000000004
-0.3140000000000002
-0.19000000000000014
-0.08700000000000006
-0.018000000000000002
-0.012
-0.002
0.0
0.0
0.0
0.0
0.0
0.0
0.0
0.0
-0.003
-0.015000000000000001
-0.08200000000000006
-0.12700000000000009
-0.23600000000000018
-0.3010000000000002
-0.5090000000000003
-0.45700000000000035
-0.6000000000000004
-0.6120000000000004
-0.6500000000000005
-0.5760000000000004
-0.46700000000000036
-0.3740000000000003
-0.2830000000000002
-0.2450000000000002
-0.1370000000000001
-0.04700000000000003
-0.022000000000000006
-0.022000000000000006
0.0
0.0
0.0
0.0
0.0
0.0
0.0
0.0
0.0
0.0
-0.002
-0.04800000000000003
-0.11800000000000009
-0.1580000000000001
-0.16800000000000012
-0.18500000000000014
-0.18600000000000014
-0.18800000000000014
-0.25100000000000017
-0.2960000000000002
-0.2620000000000002
-0.16900000000000012
-0.1500000000000001
-0.1430000000000001
-0.1340000000000001
-0.1240000000000001
-0.029000000000000012
-0.030000000000000013
0.0
0.0
0.0
0.0
0.0
0.0
0.0
0.0
0.0
0.0
0.0
-0.006
-0.019000000000000003
-0.031000000000000014
-0.04000000000000002
-0.054000000000000034
-0.016
-0.024000000000000007
-0.022000000000000006
-0.029000000000000012
-0.054000000000000034
-0.07300000000000005
-0.06600000000000004
-0.05300000000000003
-0.056000000000000036
-0.03800000000000002
-0.02800000000000001
-0.005
0.0
0.0
0.0
0.0
0.0
0.0
0.0
0.0
