0.5600000000000003
0.0
0.0
0.0
0.0
-0.10999999999999999
-0.21999999999999997
0.0
0.0
0.18
0.09
0.0
0.0
0.0
0.0
0.0
0.0
0.0
0.0
-0.12999999999999998
-0.060000000000000005
0.16000000000000006
0.5400000000000001
-0.15000000000000008
0.009999999999999978
0.34999999999999976
0.4
0.4200000000000002
0.01999999999999999
-0.02
0.0
0.0
0.0
0.019999999999999997
-0.42000000000000004
0.8300000000000005
1.7500000000000009
-0.7600000000000001
0.6500000000000005
0.4000000000000005
0.22999999999999973
0.23000000000000007
0.36
-0.3400000000000002
-0.05
0.0
0.0
-0.03
0.4300000000000003
1.0100000000000005
-0.7200000000000003
-0.06999999999999948
0.33999999999999964
-0.3799999999999993
0.11999999999999937
-0.1499999999999997
-0.52
-0.009999999999999898
-0.6300000000000002
-0.12
0.0
0.0
-0.07
0.3600000000000002
-0.5799999999999997
0.34999999999999964
0.32999999999999874
-0.02000000000000135
0.34999999999999754
-0.08000000000000002
0.6799999999999999
0.2899999999999989
0.4299999999999995
-0.5700000000000001
0.010000000000000009
0.0
0.0
-0.01
0.14999999999999997
-1.570000000000001
-0.7099999999999994
0.1500000000000002
-1.4800000000000004
-0.8100000000000005
-0.29999999999999993
-0.6899999999999992
0.35999999999999976
-0.5600000000000002
-0.2899999999999999
0.47000000000000025
0.0
0.0
0.0
-0.6400000000000003
-1.2600000000000007
-0.6500000000000006
-0.900000000000001
-0.9200000000000005
-1.4900000000000007
0.49999999999999983
-1.2400000000000004
0.04000000000000006
-1.1400000000000006
0.2900000000000002
0.13999999999999996
0.0
0.0
0.0
-0.5400000000000003
0.8199999999999994
-0.6900000000000012
-0.6299999999999996
0.5399999999999986
0.5000000000000006
-0.19999999999999982
-0.06999999999999947
0.37999999999999795
0.98
0.42000000000000015
0.6100000000000003
0.0
0.0
-0.09999999999999999
-0.7100000000000002
0.35999999999999827
-0.009999999999999155
-0.05999999999999931
0.3099999999999997
0.4800000000000006
0.56
0.3799999999999985
0.48
0.7700000000000004
1.7200000000000009
1.450000000000001
0.0
0.0
-0.060000000000000005
0.06999999999999997
0.4499999999999987
0.2899999999999988
0.2199999999999994
0.9800000000000002
0.549999999999998
0.4699999999999976
0.5900000000000006
-1.4500000000000004
0.6900000000000007
1.2200000000000004
0.40000000000000013
0.02
0.0
-0.09999999999999999
0.10999999999999985
-0.03999999999999986
1.1000000000000003
0.8099999999999997
0.28999999999999904
1.43
-0.8599999999999999
1.1700000000000002
0.33000000000000046
-0.27000000000000035
-0.7700000000000004
-0.01
0.0
0.0
-0.03
-0.10000000000000002
-0.3400000000000001
-0.41999999999999993
-0.5300000000000007
-0.2800000000000019
-0.1399999999999997
-0.02999999999999949
0.8000000000000002
0.2099999999999988
1.0200000000000005
0.8500000000000005
0.0
0.0
0.0
0.0
0.0
-0.12999999999999998
-0.68
-0.5200000000000001
-0.08
-0.05
-0.24
0.4600000000000001
0.7000000000000003
-0.02
0.0
0.0
0.0
0.0
