2.349999999999994
0.0
0.0
1.8500000000000023
-3.18000000000008
-2.649999999999802
-7.290000000000307
0.6700000000000355
-1.9499999999999464
-0.03
2.5000000000000777
-1.8000000000001757
1.3800000000004553
-0.4500000000000566
-1.1699999999999067
0.2799999999999264
-8.669999999999877
-5.119999999999979
2.5400000000001453
-1.20000000000036
-2.699999999999527
-0.839999999999958
-2.399999999999252
0.7099999999997577
-1.5200000000000011
4.009999999999959
-4.800000000000075
-3.4000000000003676
-0.40999999999997494
4.040000000000088
2.4300000000000144
-2.20999999999927
6.740000000000306
10.339999999999824
4.180000000000493
0.47000000000006276
2.569999999999996
0.6399999999999352
-0.570000000000046
2.6399999999994486
-2.18000000000013
-14.859999999999726
0.5400000000000187
2.2600000000002973
-2.790000000000281
-0.6500000000000392
-1.239999999999999
0.5500000000000124
1.9400000000000013
0.0
