-10563.75800169337
0.0
0.0
0.0
0.0
0.0
0.0
0.0
0.0
0.0
0.0
0.0
0.0
0.0
0.0
0.0
0.0
0.0
0.0
0.0
0.0
0.0
0.0
0.0
0.0
0.0
0.0
0.0
0.0
0.0
0.0
0.0
0.0
0.0
0.0
0.0
0.0
0.0
0.0
0.0
0.0
0.0
0.0
0.0
0.0
0.020000000000000004
0.010000000000000002
-9.92199999999994
-19.84399999999988
0.0
-19.84599999999988
-9.92299999999994
-19.84599999999988
0.0
0.0
0.0
0.0
0.0
0.0
0.0
0.0
0.0
0.0
0.0
0.0
0.0
0.0
0.0
0.0
0.0
-39.692000000002544
-89.34699999996323
-129.01499999997196
-277.8870000005619
-406.8860000003533
-525.9479999991697
-476.3329999995803
-387.0430000003445
-208.401000000423
-208.41600000035373
-99.247000000014
-49.63000000000676
-19.847999999999878
0.0
0.0
0.0
0.0
0.0
0.0
0.0
0.0
0.0
0.0
19.849999999999877
9.924999999999939
29.77300000000072
89.31399999998317
39.66799999999825
109.13299999990616
128.97699999991576
89.195000000003
-109.42499999994747
-327.9370000001757
-754.7309999937941
-913.3389999893714
-1101.964999985711
-843.8659999913482
-595.6149999965138
-506.26099999996893
-218.3520000004469
-138.9549999999874
-69.49400000001206
-39.70800000000256
0.0
0.0
0.0
0.0
0.0
0.0
0.0
0.0
-19.86399999999987
0.02800000000000001
-9.939000000000048
-59.629000000026906
9.852999999999952
-139.1239999997802
-248.36600000053065
-764.7609999952907
-953.5689999902669
-1648.6269999737565
-2482.333999972025
-2641.4909999898705
-2820.1079999993935
-2750.3400000011843
-2333.3499999801097
-2045.2919999630435
-1697.75199997202
-943.3939999901331
-436.89099999962076
-377.3030000004243
-198.56900000025647
0.0
0.0
0.0
0.0
0.0
0.0
0.0
-9.925999999999938
-29.798000000000723
-119.18399999990363
-228.51600000037888
-248.29200000061766
-446.9060000006184
-1221.464999984659
-1578.9759999749645
-2413.127999976491
-2959.5370000043463
-4031.580000067254
-4676.920000215504
-5252.7370003303995
-5431.498000364324
-4924.863000268957
-4269.482000148611
-4100.47200008116
-3484.7900000161476
-2055.174999963669
-1578.740999975144
-982.9329999886954
-704.8439999964751
-129.14399999991656
-39.800000000002676
0.0
0.0
0.0
0.0
0.0
-19.851999999999876
-129.10399999991637
-198.53200000032908
-635.3359999979361
-804.2439999931846
-1340.6409999801251
-2045.7079999631678
-3257.577000020168
-4567.710000156674
-5560.583000384096
-7020.148000684642
-7347.343000788891
-7387.271000814397
-7615.6840008379795
-6791.942000679478
-6245.664000548183
-5183.225000323017
-4219.728000100847
-3256.6530000217585
-2293.743999975057
-1598.303999974269
-1002.6599999884032
-476.58700000056325
-168.8160000000994
-39.82600000000271
0.0
0.0
0.0
0.0
-39.710000000002566
-426.8870000012057
-446.66499999971967
-923.2839999898359
-1677.905999971979
-2849.7509999947133
-4090.7710000548013
-5182.98300031418
-7356.880000730495
-8151.126000922469
-8946.015001102089
-9253.316001175368
-9243.53100117113
-8866.433001100997
-9065.046001109677
-8231.04700093038
-7297.606000728377
-5173.2910003169445
-4219.807000094385
-2839.619000001142
-1727.7129999708238
-1250.9629999824872
-675.1699999964351
-198.6210000003295
-59.71400000002701
0.0
0.0
0.0
-9.930999999999935
-218.41900000034792
-416.94300000005984
-843.8039999923255
-1528.7729999756984
-2859.471999993073
-3872.1850000582085
-5321.607000337829
-7187.761000725524
-8319.928000982232
-8826.393001098953
-9302.912001192683
-9471.52500121407
-9263.195001157981
-8588.209001050122
-8478.934001031203
-8330.074000981322
-7337.145000769092
-5321.912000377266
-4358.956000134599
-3137.456000005166
-1757.4919999699605
-1082.3399999865178
-486.55999999995316
-218.54800000031543
-39.76000000000263
0.0
0.0
-39.70600000000256
-89.37499999998306
-218.38600000041396
-526.0479999999499
-1230.8629999833802
-1945.6099999657004
-3008.2890000229345
-4547.16600018517
-6492.84900059326
-7714.355000870803
-8419.287001029274
-9134.03300115477
-9164.159001139846
-8379.453000977684
-8071.991000913757
-8131.503000940193
-8042.169000939525
-8031.9430009292
-7297.269000760763
-5321.903000375551
-3743.170000072903
-2313.534999975866
-1519.2349999761368
-804.4179999931805
-456.78500000122074
-39.74400000000261
-19.871999999999865
0.0
0.0
-19.85300000000128
-99.27099999998204
-208.46700000038865
-545.9419999992803
-1191.2749999836956
-1916.0979999659714
-3375.6120000433057
-5420.532000353169
-7436.1080007768915
-8656.8020010513
-9054.272001131321
-9104.01800111383
-8200.898000924304
-7634.825000797199
-7674.882000808094
-7644.965000833014
-7962.548000909462
-8190.853000944145
-6890.473000691192
-5193.18100032206
-3306.3100000186446
-1668.5099999724764
-1052.727999987626
-496.6470000008662
-188.77300000019244
0.0
0.0
0.0
0.0
-39.70600000000256
-59.56200000000185
-129.0440000000281
-536.0270000001244
-1002.7529999874429
-1965.7089999648276
-3961.202000062854
-5738.425000440469
-7366.322000784774
-8825.967001082354
-8677.235001057088
-8429.572000967879
-7476.437000792685
-7178.651000724552
-7486.582000789026
-8340.133000967293
-8706.8890010483
-7923.151000907069
-6642.401000640765
-4805.390000222621
-2680.8969999889905
-1211.6999999835848
-705.2759999964649
-268.2710000005546
-79.52200000000096
-19.85099999999988
-19.847999999999878
0.0
0.0
-19.849999999999877
-49.617000000006755
-99.29099999998202
-476.5590000005633
-1032.5919999870137
-2353.002999977415
-4308.641000112498
-5827.638000462782
-7991.904000901576
-8359.345001008905
-8191.100000968667
-8211.320000944525
-7794.003000864952
-7883.700000896616
-8409.69300100322
-9362.28100119758
-9412.03900120323
-7863.523000903461
-6086.405000534252
-4855.086000207642
-2413.1479999764942
-903.8749999899435
-496.67200000008916
-248.3840000005016
-69.46000000001212
9.990000000000105
-19.847999999999878
0.0
0.0
-9.924999999999939
-9.932999999999934
-109.30299999994769
-337.6500000000784
-1022.8289999874227
-2293.519999976317
-4050.5260000916915
-6016.296000505005
-7872.9620008871725
-8201.024000972093
-8439.155001000396
-8042.126000937252
-8886.223001108656
-8241.07800103557
-9610.596001285923
-10732.177001486638
-9372.617001234943
-8250.030000969165
-6076.040000528744
-4755.757000176836
-2333.704999976178
-1261.2629999820942
-655.4809999976954
-278.053000000562
-59.565000000001845
0.06200000000000004
0.0
0.0
0.0
-19.849999999999877
-9.924999999999939
-129.1109999999164
-238.37200000059215
-1280.8809999820883
-2333.128999980093
-3911.8170000927257
-5589.396000425731
-6850.53200070153
-7287.6880008022
-8340.066000965096
-8786.709001066976
-9213.58000118695
-9272.905001240799
-11148.8950015781
-11208.63900158339
-9540.865001273989
-8279.842000983846
-6413.505000580841
-4388.529000136398
-2482.462999986727
-1449.6949999774602
-695.1889999956073
-278.08800000054316
0.005999999999999997
-19.851999999999876
0.0
0.0
0.0
0.0
-19.849999999999877
-109.16999999998977
-268.0700000005589
-1032.738999987409
-1936.321999965023
-3058.035000047096
-4736.022000246435
-6017.039000524841
-7069.1960007262915
-8330.065000946326
-8756.673001065157
-9123.968001175417
-10096.381001377129
-10791.489001505113
-10216.138001393396
-9561.001001261373
-8508.161001010154
-6184.972000534736
-4110.447000101638
-2492.175999989751
-1310.7499999805248
-784.6719999941313
-258.31400000052827
9.919000000000102
9.946999999999928
0.0
0.0
0.0
0.0
-19.867999999999867
-109.20399999990595
-228.33400000040962
-764.7599999940339
-1658.5129999729083
-2720.7679999931956
-3753.444000080234
-5411.615000371018
-6344.813000565358
-7148.163000733736
-7485.651000832642
-8468.706001035296
-9153.604001185166
-9987.086001328727
-9620.532001255979
-8995.156001123674
-7902.521000883797
-6165.434000503303
-4120.457000080024
-2482.4229999837826
-864.0329999902937
-466.9329999997041
-79.67599999999578
-9.881999999999978
19.889999999999855
0.0
0.0
0.0
0.0
-19.867999999999867
19.824000000001245
-0.10500000000000008
-586.2110000000789
-1122.6089999864826
-2274.2139999695714
-3306.7770000287296
-4051.5410001093524
-5461.072000375231
-5877.787000479895
-6781.469000662213
-8002.465000893813
-8677.108001044468
-8498.49000103467
-8756.934001072492
-7982.677000910773
-6582.7190006304645
-5202.6950003245265
-3624.1340000427117
-1976.1019999652547
-695.5129999955997
-169.1600000001867
39.520999999996725
49.60699999999091
0.0
0.0
0.0
0.0
0.0
-39.702000000002556
39.61099999999839
-79.54199999997135
-486.973000002483
-1172.5839999858613
-2205.029999965573
-3078.996999999728
-3803.316000058034
-4746.354000222211
-5282.228000337994
-5808.504000442292
-7158.191000705611
-7922.900000894363
-8270.138000972767
-8478.85900100433
-7922.963000879431
-6384.463000569398
-4567.47600019851
-2899.341000007908
-1410.4829999785234
-387.7799999998229
-50.08800000005655
128.89600000008338
158.7850000001211
19.84399999999988
0.0
0.0
0.0
0.0
-69.47300000001209
19.749999999999936
-109.3089999998636
-516.7090000013393
-1539.9499999766508
-2215.0319999688286
-2949.586999998098
-3942.509000051914
-4190.572000136255
-4885.464000260555
-6155.920000497928
-7694.643000809336
-7913.068000907001
-8359.80500101009
-8379.444000989643
-7367.017000781203
-5748.910000458918
-4180.461000103072
-2284.0149999756695
-884.3099999900389
-228.87100000050722
59.15399999997735
337.332000000768
138.9779999999875
0.0
0.0
0.0
0.0
0.0
-79.39400000000103
-79.485000000001
-139.0989999999361
-506.6570000010283
-1628.9289999741247
-2204.8969999728265
-3475.9630000333123
-4696.91900017226
-5103.925000306166
-5947.519000474146
-7297.678000755852
-8141.189000952551
-8806.120001104626
-8567.927001069884
-8290.557000987425
-7307.569000768214
-4954.606000309768
-3475.534000053261
-2016.0009999644833
-884.2629999915935
-119.5520000001055
79.17700000000973
208.35700000031878
99.22499999998207
-0.006
0.0
0.0
0.0
0.0
-59.546000000001854
-129.07599999991623
-149.08700000010518
-357.68400000027816
-1479.763999977487
-2334.248999978677
-3674.196000058347
-4736.46500023691
-6066.721000517421
-7773.9860008437945
-8627.672001044493
-9292.589001198163
-9332.234001224815
-8677.251001084389
-8598.512001021772
-6403.948000581327
-4090.8760001414353
-2830.2390000074793
-1668.5519999725575
-576.0879999980561
-129.20800000008487
9.771000000000402
99.19700000004586
99.22999999998207
19.84499999999988
0.0
0.0
0.0
0.0
-29.769000000000723
-109.1829999999479
-99.42500000004631
-367.52500000049605
-1231.2959999830355
-2363.5539999764596
-3475.405000067774
-4478.109000246056
-6324.582000602161
-7565.654000859824
-8756.772001099505
-9371.854001219228
-9044.35900114816
-7982.437000920995
-6900.786000683096
-5123.391000314752
-3624.1220000619664
-2433.079999977685
-1033.0179999874026
-645.5959999982385
-149.0680000000565
-49.69500000005465
69.45699999999728
29.76200000000072
39.702000000002556
0.0
0.0
0.0
0.0
0.0
-119.10199999990382
-99.26800000004599
-367.61500000064774
-1002.9569999888067
-2214.182999967972
-3822.8290000398424
-4676.483000254372
-6165.51900054912
-7297.154000778218
-8151.464000946006
-7892.972000909211
-7605.286000833128
-6354.6680005806875
-5649.449000393888
-4279.788000091713
-2591.521999989646
-1558.7799999748943
-913.4769999905701
-317.79300000052825
-69.49699999999731
-9.868999999999975
0.012
19.85999999999987
19.85999999999987
0.0
0.0
0.0
0.0
0.0
0.0
-69.51500000001204
-218.45200000038116
-575.8669999987764
-1211.1739999831439
-2045.3289999630424
-3266.268000029353
-4110.025000077173
-4705.748000211528
-5023.3270002854
-4834.965000256852
-4755.671000211295
-4110.667000068439
-3335.965000025146
-2621.2599999798927
-1628.1589999738057
-933.2159999901386
-595.5829999983578
-287.850000000553
-109.12299999998979
-49.608000000006754
-39.684000000002534
0.0
0.0
0.0
0.0
0.0
0.0
0.0
0.0
0.0
-59.64600000002693
-387.238000000862
-575.9269999978216
-1072.389999986417
-1469.5819999770179
-1588.4439999732383
-2035.111999963171
-1896.1559999661993
-2164.2879999678407
-1876.4859999670737
-1697.6559999713756
-1300.5459999805903
-992.5899999882786
-595.6079999981267
-327.5400000004818
-178.52100000020522
-119.08899999995397
-49.62700000000676
-49.64500000000677
-59.58200000002685
0.0
0.0
0.0
0.0
0.0
0.0
0.0
0.0
0.0
-39.73000000000259
-248.14600000050044
-317.6220000001815
-595.48899999836
-635.1969999970754
-704.7469999945303
-853.6089999915491
-813.8809999923866
-744.5559999944664
-605.5489999973515
-625.4299999973888
-446.66899999994433
-377.21800000042435
-268.0120000005541
-99.30400000001403
-59.559000000001845
-29.771000000000722
-9.926999999999937
0.0
0.0
0.0
0.0
0.0
0.0
0.0
