28.130000000001598
0.0
0.0
-3.6500000000000026
0.8500000000000005
-3.059999999999548
-4.0200000000003495
-5.089999999999911
-2.850000000000409
-2.759999999999985
-0.39999999999998526
-1.1800000000003168
0.519999999999971
-0.22000000000010872
-0.4899999999999619
0.8100000000000127
-2.010000000000447
-11.409999999999805
-0.8799999999999892
-1.3699999999999548
-1.180000000000169
-0.5400000000001076
-0.9599999999997769
0.25999999999997864
-0.20000000000000936
8.339999999999831
-4.200000000000106
-2.699999999999693
-1.5500000000001002
1.85999999999973
0.5900000000001933
0.120000000000027
4.039999999999535
-7.770000000000287
1.6200000000002603
0.459999999999905
0.9399999999997909
0.4100000000000894
0.5799999999999417
2.089999999999775
1.819999999999947
-3.6999999999999647
-0.36000000000006166
-0.3799999999999785
-1.309999999999996
-1.8499999999996903
2.5299999999992724
-0.44999999999999785
-0.12
0.0
