0.11100000000000008
0.0
0.0
0.0
0.0
0.0
0.0
-0.001
-0.002
0.030000000000000013
0.004
0.0
0.0
0.0
0.0
0.0
0.0
0.0
0.0
0.01
0.09200000000000007
-0.008000000000000004
-0.002000000000000007
-0.09500000000000006
0.10300000000000006
-0.06200000000000004
-0.04100000000000002
0.06600000000000006
-0.022000000000000013
-0.002
0.0
0.0
0.0
-0.002
0.024999999999999953
0.14400000000000013
-0.02400000000000002
0.10700000000000004
0.03300000000000006
-0.021999999999999985
0.052999999999999964
0.004000000000000007
0.03200000000000002
-0.08100000000000002
-0.06900000000000005
-0.007
0.0
0.056000000000000036
0.047
-0.023999999999999827
-0.041999999999999926
-0.02000000000000002
0.09600000000000006
-0.017999999999999905
-0.036000000000000046
-0.020999999999999838
-0.19400000000000014
-0.022000000000000037
-0.22700000000000017
-0.05300000000000004
-0.002
0.0
0.04900000000000003
0.067
0.07100000000000005
0.06799999999999998
0.0029999999999998925
-0.010000000000000052
-0.027999999999999952
-0.037000000000000005
0.1610000000000001
0.03199999999999989
0.056000000000000036
-0.07600000000000001
0.03900000000000003
0.0
0.0
-0.07500000000000005
0.04099999999999995
-0.05800000000000008
-0.12100000000000008
-0.021999999999999867
-0.01600000000000012
-0.12300000000000005
-0.021999999999999954
-0.24000000000000016
0.04500000000000001
-0.06200000000000004
0.14900000000000008
0.2970000000000002
0.0
0.0
0.0
-0.08800000000000005
-0.3060000000000002
-0.04500000000000001
-0.10600000000000007
-0.10700000000000004
-0.02300000000000016
-0.002000000000000025
-0.019999999999999914
-0.04300000000000004
-0.20300000000000012
-0.027999999999999855
-0.09900000000000006
0.0
0.0
-0.005
-0.11500000000000007
0.11500000000000014
0.04099999999999998
0.007000000000000139
0.01200000000000003
0.1650000000000001
-0.046
0.02799999999999993
-0.07599999999999998
0.06800000000000003
-0.046999999999999986
-0.027000000000000052
0.003
0.0
-0.041
0.02699999999999997
0.03199999999999999
0.05099999999999999
0.027999999999999973
0.11100000000000007
-0.01099999999999998
0.043000000000000094
0.07900000000000007
0.013000000000000053
0.04999999999999993
0.08600000000000003
0.17200000000000013
0.0
0.0
-0.059000000000000045
0.1640000000000001
-0.012000000000000004
0.09200000000000003
0.035000000000000156
0.041999999999999954
0.15200000000000014
-0.009000000000000072
-0.02299999999999987
-0.056000000000000064
0.11500000000000007
0.1720000000000001
-0.10400000000000009
0.013000000000000005
0.0
-0.04900000000000004
0.043
0.10600000000000011
0.005000000000000171
0.07100000000000005
0.13500000000000006
0.041000000000000036
-0.013000000000000088
0.16000000000000011
0.08600000000000006
-0.04300000000000004
0.05200000000000002
0.03600000000000002
0.0
0.0
-0.006
0.0060000000000000175
0.05400000000000005
0.10200000000000005
-0.06000000000000001
-0.018999999999999934
-0.12200000000000011
-0.10600000000000007
0.07900000000000006
-0.07200000000000009
0.11700000000000008
0.10300000000000006
-0.007
0.0
0.0
0.0
0.0
-0.03600000000000002
-0.08300000000000006
-0.08000000000000006
-0.024000000000000014
-0.005
-0.04000000000000003
0.07300000000000005
0.1390000000000001
-0.10100000000000006
-0.014
0.0
0.0
0.0
