-14209.682002436142
0.0
0.0
0.0
0.0
0.0
0.0
0.0
0.0
0.0
0.0
0.0
0.0
0.0
0.0
0.0
0.0
0.0
0.0
0.0
0.0
0.0
0.0
0.0
0.0
0.0
0.0
0.0
0.0
0.0
0.0
0.0
0.0
0.0
0.0
0.0
0.0
-19.95199999999982
-29.930000000000728
-19.953000000001403
-39.906000000002805
0.0
0.0
0.0
-19.993999999999797
-10.002999999999897
-29.971999999987805
9.96900000000008
-19.94999999999982
0.0
0.0
0.0
0.0
0.0
0.0
0.0
0.0
0.0
0.0
0.0
0.0
0.0
0.0
0.0
0.0
-19.94999999999982
-59.85600000002719
-19.953000000001403
-29.906000000013563
-69.83299999999753
-109.75099999994693
-89.74899999998249
-299.27900000058537
-408.954000000156
-668.3709999964715
-798.0059999927072
-758.1319999935317
-718.2259999949199
-418.94999999944355
-259.3590000005723
-109.72699999998956
-49.878000000006885
-9.975000000000087
19.95399999999982
0.0
0.0
0.0
0.0
0.0
0.0
0.0
0.0
0.0
0.002
19.946999999999825
-19.954999999998233
109.73199999986178
159.56500000003382
189.45300000019566
299.19600000052776
239.3620000005362
-80.04499999998899
-549.0419999989557
-868.2189999901944
-1087.5329999848732
-1207.1389999823655
-1047.6609999864827
-808.1579999924097
-578.7749999984692
-279.4630000005198
-159.6690000001253
-79.88699999999523
-19.983999999999803
0.0
0.0
0.0
0.0
0.0
0.0
0.0
-19.94999999999982
-29.929000000000727
-49.868999999990685
-59.883000000001864
-279.42700000060614
-219.59400000038664
-209.82700000018716
-399.33100000136415
-728.8389999964942
-1147.9469999860173
-2225.5569999664476
-2854.4289999932125
-3472.927000006417
-3343.2150000111737
-3373.2170000054834
-2834.30800000006
-2265.5389999743097
-2025.812999963911
-1317.4959999810983
-698.6859999949322
-578.7749999991842
-209.59900000032474
0.02600000000000001
0.0
0.0
0.0
0.0
0.0
0.0
-19.94999999999982
-49.88100000000689
-129.7189999999753
-399.25900000025143
-488.96099999866954
-808.538999992742
-1626.8479999746332
-2295.5349999694154
-3193.904000000122
-4481.45500011299
-5688.6590003830825
-6516.923000582294
-7075.5130007096695
-7355.183000755856
-6905.868000657796
-5808.2060004392
-5189.384000286165
-3642.6990000436485
-2425.0169999833984
-1926.2399999664478
-1127.625999984896
-898.0769999919727
-109.76799999998954
-59.904000000027246
0.0
0.0
0.0
0.0
-19.94999999999982
-29.908000000000726
-139.7289999999911
-449.1070000008469
-1057.7489999876377
-1167.557999983438
-1926.3209999659446
-2973.998000011833
-4551.167000154564
-6247.658000494555
-7245.510000735534
-9281.059001151869
-9520.40500125288
-10148.963001375208
-10298.757001385116
-8901.934001114125
-7904.232000895536
-6786.228000641793
-5508.883000344427
-4161.48500005682
-2814.289999995929
-1955.8509999655287
-1347.0809999805872
-538.8109999995467
-119.73699999995324
-39.954000000002864
0.0
-19.945999999999824
-39.9000000000028
0.024000000000000007
-129.7129999999753
-339.20800000077384
-598.5919999980562
-1466.84499997768
-2295.0729999736895
-3971.6870000323934
-5757.996000393106
-6935.512000666405
-9330.445001144786
-10907.022001475378
-12044.827001730575
-12762.864001888876
-12732.942001880032
-12463.505001826974
-11665.59900165806
-10488.181001410841
-9270.847001138625
-6935.635000654553
-5149.385000284486
-3492.8880000341455
-2534.7349999800304
-1506.7289999765924
-718.4129999956834
-149.66800000010792
-19.999999999999794
0.0
-19.945999999999824
-29.921000000000728
-69.81499999999753
-269.3500000005563
-448.89900000039165
-1376.8269999803647
-2075.613999964552
-3622.2050000277727
-5209.038000315972
-7054.820000707278
-9320.1860011689
-11415.84200160711
-11675.212001690817
-12373.766001826827
-12303.783001809743
-12772.730001883918
-12114.19900176815
-11256.369001603476
-10937.144001517461
-9370.539001194278
-7145.24600073424
-5618.311000397401
-3872.095000046296
-2395.035999978187
-1387.0629999791845
-588.7449999983788
-189.61800000019647
-19.959999999999816
0.0
-19.945999999999824
-29.920000000000726
-129.6979999999192
-259.3300000005931
-588.6659999981465
-1516.6729999761405
-2375.041999983169
-4180.994000101797
-6216.603000538234
-8641.448001042176
-10747.110001483674
-11854.834001721616
-11904.815001735093
-12174.441001759795
-11704.924001657571
-11635.348001637847
-11386.044001605185
-11086.694001552156
-10757.310001478318
-9320.593001181749
-7225.135000752144
-4860.078000263855
-3123.776000013618
-2165.5499999661765
-997.8759999887066
-499.0370000011312
-89.8069999999824
0.0
0.0
0.0
0.0
-39.9020000000028
-279.3110000005416
-738.3179999943101
-1546.655999974976
-2774.081000006263
-4340.552000163996
-6665.7960006424055
-10058.241001320048
-11375.493001618102
-12453.289001816598
-11815.010001672414
-10657.412001434968
-10088.59500131705
-10278.630001352016
-10318.184001385125
-10447.982001427921
-10727.392001460417
-8851.629001085968
-6775.991000644696
-4490.651000140091
-2235.733999971816
-1297.458999981867
-569.0059999995198
-129.85199999991994
-19.97399999999981
0.0
0.0
0.0
0.0
-29.921000000000728
-319.28900000061714
-778.2029999932951
-1426.962999977519
-2704.151000006055
-5198.8850003080715
-7374.017000786534
-10118.26900134202
-11345.503001604899
-11445.670001610668
-10508.07800140756
-10078.771001312049
-9600.02800122331
-9690.00400125646
-11455.789001595376
-11465.656001615198
-10557.634001435437
-8412.417000998223
-6346.704000528412
-3672.59800003139
-1706.8369999714012
-898.2739999912
-349.4460000006131
-20.033999999999775
0.0
0.0
0.0
0.0
-19.945999999999824
-49.89300000000689
-249.38100000050633
-828.2609999931553
-1456.9249999770998
-3123.5150000166427
-5338.643000349338
-7953.166000897903
-9988.421001330515
-11206.010001572575
-10917.077001507041
-10428.426001395379
-10587.654001422385
-9889.501001328248
-11775.499001673537
-12922.56200190753
-12094.482001762974
-10348.048001406118
-8052.70200092713
-6306.821000495123
-3113.620000005076
-1457.4009999773725
-638.8549999969889
-259.5640000005517
-49.91800000002318
19.999999999999794
0.0
0.0
0.0
-9.972999999999912
-19.969000000001422
-219.53100000035323
-479.1369999995671
-1487.0389999770364
-3143.6350000232974
-5568.121000394457
-7813.360000888141
-10218.47500136767
-11365.807001592557
-11076.852001538356
-11326.323001577117
-12213.919001770944
-11555.585001691017
-13181.797002003093
-14099.768002174802
-12194.457001817616
-10727.129001485118
-8422.00700097657
-5548.3740003646735
-3333.2090000101753
-1477.249999977117
-618.9129999978506
-289.52300000047154
-109.82599999998952
0.05000000000000003
0.0
0.0
0.0
-19.945999999999824
-29.94500000000073
-159.67900000007987
-399.30599999988044
-1467.183999977578
-3143.532000017142
-4959.55100029504
-7354.860000786915
-9021.1460011345
-9849.258001313554
-11007.092001525823
-11894.93400170825
-11954.237001763742
-12543.176001912696
-14768.087002329828
-14658.331002294577
-12713.016001917338
-11295.714001587987
-7893.172000887162
-5498.786000378426
-3363.4200000305254
-1816.2119999692052
-728.569999994607
-269.49000000054946
-119.725000000055
0.05000000000000003
0.0
0.0
0.0
0.0
-19.945999999999824
-149.6870000000109
-369.2300000001864
-1257.7349999821074
-2355.3959999842796
-4161.583000111845
-5698.6510004563725
-7744.344000864776
-8951.353001116328
-10527.923001414732
-11206.067001581578
-12243.541001810512
-13360.811002043936
-14847.487002330538
-13710.788002109466
-12353.71200184311
-10517.464001441074
-8122.804000928949
-5428.589000372292
-3303.4500000324833
-1676.635999971626
-848.487999991727
-309.48400000033945
-59.88099999997651
-9.923000000000025
0.0
0.0
0.0
0.0
0.0
10.009000000000128
-199.6740000002253
-868.4869999917775
-1956.3359999659403
-3034.3320000107115
-4940.661000249378
-6347.140000573221
-8362.971000972391
-9420.156001186304
-10018.50800132915
-11534.965001648363
-12532.76500185929
-13331.048002011974
-12523.377001862307
-12074.11800173947
-9828.929001290307
-8122.9080009041745
-5418.694000352863
-3213.656000026011
-1487.1499999762916
-649.0599999962425
-149.93300000025474
-59.91800000005265
10.007999999999893
0.0
0.0
0.0
0.0
-19.95199999999982
-49.92900000003948
49.58199999999098
-619.2069999996273
-1487.6399999782284
-2315.9959999702337
-4142.095000040215
-5250.075000326509
-6985.892000691837
-8312.722000950604
-8971.00100109639
-10667.231001432077
-11594.843001636553
-11854.59100169994
-11844.986001689265
-10877.24800149293
-8671.767001053471
-7135.332000721587
-4680.6780002248615
-2784.6540000026525
-1367.5849999800216
-599.218999998963
-129.92999999986432
9.993999999999486
29.938000000000727
0.0
0.0
0.0
0.0
-59.85800000002719
9.962999999999775
-219.84900000018928
-489.4500000025047
-1318.1819999831766
-2256.172999965123
-3573.6880000033925
-4631.391000194117
-5818.491000465392
-7085.498000704337
-8372.652000955002
-9709.481001245877
-10527.408001436368
-11086.245001540507
-11405.861001585587
-9979.117001305438
-8192.774000945483
-6307.201000548915
-4241.634000098833
-2016.3709999637479
-888.7209999919539
-80.19099999999453
199.43800000029702
169.66700000018912
10.012999999999892
-19.959999999999816
0.0
0.0
0.0
-59.87900000000186
-49.94000000000693
-120.02099999990165
-599.3129999991913
-1387.8399999802598
-2725.096999971469
-3573.3320000166764
-4760.916000197651
-5788.686000453221
-6776.144000658237
-8831.526001063665
-10228.334001359186
-10467.740001442902
-11345.715001599297
-11156.244001538333
-9290.42300118167
-7773.903000865889
-5529.152000386146
-3353.461000036342
-1497.643999975921
-599.2599999985011
-10.453000000002742
279.17500000052075
189.6000000002347
19.94999999999982
-19.959999999999816
0.0
0.0
0.0
-69.8540000000116
-69.89699999999756
-199.83600000022608
-918.5949999915008
-1717.0549999716939
-2984.643999999068
-4032.524000061443
-5718.955000386112
-6726.6410006244205
-8382.648000969402
-9839.16800129079
-11495.338001631482
-11964.1490017338
-11385.660001630033
-11006.737001529083
-9240.626001168182
-7225.222000747096
-4551.305000196846
-2714.903999996446
-1238.2159999826488
-219.9790000004878
49.601999999943445
209.3740000003583
89.7349999999825
0.0
0.0
0.0
0.0
0.0
-49.875000000006885
-49.92099999999064
-189.8440000003508
-938.3669999903108
-1707.071999971153
-3124.46700001061
-4611.100000184753
-6147.8910005107455
-8083.526000906037
-10527.590001399885
-11575.267001647124
-12493.188001846813
-12782.122001904656
-11794.554001712804
-11535.496001612755
-8631.857001032495
-5598.847000439837
-3962.290000063629
-2435.593999976201
-848.6089999917237
-229.81600000048002
159.3790000000784
179.47200000016932
29.90500000000073
-19.95199999999982
0.0
0.0
0.0
0.0
-39.9000000000028
-69.83299999999755
-219.68100000042017
-748.757999994367
-1656.9189999723944
-2964.3210000162967
-4581.179000204706
-6207.716000562538
-8432.7740010171
-9819.584001315188
-11645.109001677813
-11884.492001735181
-11744.864001696238
-10447.996001437567
-9230.722001155968
-6935.872000682324
-4580.952000216654
-2854.4730000141913
-1776.6389999702587
-708.854999995796
-219.7220000004203
-129.85899999991997
9.893999999999963
39.85700000000275
0.0
0.0
0.0
0.0
0.0
-19.94999999999982
-59.85200000002718
-209.63800000032492
-668.8519999968727
-1606.7429999744986
-3353.154000000093
-4850.054000225391
-6845.547000668375
-8861.179001086137
-9699.040001277446
-10946.507001513744
-10617.191001456773
-9529.81200124447
-8651.74500104457
-7424.452000760307
-5698.445000385634
-3572.872000041339
-2415.031999977592
-1287.3979999812914
-509.0729999986229
-339.24000000065615
-79.7960000000062
-119.72799999990237
19.95199999999982
0.0
0.0
0.0
0.0
0.0
0.0
-0.002
-149.69800000001095
-479.0960000010615
-1037.8169999879535
-1766.2109999699887
-3003.423000006388
-4520.1620001583215
-5577.76000040349
-6645.520000612706
-7164.374000700527
-6655.570000611055
-6456.067000551639
-5648.157000359622
-4330.991000104367
-3412.917000011196
-2295.2449999724104
-1367.0879999794279
-818.2599999916087
-578.7649999979928
-259.3670000005516
-69.88700000001155
-39.89600000000279
0.0
0.0
0.0
0.0
0.0
0.0
0.0
-19.95599999999982
-9.97799999999991
-169.6920000001464
-409.2210000001552
-1017.8989999881272
-1586.5579999742636
-1975.7979999643796
-2404.645999988665
-2933.4130000052937
-2773.7709999994186
-2414.7619999851654
-2624.1629999862143
-2085.508999965042
-1706.3449999710895
-1356.9549999797032
-1037.711999987956
-588.684999998146
-369.1720000000324
-249.43500000053572
-129.68799999991916
-29.92500000000073
-19.95399999999982
0.0
0.0
0.0
0.0
0.0
0.0
0.0
0.0
-19.94999999999982
-59.89400000000187
-209.5540000003245
-458.9170000002885
-708.3339999948348
-1017.5719999879998
-1117.338999984934
-1207.073999983281
-1117.3159999853046
-997.6389999881592
-937.7709999897367
-857.939999991768
-658.4149999963693
-458.94799999981853
-309.28800000063734
-109.74700000003216
-79.85300000000628
-99.77700000001428
-59.90200000002724
-19.94999999999982
0.0
0.0
0.0
0.0
0.0
0.0
