26.250000000001304
0.0
0.0
-0.3999999999999901
0.8600000000000227
-1.2999999999999947
-3.9800000000001474
-0.7500000000000011
-3.1199999999997376
-0.3100000000000001
1.8999999999999697
-0.3899999999999884
0.7699999999999616
0.16999999999987983
0.29999999999998334
0.2999999999999946
-3.5900000000003587
-5.279999999999935
0.2499999999999993
-0.5199999999998719
-0.990000000000229
0.1299999999999713
-0.8799999999996729
-0.05000000000001076
-1.749999999999977
4.29999999999986
-2.400000000000152
-1.1799999999999389
-0.8900000000000218
1.8200000000007532
-0.11999999999997257
-0.14999999999999317
2.1399999999996444
0.07000000000000134
1.50000000000001
0.1700000000002477
1.2599999999995475
0.10000000000012946
-0.9800000000001832
0.3999999999999778
0.47999999999996745
-3.759999999999964
-0.3700000000000088
-1.029999999999993
-2.2300000000010614
-1.9699999999999516
0.7499999999998815
0.17000000000000523
3.3000000000000025
0.0
