11.889999999999791
0.0
0.0
0.0
0.0
-0.20000000000000004
-0.4000000000000001
0.0
0.0
0.27999999999999997
0.13999999999999999
0.0
0.0
0.0
0.0
0.0
0.0
0.0
-0.09
-0.7900000000000005
2.810000000000019
0.790000000000002
1.2399999999999938
8.968520370800093E-16
-3.9899999999998736
-2.6899999999996784
1.4100000000000008
-0.44999999999999996
-1.6500000000000012
-2.1699999999999977
0.0
0.0
0.0
-2.5199999999999902
0.020000000000000247
2.220000000000053
-4.320000000000027
1.6599999999999975
1.4299999999999795
1.9399999999999866
-1.4800000000000024
2.4000000000000545
0.32999999999999896
-0.9699999999999998
-0.3000000000000001
-0.04
0.0
3.0100000000000025
-1.9300000000000017
-3.0899999999999403
0.9300000000000026
0.6400000000000001
-0.17999999999999874
-0.18999999999998832
-0.569999999999998
-0.44000000000005496
-1.540000000000003
1.8400000000000003
-4.39
-5.499999999999971
-0.05
0.0
2.3200000000000016
1.8500000000000003
1.03
-2.5200000000000773
0.6799999999999772
-0.20999999999999142
1.1
-0.99
4.419999999999568
-0.6899999999999998
0.0699999999999983
2.7500000000000253
0.4700000000000004
-0.07
0.0
-2.840000000000002
2.4800000000000115
-1.6900000000000008
-1.720000000000002
-1.3100000000000005
-1.3499999999999752
-2.309999999999987
0.860000000000023
-2.350000000000067
-1.0099999999999996
-1.2500000000000007
0.10999999999999711
4.309999999999916
5.88999999999991
-1.1300000000000008
-4.520000000000003
-5.45999999999994
-7.420000000000573
-2.7499999999998326
-4.480000000000386
-2.1099999999999732
-2.1499999999999124
0.5199999999999937
-0.9300000000000024
3.270000000000026
-3.45000000000002
2.210000000000133
4.190000000000024
0.0
-1.1300000000000008
-4.019999999999982
4.820000000000068
3.9299999999997306
1.380000000000209
1.8300000000000005
0.26000000000000345
2.2800000000001304
-1.0600000000000027
-1.2399999999999973
-2.359999999999526
2.950000000000097
-2.0999999999999934
0.049999999999998344
0.0
0.0
-4.939999999999939
-2.8300000000000143
-0.6400000000000103
-1.410000000000002
1.7399999999999982
-1.4300000000000026
2.7300000000002886
1.7999999999999954
1.7300000000000018
-0.29000000000001186
1.659999999999984
1.3500000000000032
3.7100000000000497
0.0
0.0
-3.5399999999999685
4.879999999999969
1.5900000000000165
2.1599999999999167
-0.2699999999999978
2.7299999999994453
1.3799999999999963
-3.2599999999996707
0.9400000000000002
-1.499999999999998
2.7900000000001905
0.2800000000000012
7.739999999999909
0.3900000000000002
0.0
-0.3500000000000005
-0.07000000000000103
-3.22999999999998
0.589999999999999
1.759999999999998
-0.17999999999999797
3.4400000000003255
-3.1399999999999566
2.7600000000000584
-0.16000000000000694
-0.6000000000000028
1.4799999999999773
3.609999999999994
0.0
0.0
-0.3900000000000001
-0.8900000000000003
2.7399999999999336
-0.16000000000000097
0.7300000000000142
-2.6299999999999994
-0.14000000000000795
-0.7999999999999978
-0.43000000000000393
3.9599999999996878
3.129999999999926
-2.0999999999999996
-0.01
0.0
0.0
-0.01
0.0
-6.209999999999951
-4.999999999999982
-3.9499999999999855
-1.480000000000001
-2.7399999999999856
-5.649999999999966
1.3700000000000008
2.0000000000000013
-3.1499999999999773
-0.06
0.0
0.0
0.0
