0.006
0.0
0.0
0.0
0.0
0.0
0.0
0.0
0.0
0.0
0.0
0.0
0.0
0.0
0.0
0.0
0.0
0.0
0.0
0.0
0.0
0.0
0.0
0.0
0.0
0.0
0.0
0.0
0.0
0.0
0.0
0.0
0.0
0.0
0.0
0.0
0.0
0.0
0.0
0.0
-0.002
-0.001
-0.002
0.0
0.0
0.002
0.001
0.002
0.0
0.0
0.0
0.0
0.0
0.0
0.0
0.0
0.0
0.0
0.0
0.0
0.0
0.0
0.0
0.0
0.0
0.0
0.0
0.0
-0.001
-0.003
-0.003
0.011000000000000001
0.011000000000000001
0.013000000000000001
0.009000000000000001
-0.005
0.0
-0.004
-0.006
-0.004
0.0
0.0
0.0
0.0
0.0
0.0
0.0
0.0
0.0
0.0
0.0
0.0
0.0
0.0
0.002
0.003
0.004
0.011000000000000001
0.010000000000000002
0.009000000000000001
0.002
0.014
-0.002
0.015000000000000001
-0.002
-0.005
-0.002
-0.008
-0.004
-0.005000000000000001
0.002
0.0
0.0
0.0
0.0
0.0
0.0
0.0
0.0
0.0
0.0
0.0
0.0
-0.005
0.001
-0.002
0.004
0.004
-0.00599999999999999
0.036000000000000025
0.003000000000000002
0.03200000000000001
0.024
-0.010000000000000002
-0.009000000000000001
0.006999999999999997
-0.019000000000000003
0.003000000000000001
0.005
-0.001
-0.002
0.0
0.0
0.0
0.0
0.0
0.0
0.0
0.0
0.0
0.0
-0.005
-0.009000000000000001
0.003
0.005
0.006
0.001
0.007
0.021000000000000005
0.05000000000000003
0.025000000000000015
0.009000000000000008
-0.02800000000000001
0.019999999999999997
0.0020000000000000035
-0.011999999999999993
0.006
0.008
-0.023000000000000007
0.003
-0.003
-0.004
-0.004
0.0
0.0
0.0
0.0
0.0
0.0
-0.01
-0.013
0.020000000000000004
0.005
0.004
0.009000000000000001
0.0
-0.0019999999999999974
0.005000000000000007
-0.010000000000000004
0.006
0.01
0.023
0.010000000000000009
-0.011
-0.016999999999999994
0.005
0.003000000000000001
-0.011000000000000001
-0.005000000000000001
-0.005
-0.005
-0.001
-0.002
0.0
0.0
0.0
0.0
-0.002
0.002
0.015000000000000001
0.002
0.03000000000000002
-0.003
0.023
0.021999999999999992
0.034000000000000016
0.02900000000000002
0.013000000000000008
-0.010000000000000005
0.010999999999999996
-0.02700000000000001
0.018000000000000002
-0.016
0.0
0.009000000000000001
-0.009000000000000005
0.011000000000000001
-0.012
-0.011
-0.006
-0.001
-0.002
0.0
0.0
0.0
0.0
-0.002
0.002
-0.017
-0.008
0.022000000000000006
0.022000000000000006
0.014000000000000002
-0.002
-0.021000000000000005
-0.013000000000000005
0.006000000000000005
0.002
-0.034000000000000016
-0.0010000000000000035
-0.011999999999999988
0.007999999999999993
-0.007000000000000008
0.015
-0.008
0.0
-0.006
-0.007
-0.003
-0.002
0.0
0.0
0.0
0.0
0.0
-0.002
-0.004
0.011
-0.003
0.010999999999999994
-0.03900000000000002
-0.02600000000000001
0.004
0.0010000000000000035
-0.01600000000000001
-0.0020000000000000035
-0.015
-0.005
-0.02600000000000001
0.03700000000000002
0.003
0.029000000000000012
-0.024000000000000014
0.014
0.012000000000000002
-0.004
-0.004
-0.005
0.0
0.0
0.0
0.0
0.0
0.0
-0.002
0.002
-0.013999999999999999
-0.004
0.004999999999999998
-0.009000000000000005
0.0
0.004000000000000001
0.005000000000000004
-0.01900000000000001
-0.007
0.008000000000000005
-0.003999999999999997
0.010999999999999998
-0.043000000000000024
-0.03500000000000001
-0.001
0.004000000000000005
0.005000000000000001
-0.02700000000000001
-0.020000000000000004
-0.009000000000000001
-0.002
0.0
0.0
0.0
0.0
0.0
-0.001
-0.005
0.008
-0.008
-0.023000000000000013
-0.024000000000000007
-0.020000000000000004
-0.054000000000000034
-0.03700000000000002
-0.043000000000000024
-0.02600000000000001
-0.05200000000000003
-0.020000000000000004
-0.03300000000000001
-0.013999999999999992
-0.0010000000000000035
0.009000000000000001
-0.012000000000000004
0.001
-0.02700000000000001
-0.022000000000000006
-0.010000000000000002
-0.016
0.0
0.0
0.0
0.0
0.0
-0.002
-0.001
-0.004
-0.018000000000000002
-0.028000000000000018
-0.03800000000000002
-0.043000000000000024
-0.02600000000000001
-0.019000000000000003
-0.015000000000000008
-0.04700000000000002
-0.041000000000000016
-0.033000000000000015
-0.02000000000000001
-0.04900000000000003
-0.007000000000000004
-0.01900000000000001
-0.006000000000000004
-0.011
-0.023999999999999994
-0.003
-0.020000000000000004
-0.014000000000000002
0.007
0.0
0.0
0.0
0.0
0.0
-0.001
-0.001
-0.012
-0.007000000000000001
-0.011999999999999997
-0.031000000000000014
-0.033000000000000015
-0.003
-0.035000000000000024
-0.05100000000000003
-0.02100000000000001
-0.026000000000000002
-0.022
-0.006000000000000002
-0.01100000000000001
-0.009000000000000011
-0.009000000000000001
-0.022000000000000013
-0.003
-0.006000000000000004
0.007000000000000001
-0.006
-0.01900000000000001
-0.006
0.004
0.0
0.0
0.0
0.0
-0.002
-0.001
-0.011000000000000001
-0.005
-0.004
-0.029000000000000012
-0.0040000000000000036
0.0059999999999999975
0.009000000000000001
0.001
0.009000000000000001
0.0029999999999999966
0.02700000000000001
0.018000000000000002
0.008999999999999994
-0.002
-0.005999999999999997
-0.004999999999999993
0.02100000000000001
-0.011999999999999997
-0.006
-0.024000000000000007
-0.003
-0.004
0.016
0.014
0.0
0.0
0.0
0.0
-0.002
-0.005
-0.012000000000000004
0.021000000000000005
0.0
0.017
0.005000000000000002
0.0
-0.011999999999999993
-0.001
0.001
0.014000000000000002
0.028000000000000018
0.01900000000000001
0.02500000000000001
-0.016999999999999994
-0.012000000000000005
-0.003000000000000001
0.020999999999999998
0.006
0.012
-0.005
0.015000000000000003
-0.001
0.018000000000000002
0.0
0.0
0.0
0.0
0.0
0.008
-0.013999999999999999
0.005
-0.008
0.015999999999999993
0.023000000000000007
0.0029999999999999897
0.013000000000000001
0.004999999999999995
0.014000000000000002
0.019999999999999997
0.03000000000000002
0.006000000000000007
-0.001999999999999999
-0.003
-0.008
-0.010999999999999989
0.007000000000000004
-0.001
0.012000000000000004
-0.005
0.033000000000000015
0.016000000000000004
0.015000000000000005
0.0
0.0
0.0
0.0
0.0
0.012
-0.007
0.024000000000000007
0.018000000000000002
0.015999999999999993
0.009000000000000008
0.0020000000000000052
0.028999999999999998
0.00999999999999999
0.04300000000000003
0.024000000000000007
0.008
0.017999999999999995
-0.0020000000000000035
-0.012
0.010000000000000007
-0.014999999999999993
-0.008999999999999998
0.024
0.02600000000000001
0.017000000000000008
0.033000000000000015
0.012
0.005
0.002
0.0
0.0
0.0
0.0
0.006
0.006000000000000001
0.014999999999999993
-0.001
0.023000000000000007
0.017
0.01000000000000002
0.019000000000000003
0.01999999999999999
0.02600000000000001
0.025000000000000015
-0.014000000000000005
0.009999999999999995
-2.6020852139652106E-18
0.004999999999999997
0.008999999999999998
-0.004000000000000002
-0.004000000000000001
0.016000000000000007
0.0030000000000000035
0.02600000000000001
0.017
0.007
0.012
-0.002
0.0
0.0
0.0
0.0
0.006
0.009000000000000005
0.03300000000000002
0.031000000000000007
0.017000000000000008
0.002000000000000001
0.001
0.004000000000000002
0.027000000000000017
0.029000000000000005
0.023000000000000013
0.03900000000000002
0.013999999999999995
0.02600000000000001
0.012000000000000018
0.0
0.011999999999999999
0.01499999999999998
-0.011000000000000001
0.02600000000000001
0.031000000000000014
0.012
0.002
0.006
-0.004
0.0
0.0
0.0
0.0
-0.006
0.006
0.009000000000000013
0.01100000000000002
5.204170427930421E-18
0.01700000000000001
0.036000000000000004
0.010000000000000012
0.031000000000000014
-0.012000000000000014
8.673617379884035E-19
0.021000000000000005
-0.011
0.004
0.008
0.013000000000000005
0.02600000000000001
0.009999999999999992
0.015999999999999993
0.02600000000000001
0.043000000000000024
0.002
-0.004
0.003
0.0
0.0
0.0
0.0
0.0
0.005
0.022000000000000006
0.012
-0.011
-0.016999999999999994
-0.004999999999999997
0.01800000000000001
0.01900000000000001
0.01900000000000001
-0.007999999999999997
0.007999999999999993
0.004
-0.024
-0.022000000000000006
0.006
0.013999999999999997
0.015999999999999993
0.01800000000000001
0.033000000000000015
0.019000000000000003
0.017999999999999995
0.005
0.009000000000000001
0.008
0.0
0.0
0.0
0.0
0.0
-0.007
-0.002
0.001
0.005000000000000001
-0.012999999999999998
-0.006
0.003
0.003
-0.001
0.008000000000000004
0.01
-0.017999999999999995
-0.013000000000000008
0.023000000000000007
-0.009000000000000001
0.02600000000000001
0.031000000000000007
0.012000000000000002
-0.007
-0.001
0.006
0.011000000000000001
0.003
0.002
0.0
0.0
0.0
0.0
0.0
0.0
0.002
0.001
0.011000000000000001
0.010000000000000002
-0.011000000000000005
0.007
-0.013999999999999999
-0.008999999999999998
-0.011000000000000001
-0.02500000000000001
-0.021000000000000005
-0.008000000000000002
-0.020000000000000004
-0.03400000000000001
-0.006
0.004
0.002
-0.011000000000000001
0.001
0.002
0.0
0.0
0.0
0.0
0.0
0.0
0.0
0.0
0.0
0.002
-0.005
-0.005
0.006
-0.024000000000000007
-0.023000000000000007
0.007
-0.0010000000000000009
-0.019000000000000003
-0.023000000000000007
-0.008
-0.007000000000000005
-0.004
-0.006
0.006
0.006
0.006
0.002
-0.002
-0.005
-0.002
0.0
0.0
0.0
0.0
0.0
0.0
0.0
0.0
0.0
-0.002
-0.008
-0.007
-0.007
-0.013000000000000001
-0.008
-0.015
-0.007
0.0
-0.006
-0.005
-0.006
-0.004
-0.005
-0.004
-0.002
0.0
-0.002
-0.001
-0.002
0.0
0.0
0.0
0.0
0.0
0.0
0.0
0.0
0.0
0.0
0.0
0.0
0.0
-0.002
-0.003
-0.003
-0.002
0.0
0.0
0.0
0.0
0.0
0.0
0.0
0.0
0.0
0.0
0.0
0.0
0.0
0.0
0.0
0.0
0.0
