1.0829999999999915
0.0
0.0
0.08100000000000004
0.47100000000000036
0.10499999999999773
-0.028000000000000795
0.5300000000000004
-0.3830000000000003
0.0
0.19599999999999962
-0.05800000000000805
0.05999999999999948
-0.04699999999999939
-0.04499999999999244
0.008999999999998412
-0.14300000000000007
-0.4860000000000004
0.17400000000000773
-0.09400000000000852
-0.24100000000000077
-0.10299999999998101
-0.10999999999998926
0.011000000000000763
0.3790000000000003
0.46300000000000036
-0.8480000000000006
-0.2220000000000002
-0.11500000000002424
0.17000000000000032
0.007999999999998359
-0.04800000000000312
0.6970000000000005
0.13500000000000018
0.43300000000000005
0.08299999999999871
0.16700000000000015
0.10000000000000259
0.07700000000000042
0.31500000000000034
0.5760000000000004
-0.44000000000000034
0.18199999999999977
0.10800000000000007
-0.11599999999999916
-0.12700000000000006
0.12500000000000008
0.36000000000000026
-0.014000000000000002
0.001
