-0.20800000000000016
0.0
0.0
0.0
0.0
-0.002
-0.002
0.0
-0.001
0.1330000000000001
0.05500000000000004
0.0
0.0
0.0
0.0
0.0
0.0
0.0
0.0
0.003
0.08600000000000006
0.07500000000000005
0.1640000000000001
0.069
-0.006999999999999924
-0.1480000000000001
0.02600000000000001
0.20500000000000015
-0.01500000000000001
-0.17200000000000013
0.0
0.0
0.0
0.06400000000000004
-0.17400000000000013
0.2580000000000002
-0.21200000000000016
-0.0010000000000002325
0.24000000000000019
-0.1810000000000001
0.16100000000000012
-0.21500000000000014
-0.03099999999999999
-0.20100000000000012
-0.11000000000000007
-0.007
0.0
-0.024000000000000014
0.24700000000000016
0.17400000000000013
-0.11199999999999996
0.09000000000000012
0.1510000000000001
-0.14300000000000007
0.10400000000000002
-0.23700000000000015
-0.11200000000000007
-0.10200000000000005
-0.13800000000000007
-0.09000000000000005
-0.006
0.0
-0.027000000000000014
0.2990000000000002
0.09000000000000007
0.1640000000000001
-0.08700000000000008
-0.07099999999999984
-0.058000000000000176
-0.132
0.32800000000000024
-0.1280000000000001
0.45300000000000035
-0.3860000000000003
-0.06600000000000004
0.0
0.0
-0.1590000000000001
0.12900000000000006
-0.07199999999999973
-0.12500000000000008
-0.2710000000000002
0.016999999999999897
-0.49700000000000033
-0.07300000000000002
-0.24100000000000021
-0.23200000000000018
-0.15200000000000014
0.07100000000000001
0.6180000000000004
0.0
-0.01800000000000001
-0.01899999999999997
-0.08800000000000005
-0.7350000000000005
-0.23600000000000015
-0.24600000000000016
-0.040000000000000355
-0.035000000000000045
0.025999999999999836
-0.06700000000000005
0.07800000000000004
-0.19600000000000026
-0.3040000000000002
-0.1160000000000001
0.20000000000000015
-0.01800000000000001
-9.999999999999506E-4
0.42100000000000026
0.17900000000000013
0.11600000000000013
0.05200000000000002
-0.08200000000000003
0.2780000000000002
-0.04899999999999986
-0.18500000000000008
-0.09000000000000007
-0.015000000000000076
-0.22100000000000014
0.35000000000000026
0.20300000000000015
0.0
0.08400000000000006
-0.07000000000000017
-0.0550000000000002
-0.008999999999999963
0.10700000000000005
0.33200000000000024
0.04599999999999989
0.1410000000000001
0.056000000000000064
0.09000000000000025
0.15300000000000008
0.3080000000000002
0.47100000000000036
0.20200000000000015
0.0
-0.10200000000000008
-0.06700000000000009
0.4910000000000004
0.33300000000000024
-0.09100000000000001
0.27600000000000025
0.16700000000000012
-0.016999999999999876
0.16400000000000012
-0.14000000000000004
0.08700000000000009
0.15900000000000009
-0.3050000000000002
0.0
0.0
-0.09000000000000008
0.05400000000000002
0.17000000000000007
0.11900000000000005
-0.005999999999999917
0.35700000000000026
0.02800000000000036
-0.12699999999999986
0.21900000000000017
0.17300000000000015
0.07000000000000008
0.3040000000000002
0.07400000000000005
0.001
0.0
0.013000000000000006
0.024999999999999994
0.07500000000000018
0.13100000000000006
-0.1820000000000001
0.17500000000000004
-0.1400000000000001
-0.16800000000000015
0.06699999999999982
-0.02400000000000005
0.16300000000000012
0.002000000000000066
0.002
0.0
0.0
-0.05000000000000004
0.0
-0.06800000000000005
-0.054000000000000034
-0.19300000000000014
-0.21900000000000017
-0.22800000000000017
-0.1380000000000001
-0.09300000000000007
-0.1230000000000001
-0.013000000000000005
0.0
0.0
0.0
0.0
