-21619.286003945675
0.0
0.0
0.0
0.0
0.0
0.0
0.0
0.0
0.0
0.0
0.0
0.0
0.0
0.0
0.0
0.0
0.0
0.0
0.0
0.0
0.0
0.0
0.0
0.0
0.0
0.0
0.0
0.0
0.0
0.0
0.0
0.0
0.0
0.0
0.0
0.0
0.0
-19.96799999999981
-9.983999999999906
-39.93400000000284
-19.96600000000142
-69.88300000001155
-59.89700000000186
-69.91000000001152
-29.947000000000727
-29.96999999998781
-19.965999999999813
-9.982999999999906
-39.93400000000284
-29.95200000000073
-9.983999999999906
-19.96799999999981
0.0
0.0
0.0
0.0
0.0
0.0
0.0
0.0
0.0
0.0
-19.96799999999981
0.0
-19.96799999999981
-39.93600000000284
-49.926000000006916
-29.945000000013614
-89.86500000002367
-169.7520000001467
-249.57400000050728
-539.0770000000524
-778.6709999938156
-1028.2859999876964
-1118.144999985038
-1178.0409999843266
-838.605999991854
-648.9229999958204
-479.20500000006507
-189.68600000031176
-129.78399999991962
-9.984000000000098
19.96799999999981
0.0
0.0
0.0
0.0
0.0
0.0
0.0
0.0
0.0
-39.93400000000284
19.962999999998214
19.970000000001424
99.8459999999487
139.73699999999116
259.4560000004699
279.3860000006274
-30.122999999987616
-619.2409999982889
-838.8359999903674
-1397.9599999776067
-1926.9449999656429
-2086.7359999652144
-1697.375999971003
-1387.9089999788662
-928.6349999904525
-389.47999999946063
-269.6300000005533
-109.87399999990394
-19.963999999999814
0.0
0.0
0.0
0.0
0.0
0.0
0.0
-19.965999999999813
-49.94700000000692
-79.88500000000076
-0.012000000000000002
-239.7200000003862
-169.9090000002759
-279.846000000653
-729.2739999953479
-1358.3689999804826
-2157.241999966464
-3455.17900000269
-4353.830000112592
-5422.336000328262
-5671.8790003817785
-5711.875000390524
-5142.6190002736075
-4393.717000088135
-2985.645999990827
-1727.625999971093
-1028.5599999874214
-758.938999994786
-289.5320000005935
-19.97399999999981
0.0
0.0
0.0
0.0
0.0
0.0
-49.93300000000691
-179.74700000021107
-389.4260000006918
-619.2449999980657
-918.8289999899929
-1208.570999983474
-2436.633999966888
-3585.4160000044417
-5113.233000249644
-6831.161000608329
-8838.04100104115
-10455.917001380465
-11184.43200154375
-11584.042001622027
-10715.380001447218
-9866.379001265272
-8518.164000974382
-6251.460000493863
-4114.3270000387265
-2606.518999983933
-1747.4559999708827
-1078.3509999873002
-309.55500000063785
-79.89999999999519
0.0
0.0
0.0
0.0
0.0
-169.75000000010385
-339.5330000003019
-629.1679999968615
-1368.0659999800102
-1917.4479999662503
-2846.238000005942
-4703.476000178058
-6910.87700064291
-9367.404001147397
-11404.503001586674
-14150.65800215153
-15648.055002475066
-15348.627002442527
-15947.693002540886
-13830.880002130427
-12902.303001921955
-11214.542001553888
-9157.492001087701
-6311.4930005018805
-3994.7190000478986
-2795.9309999908264
-1757.2699999706203
-858.7149999923927
-119.87099999995309
-59.96200000002732
0.0
0.0
-19.96799999999981
0.006
-249.6310000005367
-679.0479999963434
-1018.4229999877086
-2176.804999967892
-3554.903000024065
-5841.834000398893
-8438.102000950863
-10665.12400142623
-14090.252002119849
-17096.00900273584
-18483.935003047194
-19452.514003252734
-19222.96800320678
-18533.999003076868
-17884.92800292977
-16616.808002655256
-14439.912002205765
-11354.426001551845
-7839.288000823919
-5232.867000283403
-3435.2020000204784
-2206.7809999694323
-1158.3559999851213
-279.6310000005412
-69.97300000001144
0.0
0.0
-19.965999999999813
-59.90300000000187
-399.41900000062225
-968.5099999894252
-1717.4389999716045
-3484.970999996477
-5342.241000300338
-7539.314000784337
-10684.878001441082
-14130.030002141748
-17125.851002763826
-18284.252003022717
-18553.797003085114
-18693.31700310256
-18943.234003141733
-18084.542002981867
-17106.20200278736
-16516.845002657108
-14509.742002245324
-11773.51800166201
-8817.862001035315
-5742.1630003903565
-3455.4120000226053
-1907.3729999665854
-958.6899999892818
-349.6000000008755
-39.9840000000029
0.0
0.0
-29.95700000000073
-129.83299999991985
-409.3890000005445
-1088.4069999867547
-2096.8659999653983
-3764.6580000437916
-6051.222000489412
-8897.329001088205
-12702.159001867907
-15737.630002488942
-17475.4660028582
-17994.836002964414
-17864.957002926443
-17105.706002765837
-17006.005002730526
-16057.548002563824
-16317.162002618426
-16187.194002586573
-14249.848002192286
-11174.517001564442
-7779.51400084701
-4843.598000221557
-3165.8919999959026
-1507.985999976654
-738.9739999956021
-109.89999999994669
-19.9899999999998
0.0
0.0
-39.938000000002845
-169.7390000001466
-339.473000000184
-1018.4499999877077
-2146.956999967623
-3604.8380000660645
-6700.385000619153
-10245.421001361135
-14159.917002162014
-17005.544002747672
-17814.951002920687
-17754.900002891613
-16905.825002699818
-15458.196002404227
-15528.352002422165
-15178.734002373405
-16017.754002549384
-15718.11500248464
-13890.640002110606
-10964.879001499341
-7330.25300072337
-4064.802000032005
-2097.453999964968
-899.0409999916427
-269.7270000005569
-19.983999999999803
0.0
0.0
0.0
0.0
-139.8070000000435
-279.5930000004755
-908.659999990286
-1897.3269999665572
-3854.4510000586824
-7798.89200081878
-10964.310001509248
-14878.814002308914
-16876.186002728013
-17235.735002797475
-16966.58300271645
-16057.537002521598
-14619.695002249564
-14589.976002258658
-17006.383002728988
-17565.29000285323
-16626.52600266126
-13261.455001992861
-10395.656001355937
-6271.4450004843475
-2806.5959999892925
-1288.614999982227
-479.6430000005634
-99.89199999998148
-19.970999999999812
-19.96799999999981
0.0
0.0
0.0
-129.79699999991968
-289.5860000005528
-828.8839999928077
-1797.6219999688583
-4373.953000109751
-8028.5690008813235
-11333.991001593226
-15497.85000243669
-16596.678002677883
-16426.943002638545
-16447.413002618505
-16127.204002556939
-15608.346002481589
-17325.76000281661
-19362.383003231313
-19112.97800318389
-16267.041002618162
-13121.416001960974
-9805.998001220392
-5482.539000305564
-2307.3429999739096
-1058.9409999872182
-459.526000000052
-149.85600000001173
-9.989999999999903
-19.96799999999981
0.0
0.0
0.0
-19.965999999999813
-219.72400000035415
-728.9909999953545
-1757.8579999701356
-4493.795000138691
-8028.603000891598
-11683.374001665821
-15577.85800245433
-16346.806002623802
-16726.6240026953
-16377.133002622046
-18144.087002984706
-17045.939002819934
-19831.4910033671
-21239.319003639645
-19881.92700336777
-17105.646002785645
-13450.745002002941
-9067.349001075272
-5123.013000252286
-2476.9189999808295
-1138.6859999852
-579.3299999979795
-199.80900000026236
-0.006
0.0
0.0
0.0
0.0
0.0
-159.85000000003515
-579.2059999986974
-1957.5589999660526
-4583.78100014727
-7559.41000080375
-11034.488001534362
-13800.76300211251
-15368.477002427791
-16916.32800271621
-17954.39700293165
-18623.23200310507
-19322.110003279962
-21858.276003779345
-22557.413003902457
-19562.189003317704
-17405.05600283814
-12811.696001882456
-8797.622001031548
-4983.190000260435
-3085.9309999964544
-1038.889999986466
-549.4159999986954
-139.8120000000955
19.999999999999794
0.0
0.0
0.0
0.0
0.0
-129.8419999999199
-509.3280000004975
-1598.1829999737856
-3784.991000058444
-6381.3230005613095
-9457.180001204402
-11394.360001633413
-13631.020002070905
-15717.953002471786
-17504.99000284736
-18533.297003087602
-19751.435003354094
-22147.71000381754
-20840.4340035562
-18783.389003149405
-16586.38400266514
-12571.985001827037
-8068.421000914752
-5382.574000339934
-2776.294000000688
-1338.4499999806262
-359.7059999999849
-49.9559999999906
-9.980000000000095
0.0
0.0
0.0
0.0
-39.95200000000286
-79.87900000000077
-479.53400000056337
-1608.1619999743791
-3335.848000001711
-5023.43300025457
-7679.997000824299
-10036.50600132851
-12293.296001781877
-14150.267002149501
-15068.572002362444
-16855.790002746937
-18583.139003106757
-20590.272003485527
-19172.793003201634
-17994.33700295718
-15627.769002462397
-12382.605001770911
-8138.505000913338
-5292.695000306181
-2317.1329999772806
-889.079999991169
-60.17300000002757
139.75900000004324
39.96900000000288
0.0
0.0
0.0
0.0
-79.88799999999522
-259.62600000051157
-369.6570000008045
-1108.9429999866668
-2597.097999963298
-4204.931000040499
-6681.203000573241
-8648.544001017135
-10305.997001367032
-12153.033001732174
-13530.958002023637
-15997.256002531716
-17904.183002926813
-18383.78400303085
-17734.912002896537
-16437.07700263073
-14060.297002136587
-11214.442001539162
-7300.007000756093
-4304.1620001222245
-2077.496999964658
-549.6270000017064
289.4430000004313
219.65500000045313
0.011000000000000003
0.0
0.0
0.0
0.0
-129.8419999999199
-199.76400000029858
-389.62300000086816
-1059.000999988521
-2667.1109999502546
-3935.494999980778
-5443.260000306758
-7140.861000699612
-9057.947001104369
-10575.427001410708
-12392.699001777642
-14569.582002235911
-16516.33000264424
-17035.78300274944
-17764.885002876777
-15049.028002348998
-12911.993001899998
-9596.798001225232
-6491.424000578595
-3425.5930000390913
-1728.1569999721994
-40.43000000002777
359.2969999995585
279.58600000051945
-19.941999999999826
-39.96600000000288
0.0
0.0
0.0
-139.8369999999916
-249.67200000059512
-519.3709999999472
-1388.3549999799495
-2497.1629999745815
-4344.657000048828
-5822.463000374921
-7530.329000757785
-8748.47700105228
-10036.240001325714
-12821.924001879028
-14858.818002308804
-16496.584002655458
-17355.43200282204
-16646.414002672784
-14369.93900221503
-12342.90200177598
-8318.81200096175
-5213.185000318572
-2547.0319999907842
-679.7079999959212
299.07700000058526
548.9890000002135
229.590000000384
19.965999999999813
-39.96600000000288
0.0
0.0
0.0
-119.83499999995313
-449.35400000084735
-739.1259999946644
-1637.9279999734904
-3345.8580000112697
-4764.194000207935
-6831.215000613707
-9187.939001093946
-10455.875001390972
-12742.259001863955
-15128.491002362312
-17365.294002828414
-18143.93800300286
-17595.071002898287
-16686.566002696407
-14200.184002180642
-10964.974001498522
-6501.510000600821
-3865.0070000557394
-1818.165999968931
-270.0670000005467
209.45500000042807
339.3410000005385
99.75699999998159
19.959999999999816
0.0
0.0
0.0
0.0
-89.87700000000301
-319.5560000005273
-649.1149999966666
-1498.1069999761867
-3455.602000031664
-5123.606000307849
-7470.077000783438
-10066.459001310803
-13081.760001927607
-15817.633002492645
-17654.979002890504
-19382.070003248824
-19122.56700320754
-18104.256003000322
-17455.258002824416
-13101.686001942577
-8788.27100106162
-5392.941000344297
-2826.5509999956735
-1048.9609999873737
-60.28299999992442
169.5550000001886
199.63500000033434
59.88100000000187
-0.005
0.0
0.0
0.0
0.0
-69.88600000001155
-269.597000000555
-469.35599999993644
-1398.216999978983
-3275.6700000094024
-5333.020000325333
-7519.952000811299
-10136.36800137128
-13301.680002020406
-15498.232002479326
-17804.5760029349
-18553.25400309043
-17774.619002932526
-16287.0240026169
-14160.456002155657
-10116.2340013341
-6741.12200063867
-4154.595000078879
-2017.5589999643357
-699.5019999960979
-249.85300000053772
-40.116000000005975
69.85399999999757
29.912000000000727
19.959999999999816
0.0
0.0
0.0
0.0
-19.96799999999981
-169.75300000010387
-479.3590000005634
-1048.610999987777
-2926.050999980811
-5202.6920002560155
-8008.801000866264
-11024.273001511274
-13201.02800198705
-15058.306002374791
-16516.452002659247
-16486.2620026482
-15258.261002390971
-13371.367001995382
-10655.186001432536
-8048.988000871417
-5372.77000030839
-3135.822000010114
-1667.7559999726898
-669.2019999964518
-219.76700000038744
-99.88799999998147
-59.92600000002727
0.0
0.0
0.0
0.0
0.0
0.0
0.0
-59.93400000002728
-319.62500000061755
-689.035999996228
-1428.0329999781702
-3015.827999996149
-4933.268000226839
-6940.0790006607385
-8867.254001058447
-9895.723001277673
-10854.416001453787
-10185.54800132308
-9476.774001171247
-8588.085000963349
-6710.559000584789
-4903.096000198183
-3275.3960000044135
-1737.5799999707494
-948.7209999886975
-509.3109999994253
-239.71600000050753
-119.8629999999531
-59.90600000002725
0.0
0.0
0.0
0.0
0.0
0.0
0.0
-19.96799999999981
-69.9260000000115
-249.70800000053703
-669.1469999966595
-1617.736999974204
-2346.6639999778
-3285.307000023718
-3365.0970000636007
-4153.79000008092
-3894.1800000657104
-3934.2970000471732
-3774.499000049038
-3215.24800001807
-2626.035999991969
-1927.029999966214
-1477.7949999774776
-748.8829999938112
-519.3149999988852
-309.56500000048845
-139.86399999993972
-9.986999999999904
-39.94800000000286
0.0
0.0
0.0
0.0
0.0
0.0
0.0
0.0
-39.94200000000285
-89.879000000003
-409.43000000054445
-758.8439999940607
-1178.2029999838544
-1487.5969999767449
-1607.479999973365
-1767.1929999702
-1487.653999976558
-1287.9639999811707
-1307.9019999807329
-1407.757999979015
-948.5419999892838
-788.7859999936841
-509.27900000049755
-219.7130000004534
-149.82400000010864
-109.8639999999895
-49.967000000006934
-19.96799999999981
0.0
0.0
0.0
0.0
0.0
0.0
