0.04
0.0
0.0
0.0
0.0
0.0
0.0
0.0
0.0
0.0
0.0
0.0
0.0
0.0
0.0
0.0
0.0
0.0
0.0
0.0
0.0
0.0
0.0
0.0
0.0
0.0
0.0
0.0
0.0
0.0
0.0
0.0
0.0
0.0
0.0
0.0
0.0
0.0
0.0
0.0
0.0
0.0
0.0
0.0
0.0
0.05
0.05
0.05
-0.02
0.0
0.0
0.0
0.0
0.0
0.0
0.0
0.0
0.0
0.0
0.0
0.0
0.0
0.0
0.0
0.0
0.0
0.0
0.0
0.07
0.060000000000000005
-0.02
0.24000000000000007
0.20000000000000004
0.19000000000000003
0.08
-0.019999999999999997
0.020000000000000004
0.01
0.0
0.0
0.0
0.0
0.0
0.0
0.0
0.0
0.0
0.0
0.0
0.0
0.0
0.0
0.0
0.0
0.0
0.04
0.09
0.12999999999999998
0.18000000000000002
0.16
0.16
0.09
0.13999999999999999
0.11999999999999998
-0.009999999999999997
0.12999999999999998
-0.03
0.010000000000000004
0.12999999999999998
0.15
-0.02
-0.02
0.0
0.0
0.0
0.0
0.0
0.0
0.0
0.0
0.0
-0.05
-0.04
0.009999999999999997
0.07
0.13999999999999999
0.019999999999999997
-0.04
-0.17
0.18000000000000002
0.13999999999999999
0.3000000000000001
0.019999999999999997
-0.13999999999999999
-0.09
0.22000000000000006
-0.20000000000000004
-0.09999999999999999
0.17
0.16
-0.07
-0.05
-0.05
0.0
0.0
0.0
0.0
0.0
-0.01
-0.01
0.03
0.11999999999999998
0.07
0.19000000000000003
0.019999999999999997
-0.22000000000000006
0.15
0.07
0.019999999999999997
0.3100000000000001
0.25000000000000006
0.11999999999999998
-0.04
0.09999999999999999
0.09999999999999999
0.20000000000000004
-0.36000000000000015
-0.08
-0.09999999999999999
-0.12999999999999998
-0.05
-0.07
-0.02
0.0
0.0
0.0
0.0
0.0
0.01
0.10999999999999999
-0.060000000000000005
0.09
0.16
-0.15
-3.469446951953614E-18
-3.469446951953614E-18
-3.469446951953614E-18
-0.05000000000000001
-0.11999999999999998
0.08
0.16
0.05
0.009999999999999997
0.019999999999999997
-0.05
-0.23000000000000004
0.020000000000000004
3.469446951953614E-18
-0.17
-0.15
-0.02
0.0
0.0
0.0
0.0
0.0
0.01
0.01
0.23000000000000007
0.16
0.12999999999999998
0.03
-0.04
0.12999999999999998
0.24000000000000005
0.18000000000000002
0.16
-0.10999999999999999
-0.09
0.08
-0.3200000000000001
0.18000000000000002
-0.060000000000000005
-0.019999999999999997
0.13999999999999999
3.469446951953614E-18
0.08
-0.19000000000000003
-0.18000000000000002
-0.03
0.0
0.0
0.0
0.0
0.0
0.01
-0.01
0.09999999999999999
-0.09
-0.15
0.21000000000000005
0.18000000000000002
0.12999999999999998
-0.17
-0.019999999999999997
0.020000000000000004
0.05
0.08
-0.38000000000000017
-0.24000000000000005
0.04
-0.04
0.060000000000000005
0.11999999999999998
0.09999999999999999
0.020000000000000004
-0.3200000000000001
-0.09999999999999999
-0.08
0.0
0.0
0.0
0.0
0.0
-0.04
-0.02
0.05
0.25000000000000006
-0.19000000000000003
0.030000000000000006
-0.05
-0.05
0.15
0.08
-0.20000000000000004
0.10999999999999999
0.25000000000000006
0.16
-0.3200000000000001
0.3100000000000001
0.11999999999999998
0.22000000000000006
-0.060000000000000005
-0.03
0.09999999999999999
-0.16
0.04000000000000001
-0.08
0.0
0.0
0.0
0.0
0.0
-0.04
-0.05
-0.04
0.09
-0.07
0.020000000000000004
-0.13999999999999999
-0.20000000000000004
-0.19000000000000003
0.05
0.010000000000000004
-0.26000000000000006
0.04
-0.08
0.25000000000000006
0.019999999999999997
0.020000000000000004
-0.24000000000000005
0.15
0.22000000000000006
0.04
-0.18000000000000002
0.09
-0.01
0.0
0.0
0.0
0.0
0.0
0.0
-0.04
0.09999999999999999
-0.019999999999999997
-0.3100000000000001
-0.2700000000000001
-0.35000000000000014
-0.20000000000000004
-0.17
-0.3900000000000002
-0.19
-0.36000000000000015
-0.4300000000000002
-0.07
-0.17
0.22000000000000006
-0.18000000000000002
-0.3000000000000001
0.04
0.019999999999999997
-0.11999999999999998
-0.11999999999999998
0.010000000000000004
-0.01
0.0
0.0
0.0
0.0
0.0
0.0
0.05
-0.09999999999999999
-0.26000000000000006
-0.48000000000000026
-0.49000000000000027
-0.19000000000000003
-0.17
-0.10999999999999999
-0.11999999999999998
-0.3000000000000001
-0.12999999999999998
-0.09
-0.3200000000000001
-0.09999999999999999
-0.20000000000000004
-0.22000000000000006
0.15
-0.24000000000000005
0.060000000000000005
-0.49000000000000027
-0.2800000000000001
3.469446951953614E-18
0.19000000000000003
0.17
0.0
0.0
0.0
0.0
-0.01
0.03
-0.16
-0.3300000000000001
-0.3100000000000001
-0.2700000000000001
-0.009999999999999997
-0.23000000000000007
-0.19000000000000003
-0.08
-0.07
-0.24000000000000005
-0.2900000000000001
0.13999999999999999
-0.20000000000000004
-0.07
0.04
0.11999999999999998
0.009999999999999997
0.26000000000000006
-0.13999999999999999
-0.09
0.2700000000000001
0.15
0.17
0.0
0.0
0.0
0.0
0.0
0.05
0.09999999999999999
0.020000000000000004
-0.2800000000000001
-0.04
-0.03
-0.08
-0.2900000000000001
-0.22000000000000006
-0.04
0.16
0.17
-0.13999999999999999
-0.2800000000000001
-0.26000000000000006
0.18000000000000002
0.3200000000000001
-0.16
-0.12999999999999998
-0.009999999999999997
0.09999999999999999
0.11999999999999998
-0.02
0.0
0.0
0.0
0.0
0.0
0.0
0.05
0.020000000000000004
0.18000000000000002
0.12999999999999998
0.18000000000000002
0.16
0.09999999999999999
-0.019999999999999997
0.3000000000000001
0.11999999999999998
0.2700000000000001
0.07
-0.09
-0.09999999999999999
0.16
0.12999999999999998
-0.060000000000000005
0.2800000000000001
0.09999999999999999
0.16
3.469446951953614E-18
0.08
0.13999999999999999
0.15
0.0
0.0
0.0
0.0
-0.05
0.11999999999999998
-0.12999999999999998
0.05
-0.09999999999999999
0.22000000000000006
-0.020000000000000004
-3.469446951953614E-18
0.15
-0.15
0.03
-0.019999999999999997
0.35000000000000014
0.38000000000000017
0.21000000000000005
-0.17
0.060000000000000005
-0.07
0.13999999999999999
-0.25000000000000006
0.22000000000000006
-0.21000000000000005
-0.060000000000000005
0.26000000000000006
0.15
0.0
0.0
0.0
0.0
-0.060000000000000005
0.04
0.13999999999999999
-3.469446951953614E-18
-0.020000000000000004
0.04
-0.15
0.009999999999999997
-0.030000000000000006
0.26000000000000006
0.3300000000000001
0.04
0.07
-0.09999999999999999
0.05
-0.24000000000000005
0.08
-0.009999999999999997
-0.09
0.23000000000000004
0.16
0.060000000000000005
0.17
0.13999999999999999
0.0
0.0
0.0
0.0
0.0
-0.01
-0.019999999999999997
0.11999999999999998
-0.020000000000000004
0.16
0.009999999999999997
0.22000000000000006
-3.469446951953614E-18
0.18000000000000002
0.09999999999999999
0.3100000000000001
0.12999999999999998
0.009999999999999997
-0.09999999999999999
-0.38000000000000017
-0.060000000000000005
0.08
-0.060000000000000005
-0.17
0.09999999999999999
0.17
0.08
0.16
0.23000000000000007
0.0
0.0
0.0
0.0
0.0
-0.03
3.469446951953614E-18
0.2800000000000001
0.09
0.24000000000000005
0.05
0.47000000000000025
0.03
-0.009999999999999997
0.2900000000000001
0.20000000000000004
0.3100000000000001
0.4900000000000002
0.25000000000000006
3.469446951953614E-18
0.12999999999999998
0.09999999999999999
-0.05
0.20000000000000004
0.13999999999999999
0.26000000000000006
0.13999999999999999
0.10999999999999999
0.12999999999999998
0.0
0.0
0.0
0.0
0.0
-0.05
-0.19000000000000003
-0.13999999999999999
0.019999999999999997
0.08
-0.12999999999999998
0.12999999999999998
-3.469446951953614E-18
0.21000000000000002
0.08
-0.07
0.04
-3.469446951953614E-18
-0.009999999999999997
0.36000000000000015
0.12999999999999998
-0.15
0.18000000000000002
0.09
0.16
0.10999999999999999
0.3900000000000002
-0.010000000000000004
-0.02
0.0
0.0
0.0
0.0
0.0
-0.03
-0.12999999999999998
-0.12999999999999998
0.11999999999999998
0.030000000000000006
-0.22000000000000006
-0.09
0.15
0.17
0.20000000000000004
-0.03
-0.019999999999999997
-0.07
-0.2700000000000001
-0.18000000000000002
0.04
0.08
-0.010000000000000004
0.009999999999999997
0.20000000000000004
-0.020000000000000004
-0.04000000000000001
0.010000000000000004
0.04
0.0
0.0
0.0
0.0
0.0
-0.03
-0.12999999999999998
-0.11999999999999998
-0.010000000000000004
0.3100000000000001
0.35000000000000014
-0.05
0.019999999999999997
-0.13999999999999999
-0.08
0.019999999999999997
0.03
-0.18000000000000002
-0.009999999999999997
0.08
0.05
0.5100000000000002
0.4000000000000002
-0.06000000000000001
-0.18000000000000002
-0.020000000000000004
0.11999999999999998
0.12999999999999998
0.01
0.02
0.0
0.0
0.0
0.0
0.0
0.0
0.019999999999999997
-0.17
0.08
0.23000000000000007
0.010000000000000004
0.03
-0.09
0.20000000000000004
0.09
-0.16
0.030000000000000006
0.13999999999999999
-0.15
-0.17
0.030000000000000006
-0.17
0.09999999999999999
0.07
0.23000000000000007
0.24000000000000007
-0.060000000000000005
0.02
0.02
0.0
0.0
0.0
0.0
0.0
0.0
-0.05
-0.08
-0.15
0.020000000000000004
-0.21000000000000005
-0.23000000000000004
-0.08
-0.09999999999999999
-0.17
0.05
-0.05
0.05
0.10999999999999999
-0.07
0.15
0.36000000000000015
0.060000000000000005
0.10999999999999999
0.11999999999999998
0.03
0.0
0.0
0.0
0.0
0.0
0.0
0.0
0.0
0.0
-0.01
-0.07
-0.10999999999999999
-0.15
-0.16
-0.19000000000000003
-0.13999999999999999
-0.11999999999999998
-0.08
-0.07
-0.10999999999999999
-0.12999999999999998
-0.11999999999999998
-0.12999999999999998
-0.05
-0.09999999999999999
-0.10999999999999999
-0.09
-0.01
0.0
0.0
0.0
0.0
0.0
0.0
0.0
0.0
0.0
-0.01
-0.01
-0.01
-0.03
-0.03
-0.03
-0.01
-0.02
-0.02
-0.01
-0.01
-0.01
-0.01
0.0
0.0
0.0
0.0
0.0
0.0
0.0
0.0
0.0
0.0
0.0
0.0
0.0
0.0
