30.730000000002004
0.0
0.0
-0.249999999999988
-0.7100000000000091
-2.29999999999962
-2.899999999999996
-3.1000000000005246
-1.6699999999999149
-3.759999999999964
-0.34000000000000663
-0.490000000000054
0.8200000000001673
-0.060000000000023965
0.1799999999999817
-0.36000000000002275
-2.1500000000006243
2.130000000000017
0.5400000000001326
-0.7999999999998217
-1.2700000000003773
-0.21000000000013813
-0.949999999999674
0.21999999999999514
-2.0799999999999628
-0.01
-2.4699999999992452
-0.9400000000005636
-0.9700000000000333
1.3700000000001713
-0.2299999999999352
-0.3099999999999533
2.089999999999735
-0.980000000000001
1.7200000000000333
0.8999999999994777
0.619999999999747
0.4499999999998177
-0.07000000000004168
1.2100000000008149
2.0299999999995304
-0.7000000000000004
0.07999999999999041
0.05999999999998133
-1.3300000000001495
-1.3500000000000072
0.20999999999997643
0.2199999999999954
-1.6200000000000012
0.9500000000000006
