30.77000000000201
0.0
0.0
0.0
0.0
-0.060000000000000005
-0.1
0.0
-0.5800000000000003
2.4200000000000017
-1.5000000000000009
-0.01
0.0
0.0
0.0
0.0
0.0
0.0
0.0
-1.2200000000000009
-1.0200000000000005
1.1800000000000006
0.6400000000000001
-0.36999999999999766
-0.9699999999999962
0.009999999999999143
-0.6199999999999932
1.1699999999999926
-0.15
-0.19000000000000003
0.0
0.0
-0.4200000000000002
-2.2000000000000184
0.3199999999999957
1.2300000000000018
-1.4799999999999007
1.3599999999999979
0.4000000000000048
-0.47999999999999193
0.010000000000008384
-0.29000000000000115
0.6100000000000001
-2.01000000000001
-2.1699999999999977
0.0
0.0
1.4000000000000226
1.4400000000000002
-0.6099999999999882
0.6300000000000029
0.4700000000000151
0.03999999999999666
-0.3299999999999495
0.3100000000000143
-0.19999999999998103
-1.4299999999999196
1.0700000000000012
-1.0200000000000529
-7.449999999999918
-0.01
0.0
0.44999999999999996
-3.5299999999996907
2.4100000000000263
0.23999999999999452
-0.6400000000000123
0.5700000000000295
0.1299999999999997
-0.5600000000000012
1.3899999999993327
-0.2899999999999905
0.25999999999999396
0.6899999999999986
-2.6099999999999652
0.0
0.0
-4.439999999999972
5.219999999999783
-3.2600000000002045
-0.1900000000000067
0.28000000000002867
-0.550000000000007
-0.8699999999999984
0.750000000000004
-1.2800000000000522
0.08999999999999236
-0.9700000000000071
-1.719999999999957
4.069999999999971
3.8299999999998473
-0.5800000000000003
-2.320000000000001
-5.3400000000001056
-1.3599999999998076
-1.999999999999759
-1.3799999999999364
-1.27
-0.8
0.17000000000000542
-0.9200000000000086
0.6700000000000009
-1.619999999999995
0.10000000000000164
-0.1900000000000028
1.9100000000000015
-0.5800000000000003
-1.9600000000000015
3.0300000000000447
1.6200000000000045
0.5699999999999981
0.3199999999999754
0.29999999999998284
1.0099999999999951
-0.28999999999997006
-0.7100000000000026
-0.23000000000003515
1.0900000000000298
-0.9099999999999933
-0.14999999999978375
7.309999999999889
0.0
-3.8899999999999655
0.05999999999999957
0.3999999999999909
0.27999999999998093
-0.26000000000001233
0.3500000000000097
0.8299999999999996
0.11999999999997674
0.1699999999999773
-0.3099999999999846
-0.2600000000000026
-0.059999999999994676
1.9000000000002055
2.239999999999996
0.0
-1.4900000000000009
-0.3900000000000089
1.150000000000001
0.6099999999999872
-0.6000000000000029
1.7599999999998446
-0.04000000000000343
-0.7400000000000044
0.7100000000000009
-0.8600000000000003
1.0200000000000116
-0.6999999999999863
1.2300000000000009
0.18000000000000002
0.0
1.5600000000000012
-0.949999999999998
-0.05000000000000729
0.16999999999998386
0.9400000000000004
0.029999999999997702
1.1799999999999897
-0.9600000000000053
-0.35999999999998206
0.26000000000002754
-0.059999999999990464
0.09999999999999899
-0.049999999999990545
0.0
0.0
-0.5900000000000003
0.26000000000000045
0.2299999999999908
0.6300000000000003
-0.1799999999999934
-1.5500000000000056
-0.4900000000000171
-0.9400000000000028
0.6999999999999922
-0.02000000000002817
1.6399999999998214
-1.8699999999999801
0.0
0.0
0.0
-2.2799999999999954
-0.02
-5.659999999999967
-6.37999999999995
-4.139999999999969
-2.219999999999997
-0.8600000000000004
-3.800000000000003
2.510000000000064
-2.520000000000002
-2.1199999999999988
-0.2700000000000001
0.0
0.0
0.0
