-0.011000000000000003
0.0
0.0
0.0
0.0
0.0
0.0
0.0
0.0
0.0
0.0
0.0
0.0
0.0
0.0
0.0
0.0
0.0
0.0
0.0
0.0
0.0
0.0
0.0
0.0
0.0
0.0
0.0
0.0
0.0
0.0
0.0
0.0
0.0
0.0
0.0
0.0
0.0
-0.002
-0.001
-0.002
0.0
-0.002
-0.001
-0.004
0.007
0.004
0.001
-0.002
0.0
0.0
0.0
0.0
0.0
0.0
0.0
0.0
0.0
0.0
0.0
0.0
0.0
0.0
0.0
0.0
0.0
-0.002
-0.001
0.015
0.015
-0.002
0.02500000000000001
0.02700000000000001
0.02500000000000001
0.008
0.005
0.004
0.012
0.004
0.0
0.0
0.0
0.0
0.0
0.0
0.0
0.0
0.0
0.0
0.0
0.0
0.0
0.0
0.002
0.001
0.003
0.014999999999999996
0.009000000000000001
0.0
-0.016999999999999994
-0.002
0.007000000000000001
0.009000000000000001
-0.002
0.0
0.005000000000000002
-0.014000000000000002
0.003
0.009000000000000001
-0.004
-0.005
-0.002
0.0
0.0
0.0
0.0
0.0
0.0
0.0
0.0
0.0
0.0
0.004
0.005
0.008
0.006
0.012000000000000002
-0.007000000000000001
-0.018999999999999996
0.04100000000000002
-0.0010000000000000104
0.04200000000000002
0.012000000000000005
-0.04000000000000002
-0.013999999999999999
0.043000000000000024
-0.015000000000000001
-0.012000000000000004
0.002000000000000001
-0.019000000000000003
-0.01
0.004
0.004
0.0
0.0
0.0
0.0
0.0
0.0
0.0
0.012
0.009000000000000001
-0.009000000000000001
0.021000000000000005
-0.018000000000000002
0.009000000000000008
0.02000000000000001
0.025
-0.012000000000000005
0.035000000000000024
0.026000000000000002
0.02300000000000004
0.01599999999999996
0.010999999999999992
-0.02000000000000001
0.019000000000000003
-0.001
-0.012
-0.016
-0.003
-0.007
0.002
-0.002
0.0
0.0
0.0
0.0
0.0
0.004
0.006
-0.02600000000000001
0.013000000000000008
0.024
-0.03900000000000003
0.013999999999999992
0.019999999999999983
0.013999999999999985
0.001
-0.022
3.469446951953614E-18
0.0020000000000000035
0.012000000000000002
0.037000000000000005
0.02500000000000001
-0.005
-0.018999999999999996
0.013000000000000001
-0.021000000000000005
0.01
-0.004
-0.004
0.0
0.0
0.0
0.0
-0.002
0.004
0.002
0.04000000000000002
0.030000000000000013
0.001
0.027000000000000003
-0.01900000000000001
0.006000000000000004
0.01799999999999998
0.043000000000000024
0.031000000000000014
0.007999999999999993
0.016999999999999987
-0.019999999999999997
-0.01299999999999999
0.017999999999999995
-0.010000000000000002
0.006
-0.032000000000000015
-0.030000000000000006
0.010999999999999996
-0.002
-0.006000000000000001
-0.004
0.0
0.0
0.0
0.0
0.0
0.004
-0.003
0.009000000000000001
-0.012
-0.02800000000000001
0.012000000000000004
0.037000000000000026
0.005999999999999979
-0.0049999999999999975
-0.03700000000000001
-0.006000000000000007
0.022000000000000006
-0.023000000000000007
-0.034
-0.027000000000000024
0.02000000000000003
-0.008000000000000007
9.999999999999827E-4
0.025
-0.02500000000000001
-0.011
-0.020000000000000004
-0.021000000000000005
-0.017
0.0
0.0
0.0
0.0
-0.002
-0.01
0.0
-0.003
0.004
-0.031000000000000014
-3.469446951953614E-18
-0.05300000000000003
-0.0069999999999999915
0.003999999999999994
-0.016
-0.024000000000000007
0.003000000000000002
0.019999999999999997
-0.008000000000000002
0.0019999999999999966
0.019999999999999997
-2.6020852139652106E-18
0.022000000000000013
-0.02600000000000001
-0.019000000000000003
0.017000000000000008
-0.010000000000000002
-0.017
-0.018000000000000002
0.0
0.0
0.0
0.0
-0.002
-0.01
-0.003
-0.010000000000000002
-0.010000000000000005
-0.029000000000000012
-0.0010000000000000009
0.026000000000000002
-0.044000000000000025
-0.017999999999999995
0.06400000000000004
0.014000000000000002
-0.028000000000000025
-0.012999999999999998
-0.040000000000000015
0.0010000000000000035
-0.015999999999999993
-0.019000000000000003
-0.008999999999999994
0.02100000000000001
0.042000000000000016
-0.006
-0.04100000000000002
0.001
-0.004
0.0
0.0
0.0
0.0
0.0
0.0
-0.012
0.005
0.007
-0.04300000000000003
-0.020000000000000004
-0.015
-0.05700000000000004
-0.04200000000000002
-0.020000000000000004
-0.05300000000000003
-0.06100000000000004
-0.018000000000000002
-0.04200000000000002
0.004999999999999987
-0.015000000000000019
-0.010000000000000002
-0.006
0.004000000000000001
-0.018000000000000002
-0.012
0.006
0.024000000000000007
0.044000000000000025
0.0
0.0
0.0
0.0
0.0
0.0
-0.004
-0.016000000000000004
-0.03500000000000002
-0.05300000000000004
-0.017999999999999995
-0.046000000000000034
-0.03500000000000002
-0.027000000000000017
-0.03800000000000002
-0.03400000000000002
-0.05000000000000003
0.019000000000000003
-0.03800000000000001
-0.04600000000000003
-0.003999999999999993
0.013
-0.009000000000000005
-0.03400000000000001
0.02000000000000001
-0.007000000000000001
-0.005
0.03500000000000002
0.021000000000000005
0.0
0.0
0.0
0.0
0.0
0.0
-0.016
-0.034000000000000016
-0.012000000000000002
-0.031000000000000014
-0.06100000000000004
-0.03100000000000002
-0.02700000000000001
-0.023000000000000007
-0.029000000000000005
-0.006
-0.04900000000000003
-0.011000000000000024
-0.005
-0.045000000000000026
-0.017
-0.012999999999999998
-0.003999999999999997
-0.018000000000000002
-0.002000000000000001
0.003
0.005
0.006
-0.004
0.0
0.0
0.0
0.0
0.0
0.0
-0.008
-0.009000000000000003
-0.018000000000000002
-0.003
-0.008
-0.014
0.007999999999999993
-0.025000000000000022
0.008000000000000004
0.008999999999999994
-0.007999999999999993
0.014999999999999993
-0.02100000000000001
-0.005999999999999986
-0.04100000000000001
0.029000000000000012
0.022000000000000006
0.014
-0.01300000000000001
-0.03800000000000002
-0.009000000000000001
-0.004
0.015000000000000003
0.0
0.0
0.0
0.0
0.0
0.0
-0.008
-0.009
-0.003
0.006
0.018000000000000002
0.009999999999999998
-0.03300000000000001
0.03700000000000001
-0.015999999999999993
0.003
0.059000000000000045
0.07000000000000005
-0.009000000000000001
0.0010000000000000035
0.011999999999999993
-0.017000000000000008
-0.022000000000000006
0.04200000000000002
-0.01
0.015000000000000001
-0.005
-0.017
0.021000000000000005
0.016000000000000007
0.0
0.0
0.0
0.0
0.0
-0.006
-0.005
-0.007
0.015999999999999993
0.04700000000000003
-0.008000000000000005
-0.0010000000000000035
9.999999999999922E-4
-0.005000000000000002
0.023000000000000007
0.018999999999999996
0.016
0.033000000000000015
-0.0010000000000000018
-0.03800000000000002
-0.009999999999999974
-0.019999999999999997
0.012000000000000007
-0.0030000000000000035
-0.001
-0.02600000000000001
0.02800000000000001
0.003
0.030000000000000013
0.0
0.0
0.0
0.0
0.0
-0.003
-0.003
0.008
0.0029999999999999966
0.024000000000000007
9.999999999999966E-4
-0.0030000000000000035
0.012000000000000007
0.056000000000000036
0.03700000000000002
0.01900000000000001
0.03300000000000001
0.00800000000000002
0.04700000000000002
-0.005000000000000011
0.022000000000000006
0.013999999999999988
0.003999999999999986
0.03900000000000002
0.04600000000000003
0.04900000000000003
0.04700000000000003
0.013000000000000001
0.0
0.002
0.0
0.0
0.0
0.0
-0.005
3.469446951953614E-18
0.022
-0.006
0.017000000000000008
0.004000000000000007
0.013000000000000008
0.007000000000000015
0.028000000000000025
0.004999999999999993
0.015
-0.009999999999999995
-0.019999999999999997
-0.0010000000000000104
-0.010999999999999996
-9.999999999999966E-4
0.015999999999999997
0.002
-0.031000000000000014
0.022000000000000006
0.03900000000000002
0.04800000000000003
0.02800000000000001
0.0
-0.002
0.0
0.0
0.0
0.0
-0.012
0.034000000000000016
0.02500000000000001
0.04000000000000003
0.04900000000000002
0.06700000000000005
0.0040000000000000036
0.03400000000000003
0.06100000000000004
0.03400000000000003
0.023000000000000007
0.04900000000000003
0.028000000000000004
-0.019999999999999997
0.028000000000000025
-0.0070000000000000106
-0.012000000000000004
0.02800000000000001
0.023
0.03800000000000001
0.02500000000000001
0.006999999999999995
0.012000000000000002
0.006
-0.004
0.0
0.0
0.0
0.0
0.009000000000000001
0.028000000000000018
0.006
0.00800000000000001
-0.0030000000000000053
0.03300000000000001
-0.0040000000000000036
0.022999999999999993
0.02900000000000002
0.03600000000000002
0.01799999999999998
0.031
-0.009999999999999995
0.009000000000000025
0.023000000000000013
-0.03200000000000002
0.03200000000000002
0.03100000000000002
0.019000000000000003
0.023000000000000007
0.07000000000000005
0.001
-0.013
0.003
0.0
0.0
0.0
0.0
0.0
0.015000000000000001
0.010999999999999998
0.0010000000000000035
-0.001
-0.021999999999999992
-0.005
0.010000000000000005
0.02000000000000001
0.012000000000000007
-0.01899999999999999
0.010999999999999989
0.020000000000000004
-0.040000000000000015
-0.005
0.007999999999999997
0.022000000000000006
-0.011999999999999997
-0.0019999999999999983
0.022
0.032000000000000015
0.0020000000000000018
0.007
0.008
0.006
0.0
0.0
0.0
0.0
-0.002
0.005
-8.673617379884035E-19
0.012000000000000002
0.023
0.005000000000000004
0.005000000000000004
-0.017
-0.005000000000000007
-0.0040000000000000036
0.02000000000000001
0.02600000000000001
-0.017
8.673617379884035E-18
0.008000000000000004
0.023000000000000013
0.09300000000000007
0.04000000000000002
0.04800000000000003
-0.04200000000000002
0.018000000000000002
-0.006
0.007
-0.001
0.0
0.0
0.0
0.0
0.0
-0.002
-0.022000000000000006
0.0
-0.02600000000000001
0.019000000000000003
0.044000000000000025
-0.022
0.020000000000000004
0.003999999999999997
0.014000000000000002
-0.031000000000000007
-0.016000000000000007
-0.04700000000000003
-0.04600000000000002
-0.02500000000000001
-0.014999999999999993
0.031000000000000014
-0.002
-0.010000000000000002
-0.024000000000000007
0.019000000000000003
0.007
-0.012
0.002
0.0
0.0
0.0
0.0
0.0
0.0
-0.022000000000000006
-0.023000000000000007
-0.01900000000000001
-0.001
-0.006
-0.017
-0.014
-0.021000000000000005
-0.024000000000000007
-0.002
-0.008999999999999998
-0.018000000000000002
-0.018000000000000002
0.04700000000000003
-0.016
0.009000000000000001
0.03300000000000001
0.02500000000000001
0.015000000000000006
0.013
-0.006
-0.004
0.0
0.0
0.0
0.0
0.0
0.0
0.0
0.0
0.0
-0.01
-0.009000000000000001
-0.024000000000000007
-0.016
-0.016
-0.017
-0.014000000000000002
-0.008
-0.004
-0.012
-0.014000000000000002
-0.02500000000000001
0.01
0.004
0.006
0.022000000000000006
-0.005
-0.006
-0.001
-0.002
0.0
0.0
0.0
0.0
0.0
0.0
0.0
0.0
0.0
0.0
0.0
-0.002
-0.001
-0.001
-0.003
-0.003
-0.002
0.0
0.0
0.0
0.0
0.0
0.0
0.0
0.0
0.0
0.0
0.0
0.0
0.0
0.0
0.0
0.0
0.0
