0.34000000000000014
0.0
0.0
0.0
0.0
0.0
0.0
0.0
0.0
0.0
0.0
0.0
0.0
0.0
0.0
0.0
0.0
0.0
0.0
0.0
0.0
0.0
0.0
0.0
0.0
0.0
0.0
0.0
0.0
0.0
0.0
0.0
0.0
0.0
0.0
0.0
0.0
-0.01
-0.01
-0.01
-0.01
0.0
-0.03
-0.04
-0.04
0.060000000000000005
0.07
0.0
0.0
-0.01
-0.01
0.0
0.0
0.0
0.0
0.0
0.0
0.0
0.0
0.0
0.0
0.0
0.0
0.0
0.0
0.0
-0.01
-0.01
0.09
0.09
-0.04
0.26000000000000006
0.17
0.21000000000000005
0.07
-0.009999999999999997
0.04
-0.05
-0.04
-0.05
0.0
0.0
0.0
0.0
0.0
0.0
0.0
0.0
0.0
0.0
0.0
0.0
0.0
0.01
0.01
0.04
0.12999999999999998
0.15
0.16
0.20000000000000004
0.19000000000000003
0.08
0.09
0.17
0.020000000000000004
0.05000000000000001
0.010000000000000004
-0.030000000000000006
0.16
0.22000000000000006
-0.02
-0.01
0.0
0.0
0.0
0.0
0.0
0.0
0.0
0.0
0.0
-0.07
0.01
0.09
0.03
0.09999999999999999
0.18000000000000002
0.05
-0.24000000000000007
0.009999999999999997
0.09
0.24000000000000005
-0.18000000000000002
0.07
-0.12999999999999998
0.25000000000000006
-0.09
-0.05
0.04
0.12999999999999998
-0.05
0.07
0.07
0.0
0.0
0.0
0.0
0.0
0.0
0.0
0.03
0.08
-0.010000000000000004
0.23000000000000004
0.08
-0.15
-0.030000000000000006
0.17
0.09999999999999999
0.24000000000000005
0.22000000000000003
0.08
-0.24000000000000005
-3.469446951953614E-18
0.09
0.09999999999999999
-0.20000000000000004
-0.23000000000000007
3.469446951953614E-18
-0.11999999999999998
0.04
0.03
-0.04
0.0
0.0
0.0
0.0
0.0
0.0
0.05
-0.019999999999999997
0.03
0.04
-0.25000000000000006
-0.18000000000000002
-0.019999999999999997
0.10999999999999999
-0.10999999999999999
-0.3000000000000001
0.34000000000000014
0.07
0.16999999999999998
-0.06000000000000001
-0.16
3.469446951953614E-18
0.04
-0.05
-0.19000000000000003
-0.34000000000000014
-0.15
-0.04
-0.01
-0.01
0.0
0.0
0.0
0.0
-0.02
0.20000000000000004
0.16
0.19000000000000003
0.26000000000000006
-0.030000000000000006
0.05
0.17
0.2800000000000001
0.34000000000000014
0.019999999999999997
-0.24000000000000005
0.08
-0.17
0.08
-0.37000000000000016
-0.09
-0.19000000000000003
-0.20000000000000004
-0.04000000000000001
-0.16
-0.2900000000000001
-0.05
-0.02
-0.01
0.0
0.0
0.0
0.0
-0.04
0.21000000000000005
-0.09
-0.22000000000000006
0.2900000000000001
0.18000000000000002
0.04
-0.10999999999999999
-0.26000000000000006
-0.26000000000000006
0.05
0.09
-0.34000000000000014
-0.35000000000000014
0.19
0.009999999999999997
0.37000000000000016
0.030000000000000006
0.08
0.09
-0.23000000000000004
-0.3300000000000001
-0.07
-0.02
0.0
0.0
0.0
-0.01
-0.04
-0.05
0.18000000000000002
0.34000000000000014
-0.15
-0.060000000000000005
-0.2900000000000001
-0.03
0.15
-0.15
0.019999999999999997
0.12999999999999998
0.26000000000000006
-0.13999999999999999
-0.22000000000000006
0.4900000000000002
-0.09
0.09999999999999999
-0.12999999999999998
-0.18000000000000002
0.2800000000000001
-0.16
-0.020000000000000004
-0.18000000000000002
0.0
0.0
0.0
0.0
-0.01
-0.04
-0.05
0.03
0.05
-0.10999999999999999
-0.08
0.3100000000000001
-0.18000000000000002
-0.16
0.23000000000000007
0.13999999999999999
-0.37000000000000016
-0.08
-0.34000000000000014
0.10999999999999999
-0.13999999999999999
-0.10999999999999999
-0.15
0.22000000000000003
0.15
-0.19000000000000003
-0.2900000000000001
-0.030000000000000006
-0.10999999999999999
-0.02
0.0
0.0
0.0
0.0
-0.01
-0.05
0.18000000000000002
0.010000000000000004
-0.5500000000000003
-0.3900000000000002
-0.3900000000000002
-0.4400000000000002
-0.12999999999999995
-0.16
-0.19000000000000003
-0.4900000000000002
-0.12999999999999998
-0.08
-0.15
-0.05
-0.4000000000000002
-0.21000000000000002
0.19000000000000003
-0.07
-3.469446951953614E-18
-0.019999999999999997
0.22000000000000006
0.22000000000000006
-0.02
0.0
0.0
0.0
-0.01
-0.01
-0.01
-0.13999999999999999
-0.20000000000000004
-0.5200000000000002
-0.5900000000000003
-0.26000000000000006
-0.07
-0.16
-0.4800000000000002
-0.23000000000000004
-0.34000000000000014
0.26000000000000006
-0.7200000000000004
-0.37000000000000016
0.05
0.030000000000000006
0.11999999999999998
-0.3300000000000001
-0.04
-0.26000000000000006
-0.04000000000000001
0.04000000000000001
0.4400000000000002
0.22000000000000006
0.0
0.0
0.0
-0.01
-0.01
-0.12999999999999998
-0.2900000000000001
-0.20000000000000004
-0.2900000000000001
-0.37000000000000016
-0.04
-0.3200000000000001
-0.09999999999999999
-0.15
0.019999999999999997
-0.4000000000000002
-0.22000000000000006
0.25000000000000006
-0.4400000000000002
-0.08
-0.08
0.17
-0.18000000000000002
0.15
-0.12999999999999998
0.13999999999999999
0.10999999999999999
0.05
0.22000000000000006
0.0
0.0
0.0
-0.01
-0.01
-0.07
-0.08
-0.03
-0.060000000000000005
0.12999999999999998
-0.16
-0.010000000000000004
-0.22000000000000003
-0.12999999999999998
-0.08
-0.09
0.34000000000000014
-0.15
-0.04
-0.3300000000000001
0.25000000000000006
0.37000000000000016
0.009999999999999997
-0.5100000000000002
-0.20000000000000004
0.04000000000000001
0.04000000000000001
0.05
0.13999999999999999
0.0
0.0
0.0
0.0
-0.01
-0.01
-0.04
0.37000000000000016
0.09
0.2700000000000001
0.4100000000000002
0.18000000000000002
0.3300000000000001
0.04
0.009999999999999997
0.4000000000000002
0.35000000000000014
-0.05
0.09999999999999999
-0.20000000000000004
-0.09999999999999999
-0.18000000000000002
0.37000000000000016
-0.08
0.09999999999999999
-0.08
-0.04
0.19000000000000003
0.25000000000000006
0.0
0.0
0.0
0.0
-0.07
-0.10999999999999999
0.08
0.04
0.03
0.17
0.03
0.03
0.19000000000000003
0.16
0.060000000000000005
-0.04000000000000001
0.04
0.09
0.13999999999999999
-0.4200000000000002
0.11999999999999998
-0.24000000000000005
0.05
-0.35000000000000014
0.10999999999999999
-0.15
-0.12999999999999998
0.3100000000000001
0.25000000000000006
0.0
0.0
0.0
0.0
-0.07
-0.09999999999999999
0.2700000000000001
-0.010000000000000004
0.08
0.10999999999999999
-0.12999999999999998
0.19000000000000003
0.17
0.22000000000000006
0.3900000000000002
0.09999999999999999
-0.04000000000000001
-0.08
0.060000000000000005
-0.13999999999999999
0.25000000000000006
0.18000000000000002
0.12999999999999995
0.4300000000000002
0.2800000000000001
0.15
0.2700000000000001
0.18000000000000002
0.13999999999999999
0.0
0.0
0.0
0.0
-0.01
-0.09
0.24000000000000005
-0.04000000000000001
0.009999999999999997
0.13999999999999999
0.26000000000000006
0.07
0.060000000000000005
0.16
0.38000000000000017
0.23000000000000004
-0.17
-0.030000000000000006
-0.04000000000000001
0.16
0.009999999999999997
-0.18000000000000002
-0.22000000000000006
0.09
0.36000000000000015
0.3300000000000001
0.3300000000000001
0.07
0.13999999999999999
0.0
0.0
0.0
0.0
0.0
-0.09
0.2900000000000001
0.09
0.48000000000000026
0.09999999999999999
0.5000000000000002
-0.11999999999999998
-0.010000000000000004
0.2700000000000001
0.25000000000000006
0.3300000000000001
0.3300000000000001
0.13999999999999999
0.11999999999999998
0.2900000000000001
0.019999999999999997
-0.09999999999999999
0.03
0.13999999999999999
0.24000000000000005
0.07
0.16
0.060000000000000005
0.07
0.0
0.0
0.0
0.0
0.0
-0.09
-0.16
-3.469446951953614E-18
0.09999999999999999
-0.060000000000000005
0.38000000000000017
0.019999999999999997
0.07
0.2700000000000001
0.08
-0.05
0.04
-0.060000000000000005
0.04
0.060000000000000005
-0.2700000000000001
0.24000000000000005
0.07
0.23000000000000004
0.20000000000000004
0.3100000000000001
0.07
0.030000000000000006
0.07
0.0
0.0
0.0
0.0
0.0
-0.060000000000000005
0.009999999999999997
0.22000000000000003
0.04
-0.23000000000000004
-0.12999999999999998
0.3900000000000002
0.11999999999999998
0.22000000000000006
0.16
0.18000000000000002
0.030000000000000006
-0.37000000000000016
-0.16
0.13999999999999999
3.469446951953614E-18
-0.15
-0.03
0.11999999999999998
0.04
-0.04
-0.10999999999999999
0.08
0.07
0.0
0.0
0.0
0.0
0.0
-0.07
-0.11999999999999998
0.15
0.21000000000000005
0.22000000000000003
0.05000000000000001
0.08
-0.13999999999999999
-3.469446951953614E-18
0.18000000000000002
0.18000000000000002
-0.35000000000000014
0.16
0.2700000000000001
0.23000000000000007
0.6100000000000003
0.3100000000000001
0.18000000000000002
-0.17
0.09999999999999999
3.469446951953614E-18
-0.019999999999999997
0.01
0.0
0.0
0.0
0.0
0.0
0.0
-0.09999999999999999
0.05
-0.13999999999999999
-0.07
0.4000000000000002
0.060000000000000005
0.09
-0.09
0.2
0.17
-0.20000000000000004
-0.04
-0.15
0.07
-0.13999999999999999
0.3300000000000001
-0.05
-0.05
-0.010000000000000004
0.12999999999999998
0.13999999999999999
-0.05
0.0
0.0
0.0
0.0
0.0
0.0
0.0
-0.09999999999999999
-0.010000000000000004
-0.060000000000000005
-0.04
0.20000000000000004
-0.11999999999999998
-0.20000000000000004
0.11999999999999998
-0.060000000000000005
-0.12999999999999998
0.009999999999999997
-0.15
-0.11999999999999998
0.17
-0.11999999999999998
0.17
0.4300000000000002
0.4000000000000002
0.13999999999999999
0.07
0.0
-0.03
0.0
0.0
0.0
0.0
0.0
0.0
0.0
0.0
0.0
-0.07
-0.10999999999999999
-0.18000000000000002
-0.09999999999999999
-0.09
-0.05
-0.04
-0.04
-0.02
-0.12999999999999998
-0.17
-0.19000000000000003
-0.07
0.060000000000000005
0.009999999999999997
0.11999999999999998
-0.09
-0.060000000000000005
-0.01
-0.01
0.0
0.0
0.0
0.0
0.0
0.0
0.0
0.0
0.0
0.0
-0.04
-0.05
-0.05
-0.02
-0.01
0.0
0.0
0.0
0.0
0.0
0.0
-0.01
-0.01
-0.060000000000000005
-0.060000000000000005
-0.060000000000000005
-0.05
0.0
0.0
0.0
0.0
0.0
0.0
0.0
