0.2880000000000002
0.0
0.0
0.0
0.0
-0.002
-0.002
0.0
0.0
0.06200000000000004
0.03800000000000003
0.0
0.0
0.0
0.0
0.0
0.0
0.0
0.0
0.024000000000000007
0.08200000000000006
0.19000000000000014
0.2360000000000002
-0.014999999999999868
0.09000000000000002
0.12100000000000011
0.030000000000000013
0.20200000000000015
-0.07800000000000006
0.34600000000000025
0.0
0.0
0.0
-0.05599999999999999
-0.03300000000000025
0.2700000000000003
-0.3860000000000003
0.4290000000000003
0.1620000000000001
-0.20400000000000015
0.2750000000000002
-0.05
-0.07500000000000005
-0.091
-0.05300000000000003
0.0
0.0
-0.011000000000000003
0.162
0.1560000000000001
-0.09100000000000001
0.05599999999999972
-0.07100000000000042
-0.09999999999999995
0.08300000000000003
-0.173
-0.2180000000000002
0.17700000000000013
-0.22400000000000017
-0.5100000000000003
-0.001
0.0
-0.03200000000000002
-0.3110000000000002
0.3270000000000004
0.13800000000000004
-0.034000000000000266
0.0910000000000002
-0.15300000000000016
-0.1360000000000001
0.2740000000000002
-0.05800000000000016
0.10800000000000008
0.026999999999999955
-0.4920000000000004
-0.001
0.0
-0.2790000000000002
0.23800000000000018
-0.30000000000000016
-0.21400000000000016
-0.14100000000000007
-0.018999999999999934
-0.20000000000000015
0.10499999999999976
-0.3000000000000002
0.05400000000000002
-0.15200000000000008
0.04399999999999937
0.7520000000000006
0.25200000000000017
0.0
0.2600000000000002
0.11700000000000024
-0.9000000000000007
-0.20700000000000016
-0.16000000000000011
-0.10900000000000007
-0.24300000000000016
0.04699999999999946
-0.1450000000000001
0.13600000000000012
-0.19700000000000015
-0.036999999999999186
0.3120000000000002
0.2740000000000002
0.0
0.060000000000000046
0.08700000000000001
0.19800000000000026
0.23200000000000015
-0.1300000000000001
-0.04500000000000201
0.2630000000000002
-0.03499999999999896
0.08799999999999988
-0.18700000000000008
0.2620000000000003
-0.39000000000000024
0.5170000000000003
0.34100000000000025
0.0
0.2630000000000002
0.31900000000000023
-0.03300000000000004
-0.046000000000000194
0.04799999999999986
0.23200000000000015
-0.0099999999999998
0.088
-0.07200000000000024
4.81385764583564E-16
0.20400000000000013
0.1410000000000001
0.43800000000000033
0.1580000000000001
0.0
-0.3110000000000002
0.073
0.08300000000000005
0.3860000000000003
-0.1540000000000001
0.3020000000000002
0.07300000000000002
-0.008000000000000104
0.1740000000000001
-0.13900000000000015
0.3860000000000003
0.22800000000000023
-0.1890000000000001
0.09900000000000007
0.0
-0.07900000000000004
0.21200000000000013
0.20200000000000007
0.041000000000000994
0.09800000000000003
0.056999999999999135
0.3070000000000002
-0.3120000000000002
0.21300000000000013
0.14600000000000013
-0.2720000000000002
0.20300000000000018
0.45400000000000035
-0.05100000000000004
0.0
-0.07800000000000006
0.08700000000000001
0.04800000000000004
0.06100000000000008
0.12200000000000027
0.001999999999999927
-0.0989999999999999
0.12400000000000014
-0.0379999999999993
0.27300000000000013
0.5120000000000003
-0.2780000000000002
0.0
0.0
0.0
-0.18500000000000014
0.0
-0.10800000000000008
-0.2720000000000002
-0.25600000000000017
-0.1360000000000001
-0.31900000000000023
-0.4110000000000003
0.5060000000000003
0.6480000000000005
-0.46600000000000036
-0.04000000000000003
0.0
0.0
0.0
