26.340000000001318
0.0
0.0
0.08000000000001212
0.7700000000000529
-1.0500000000000118
-2.7799999999994474
-0.4900000000000035
-1.779999999999801
-7.819999999999878
0.6000000000000305
-0.4000000000000236
0.19999999999979395
0.4199999999997382
-0.49999999999986167
0.32000000000008755
-2.9900000000001703
-0.5400000000000003
1.1899999999999928
-0.41000000000003123
-1.400000000000138
-0.1699999999999744
-1.1400000000000337
0.03000000000003809
-0.8800000000000476
5.23999999999976
-3.849999999999991
-1.3700000000006738
-0.30999999999994465
1.190000000000694
-0.16999999999994497
-0.399999999999945
1.2099999999998867
-2.5100000000001432
1.3599999999999612
0.9999999999997985
0.34000000000026487
0.27000000000017643
-0.22000000000017714
0.930000000000562
2.08999999999957
-6.699999999999145
0.3299999999999798
-0.5700000000000117
-1.3099999999999978
-1.4000000000000192
0.6899999999999634
-0.4299999999999967
-0.5700000000000003
0.0
