-28384.54100532394
0.0
0.0
0.0
0.0
0.0
0.0
0.0
0.0
0.0
0.0
0.0
0.0
0.0
0.0
0.0
0.0
0.0
0.0
0.0
0.0
0.0
0.0
0.0
0.0
0.0
0.0
0.0
0.0
0.0
0.0
0.0
0.0
0.0
0.0
0.0
0.0
0.0
-19.981999999999804
-9.990999999999902
-59.960000000027314
-39.97900000000021
-69.9260000000115
-59.937000000001866
-69.9310000000115
-69.9240000000115
-29.96600000000073
-39.95500000000023
-49.943000000006926
-59.93400000002728
-39.95600000000022
-29.967000000000727
-19.977999999999806
0.0
0.0
0.0
0.0
0.0
0.0
0.0
0.0
0.0
0.0
-19.979999999999805
0.0
-19.977999999999806
-19.979999999999805
-39.961000000002876
-79.92900000000076
-179.85400000025206
-219.79400000042068
-309.67500000056316
-579.3489999989323
-869.0369999919232
-1238.695999982749
-1598.2879999739557
-1508.4189999758203
-1338.5559999803145
-859.0569999912594
-489.47699999968916
-259.72500000057164
-109.88399999994671
-19.979999999999805
0.0
0.0
0.0
0.0
0.0
0.0
0.0
0.0
0.0
0.0
-39.95600000000287
19.979999999998178
59.950000000001864
149.84400000006022
229.74000000044802
299.5990000006441
319.446000000887
99.66800000001422
-349.8990000008767
-1009.2559999878366
-1698.549999970812
-2367.7869999858735
-2707.438000003105
-2237.869999975149
-1808.267999968811
-1108.9999999856693
-539.5359999985055
-339.72600000041973
-189.86600000019763
-79.92599999999513
0.0
0.0
0.0
0.0
0.0
0.0
0.0
-19.977999999999806
-69.94500000001146
-89.91500000000299
-9.982999999999725
-309.7610000007884
-209.88900000043012
-289.9650000008429
-859.5969999923718
-1609.020999974359
-2648.1159999761358
-4546.213000086322
-5825.0080003927515
-6834.140000607592
-7373.609000721457
-7163.753000697425
-6414.445000539355
-5435.193000311229
-4096.4150000110385
-2258.1409999709153
-1408.8509999784012
-1079.0919999868986
-489.56200000096925
-59.95600000002731
0.0
0.0
0.0
0.0
0.0
-19.979999999999805
-79.9379999999951
-169.82800000014706
-369.6240000004948
-679.4879999965364
-999.1239999882623
-1378.9649999794126
-2977.543999963995
-4376.495000064185
-6334.929000494657
-8373.297000926319
-11000.842001479085
-13229.047001944622
-14357.717002183459
-14887.205002289684
-13418.53000199623
-11889.644001686698
-10810.605001438396
-8142.919000874836
-5445.114000318921
-3766.7040000275956
-2497.744999980695
-1668.4069999734193
-429.59500000079174
-139.87399999993977
0.0
0.0
0.0
0.0
0.0
-179.84100000017108
-429.5800000005793
-809.2779999932362
-1818.3969999695335
-2497.8529999845146
-3856.8410000525237
-5965.083000441447
-8922.734001040546
-11670.36000162031
-15107.312002329565
-18594.20200305034
-19812.59300333377
-19792.778003350795
-20332.178003434583
-18004.302002970417
-16425.96500262982
-14187.743002155781
-11559.913001583873
-8392.743000923398
-5345.292000323254
-3846.407000038769
-2607.4759999793587
-1118.9279999861305
-229.81100000041673
-59.978000000027336
0.0
-19.977999999999806
-39.95800000000287
-19.97199999999981
-339.6950000005383
-819.191999993441
-1538.489999976007
-3067.2199999932905
-4655.850000168845
-7543.399000754789
-11409.960001548423
-13857.73100208529
-18184.145002959
-22100.49600376208
-24228.54000422035
-25527.153004492593
-25517.064004490083
-24408.182004271242
-22969.604003968147
-21281.461003604618
-18293.874002984583
-13877.87500207658
-10460.863001359565
-6744.095000605293
-4575.894000156967
-3007.243999996739
-1458.6949999779101
-329.73700000047904
-59.99800000002736
0.0
-19.977999999999806
-29.965000000000728
-79.90300000000076
-649.3859999977234
-1468.5269999779223
-2477.6469999764663
-4386.075000096236
-7103.562000665826
-10470.514001376712
-14357.162002196112
-18563.399003057937
-22629.724003890657
-24618.067004308246
-24897.702004374634
-24807.649004351355
-25097.542004394603
-23908.583004166303
-22450.150003874445
-21910.6130037494
-18843.391003120374
-14647.040002254253
-11240.277001531074
-7473.651000747369
-4606.028000161184
-2597.7659999869134
-1218.9609999832996
-359.75000000084606
-39.996000000002915
0.0
-19.977999999999806
-69.9200000000115
-179.81200000017094
-609.3859999977142
-1448.5429999778069
-3027.1300000013325
-4965.495000242717
-8192.514000921612
-12738.4380018608
-16984.845002751095
-21410.764003650165
-23249.110004040358
-23988.64900418764
-23728.993004118583
-22789.48000391538
-22230.20200379716
-21680.589003703633
-21480.98000367468
-21131.16600359376
-18813.326003110426
-14007.810002141103
-9881.610001271447
-6174.952000491937
-4046.7110000231114
-2008.387999964853
-949.2469999907222
-189.89900000019782
0.0
0.0
0.0
-39.955000000000226
-159.8320000001261
-559.4269999986202
-1558.4549999751991
-3067.1820000079356
-5245.285000314509
-8951.90400108237
-13767.525002083064
-19502.309003248356
-22879.206003949945
-23528.824004089645
-23339.22400402625
-21920.27800371762
-20092.219003344406
-20142.397003363083
-20591.720003476796
-21590.947003686433
-21301.23400361923
-18273.792002997237
-13548.208002028023
-8752.642001016471
-4736.235000179025
-2598.105999976021
-1169.2189999851712
-299.8120000005272
-49.97700000000694
0.0
0.0
0.0
-39.954000000002864
-139.87099999999177
-529.4879999996076
-1458.622999977817
-2637.6919999976926
-5405.186000343943
-10420.591001362476
-15196.416002366921
-20361.476003425163
-22759.47400392865
-22429.92800386071
-21940.96000372418
-20352.23000339703
-19123.409003161087
-19942.78100333798
-22580.118003872263
-23429.016004051053
-22100.422003778236
-17174.915002784044
-12878.729001864618
-7753.460000790963
-3687.1760000108957
-1688.9079999725368
-679.669999996532
-169.89100000010453
-39.985000000002906
-19.979999999999805
0.0
0.0
-19.975999999999807
-109.8899999999467
-429.59300000057925
-1208.9659999835792
-2697.7019999980143
-6224.587000491261
-10830.254001458194
-15755.895002487594
-20791.270003523034
-22290.115003838062
-21630.966003699294
-21001.722003547056
-20352.192003421344
-20522.14500347827
-22780.024003931852
-25636.914004509592
-25247.478004435037
-21800.5330037383
-17234.664002790196
-12079.224001694001
-6934.173000614162
-3207.7180000027665
-1489.071999977081
-669.5829999966492
-169.86700000010438
9.996000000000112
-19.979999999999805
0.0
0.0
-9.987999999999904
-19.979000000001435
-359.7060000005589
-1119.062999985757
-2528.0179999883903
-6274.53100050689
-11179.926001534388
-15985.61100254621
-20871.33600353725
-21720.540003720685
-21920.828003752013
-21601.00100368351
-23728.888004122426
-22899.772004003193
-26096.424004640357
-28334.322005079805
-25966.797004608274
-22299.980003843873
-17484.187002824852
-11839.549001641257
-6764.352000592718
-3347.4390000147723
-1568.8119999748335
-839.399999992329
-219.85000000038787
0.008
0.0
0.0
0.0
-19.975999999999807
-29.96600000000073
-279.78600000056326
-869.2609999911234
-2947.601999991688
-6344.454000518801
-10620.5160014296
-14906.662002332157
-18303.747003035827
-20451.837003464454
-21900.761003738906
-23739.005004113005
-24817.44300437081
-25167.162004477617
-28603.81600515679
-29602.970005337764
-25547.104004537046
-22649.371003907843
-16764.77500269095
-11439.900001582593
-6984.08800066614
-4066.6390000431734
-1848.6229999682043
-739.5029999944687
-199.82900000037168
-19.977999999999806
0.0
0.0
0.0
0.0
-19.975999999999807
-199.81600000029883
-779.3759999941534
-2558.046999986563
-5055.786000290197
-8862.343001067466
-12678.94000186979
-15326.693002429249
-17914.056002943667
-20831.632003511502
-23139.099003997795
-24247.801004261157
-26185.877004666672
-29472.681005308008
-27255.30200486922
-24448.2760043083
-21690.3250037087
-16864.909002702596
-11300.024001568361
-7253.763000719525
-4056.5440000486246
-2008.4809999649196
-509.7339999991547
-89.9400000000238
9.999999999999899
0.0
0.0
0.0
0.0
-59.9460000000273
-219.78900000035446
-669.5289999968568
-2118.388999965875
-4396.448000088695
-6814.4660006241575
-10521.231001395427
-13258.634001982422
-16385.994002609303
-18383.712003014247
-19981.947003359335
-22679.22900392355
-24657.38800433599
-27065.06400480484
-25486.897004490485
-23918.536004164598
-20801.244003512842
-16485.493002608415
-10890.509001477114
-6914.202000647565
-3037.549000019473
-1189.1929999836702
-160.11400000026396
59.930999999976436
49.98000000000694
0.0
0.0
0.0
0.0
-89.91399999998224
-189.86100000019763
-349.8510000008765
-1259.387999983056
-3307.734999958408
-5725.625000352244
-8413.164000940322
-10951.030001490157
-13988.191002108564
-15736.205002465766
-17084.81400275039
-20601.38800346199
-22958.905003954686
-23848.320004143032
-24008.415004168568
-21521.010003670508
-18733.54400308669
-14777.278002267034
-9641.902001227934
-5545.479000375099
-2607.991999979375
-729.6949999964742
79.7490000000327
219.76100000045363
49.96400000000693
19.9859999999998
0.0
0.0
0.0
-129.87999999992007
-89.97500000000302
-289.9350000006356
-1069.5159999889852
-3317.8319999234845
-5465.96500025561
-7464.265000710642
-9522.348001186607
-11320.686001582773
-13378.55100199342
-16125.831002532055
-19302.736003185473
-21520.494003662738
-22539.6620038729
-23648.86300407813
-20312.078003414907
-16655.608002671353
-12769.129001866271
-8573.059000991601
-4136.8740000892885
-1768.835999970864
19.647000000005207
589.2449999981328
289.67600000047105
20.00599999999979
-19.9919999999998
0.0
0.0
0.0
-139.8799999999918
-159.88900000021738
-359.84900000041495
-1499.0869999779143
-3457.5649999701304
-5835.647000345218
-8103.529000831265
-9872.259001242328
-11570.496001625917
-13169.015001954032
-16355.450002593057
-19752.364003298022
-21410.7430036613
-22639.65100390454
-22699.700003896432
-19322.99500321836
-16166.082002562527
-11400.489001582393
-6794.565000636748
-2988.0320000171796
-839.6879999929805
199.41200000055173
808.9919999930723
309.65500000056323
39.97400000000289
-39.97800000000289
0.0
0.0
0.0
-89.914000000003
-359.6950000008457
-549.6899999999457
-1908.5399999677159
-4306.7790000588975
-6135.420000475901
-8623.127000982257
-12010.180001664403
-13398.812001995217
-16136.110002553642
-19123.11500317637
-22569.77900388872
-24008.306004193746
-23219.14100404184
-22240.317003824894
-18993.42000314961
-14347.684002195909
-9392.363001173617
-5176.0200002964075
-2348.4849999742296
-330.02000000100577
489.2899999981551
659.2679999965585
229.7160000004479
29.962000000000728
0.0
0.0
0.0
0.0
-89.90499999998225
-259.772000000532
-529.653999999343
-1658.7689999726838
-4146.759000069906
-6365.0550005499135
-9412.218001176312
-12729.438001858754
-16455.843002625235
-20681.70200347942
-23488.90500406978
-25067.182004410417
-25087.128004425256
-23518.848004106996
-22599.81800387652
-17205.0020027741
-11470.416001618338
-7444.124000768406
-4036.968000070481
-1489.0839999766172
-100.13199999998118
449.3789999997067
399.5490000000649
169.81000000014697
19.986999999999803
0.0
0.0
0.0
0.0
-59.93400000002728
-279.7330000005854
-629.4879999975121
-1478.9289999767968
-3836.844000041791
-6344.803000534766
-9701.887001248491
-12899.19000193463
-17484.883002865365
-19952.574003389727
-23199.206004038373
-24078.183004223527
-23258.951004056253
-21350.84900365099
-18174.216002981535
-13848.191002083144
-9282.427001153823
-5965.058000453734
-2877.787000003836
-1149.3469999853833
-269.88800000056176
79.8500000000172
189.76700000027384
79.88100000000078
39.94400000000285
0.0
0.0
0.0
0.0
-39.95600000000287
-219.79400000032138
-489.58600000045703
-1289.0059999822176
-3367.049999990719
-6464.282000509349
-9891.348001258892
-13917.482002107228
-17254.280002809897
-19482.24500327599
-21440.60100366515
-21740.19900372027
-20671.31600348958
-17934.129002918897
-14227.560002151135
-10900.734001444138
-7094.022000664724
-4456.267000122022
-2298.025999974247
-879.368999990516
-389.6030000006921
-119.87699999985097
-19.997999999999795
39.96000000000287
19.979999999999805
0.0
0.0
0.0
0.0
0.0
-39.9840000000029
-239.81700000047766
-629.4579999975128
-1788.440999970104
-3676.6710000197068
-6134.559000474232
-8831.929001045792
-11119.85600152556
-12868.342001881501
-14206.95400213492
-13207.99700195377
-12828.410001854625
-11040.0250014699
-8532.293000963646
-6733.914000566007
-4246.223000073863
-2387.824999977671
-1408.7669999780107
-709.3529999942267
-359.6350000002721
-109.9009999999895
-59.93400000002728
0.0
0.0
0.0
0.0
0.0
0.0
0.0
-19.983999999999803
-69.96400000001145
-209.8360000003605
-879.2679999919322
-1828.4279999688122
-2747.485999999198
-4036.3100000616273
-4335.900000164561
-5224.968000305733
-5384.8800003336
-5604.793000362543
-5574.762000346482
-4465.694000145199
-3756.4710000467667
-2827.329999995705
-2128.058999965887
-1019.053999987558
-729.3299999942103
-489.53600000020106
-279.7380000005854
-109.8899999999467
-59.95600000002731
0.0
0.0
0.0
0.0
0.0
0.0
0.0
0.0
-19.9859999999998
-79.94300000000074
-489.5600000007131
-799.2539999930232
-1308.694999980925
-1668.3349999725933
-1878.148999966985
-2237.7199999706127
-2097.9189999655678
-1987.9789999648347
-2077.90299996466
-1987.9849999653902
-1408.606999978701
-1068.9669999865437
-799.2899999937135
-339.67500000018293
-229.79600000051158
-189.81700000031236
-99.92499999998144
-59.93200000002728
0.0
0.0
0.0
0.0
0.0
0.0
