34.63000000000168
0.0
0.0
-0.2499999999999643
-0.22000000000000633
-2.109999999999426
-3.1399999999999744
-2.62000000000043
-3.049999999999643
-4.509999999999948
-0.28000000000001957
-0.5200000000000232
0.6099999999997208
0.27999999999993747
0.010000000000015871
0.3600000000000177
-2.7600000000006135
-1.130000000000001
0.0399999999999849
-0.41999999999984666
-0.9600000000007559
-0.23000000000023993
-0.7299999999993654
0.33999999999990305
-1.0500000000000989
1.340000000000001
-3.359999999999466
-1.21000000000068
-1.0399999999998286
1.2099999999996345
0.3400000000000515
-0.29999999999996413
1.879999999999719
-4.070000000000217
1.0700000000000855
0.9099999999997259
0.9799999999999265
0.5099999999999598
-0.41000000000003717
1.1500000000012405
1.4999999999999982
-1.5300000000000011
0.4299999999999914
-0.20000000000000714
-1.3099999999999985
-1.4099999999999948
0.009999999999974963
0.9900000000000111
0.31999999999999984
-0.3300000000000001
