0.08200000000000006
0.0
0.0
0.0
0.0
-0.002
-0.002
-0.006
-0.013000000000000001
0.07500000000000005
0.002
0.0
0.0
0.0
0.0
0.0
0.0
0.0
0.0
0.07500000000000005
0.36000000000000026
0.08200000000000002
0.32300000000000023
0.02699999999999983
0.13700000000000015
-0.05500000000000001
-0.12800000000000009
0.21000000000000016
-0.17900000000000013
0.47400000000000037
0.0
0.0
0.0
-0.08100000000000002
-0.36100000000000027
0.3070000000000002
-0.14500000000000007
0.36900000000000027
0.10900000000000007
-0.22600000000000012
0.3170000000000003
-0.07600000000000004
-0.14700000000000008
-0.22700000000000015
-0.15500000000000014
0.0
0.0
0.2800000000000002
0.4010000000000003
0.1410000000000001
-0.13599999999999998
-0.1550000000000002
0.12000000000000016
-0.11800000000000005
0.03100000000000029
-0.19300000000000006
-0.049000000000000266
-0.05000000000000002
-9.999999999997745E-4
-0.5920000000000004
0.0
0.0
0.2720000000000002
-0.13700000000000015
0.2290000000000002
0.24900000000000022
-0.00800000000000095
-0.033999999999997796
0.08499999999999994
-0.16500000000000012
0.2660000000000002
0.01399999999999919
0.2330000000000002
-0.24000000000000016
-0.5120000000000003
0.0
0.0
-0.6480000000000005
0.21600000000000016
-0.08399999999999913
-0.17500000000000013
-0.041999999999999996
-0.09400000000000006
-0.32600000000000023
0.14899999999999997
-0.44100000000000034
-0.08700000000000026
-0.16000000000000011
-0.3240000000000003
1.430999999999964
0.33300000000000024
-0.05200000000000004
0.08400000000000017
-0.19600000000000015
-0.5840000000000004
-0.3740000000000003
-0.2940000000000002
-0.03600000000000093
-0.2660000000000002
-0.018000000000001085
0.05000000000000045
0.08700000000000004
-0.24300000000000016
-0.08499999999999958
0.4020000000000003
0.3020000000000002
-0.05200000000000004
-0.18800000000000014
0.12900000000000006
0.0930000000000001
0.35600000000000026
-0.15700000000000006
-0.08300000000000031
0.4310000000000003
-0.0119999999999983
-0.1260000000000001
-0.01299999999999966
0.2690000000000002
-0.2570000000000002
0.11800000000000005
0.3150000000000002
0.0
-0.114
0.22700000000000017
-0.07100000000000005
-0.13200000000000014
0.029999999999999864
0.16700000000000007
0.0029999999999993565
0.05100000000000002
0.05800000000000011
-0.055999999999999814
0.07800000000000025
0.3840000000000003
0.35400000000000026
0.2930000000000002
0.0
-0.3820000000000003
0.2610000000000002
0.17700000000000013
0.35400000000000026
-0.11099999999999993
0.2860000000000002
0.2580000000000002
-0.13300000000000017
0.20100000000000018
-0.10200000000000006
0.2910000000000002
0.11400000000000007
0.11400000000000006
0.07900000000000006
0.0
-0.2360000000000002
0.07100000000000004
0.18100000000000005
0.12400000000000017
0.12100000000000002
0.15100000000000008
0.1420000000000002
-0.2110000000000002
0.20900000000000016
0.04100000000000084
-0.013999999999999664
-0.03599999999999952
0.5890000000000004
-0.07400000000000005
0.0
-0.12000000000000009
0.11800000000000002
-0.011999999999999754
0.12500000000000003
-0.18400000000000008
0.12
-0.09799999999999984
-0.11700000000000005
0.23900000000000016
0.03899999999999974
0.6270000000000004
-0.05600000000000001
0.0
0.0
0.0
-0.17500000000000013
0.0
-0.07700000000000005
-0.2480000000000002
-0.4870000000000004
-0.43300000000000033
-0.06100000000000004
-0.17700000000000013
0.5110000000000003
-0.054000000000000034
-0.19200000000000014
-0.047000000000000035
0.0
0.0
0.0
