-31844.71000602887
0.0
0.0
0.0
0.0
0.0
0.0
0.0
0.0
0.0
0.0
0.0
0.0
0.0
0.0
0.0
0.0
0.0
0.0
0.0
0.0
0.0
0.0
0.0
0.0
0.0
0.0
0.0
0.0
0.0
0.0
0.0
0.0
0.0
0.0
0.0
0.0
-19.981999999999804
-29.97300000000073
-19.982000000001438
-79.94399999999509
-39.97900000000021
-69.93600000001149
-59.94200000000186
-89.94199999998219
-59.948000000001855
-39.977000000002896
-29.96800000000073
-29.97000000000073
-39.962000000002874
-9.990999999999902
-19.981999999999804
0.0
0.0
0.0
0.0
0.0
0.0
0.0
0.0
0.0
0.0
0.0
-19.979999999999805
0.0
-19.979999999999805
-39.962000000002874
-49.955000000006926
-69.93299999999762
-189.85000000031252
-239.79900000050793
-279.7090000005632
-629.4039999979528
-849.1729999920359
-1278.7959999818563
-1798.2699999694573
-1788.2949999694124
-1428.628999977673
-959.067999988985
-509.5159999996926
-229.7840000004799
-109.90299999994667
-9.991000000000106
19.981999999999804
0.0
0.0
0.0
0.0
0.0
0.0
0.0
0.0
0.0
0.0
59.944000000027295
79.93200000000635
199.8160000002624
239.7530000005077
309.60500000078764
269.576000000555
179.67200000029158
-329.97500000058415
-1179.2389999838297
-1988.4929999641972
-2687.7260000084675
-2947.5020000251775
-2447.944999989892
-1948.3589999657308
-1129.0919999853504
-509.607999998887
-379.70800000042146
-159.9000000000354
-59.9460000000273
0.0
0.0
0.0
0.0
0.0
0.0
0.0
-19.979999999999805
-89.93199999998221
-49.97799999999059
39.94600000000283
-299.79700000082084
-159.95600000012666
-389.9320000024579
-1089.4449999873643
-1858.9559999686762
-2868.1689999791606
-4876.445000158689
-6564.966000539361
-7943.863000828406
-8003.8310008579965
-7993.825000864739
-7194.415000696015
-5855.434000405364
-4336.583000071683
-2518.206999980467
-1558.8149999750133
-1119.1519999861252
-519.5700000007402
-59.9460000000273
0.0
0.0
0.0
0.0
0.0
-19.983999999999803
-69.95400000001146
-159.87100000012626
-299.74900000052725
-559.6229999993561
-1169.0869999847016
-1738.8989999715125
-3417.5109999615006
-5046.587000204192
-7244.924000675547
-9763.105001200633
-12570.530001795156
-14809.009002267887
-15927.803002505856
-16617.29400264195
-15088.533002333861
-13549.516002010709
-11720.908001622498
-8703.352000993074
-6045.303000439205
-4246.780000058864
-2767.784999988551
-1838.439999969449
-469.60500000090707
-99.92599999994852
0.0
0.0
0.0
0.0
-19.981999999999804
-179.85600000017115
-439.6300000004882
-799.3939999935383
-1868.5189999684935
-2618.036999992191
-4326.967000107047
-6505.33900056073
-10272.722001317235
-13060.58700190791
-16997.33500271657
-20824.255003507667
-22272.717003833888
-22232.97700384226
-22392.715003858008
-20034.691003383068
-18186.3150029907
-15598.22300244219
-12940.093001856549
-8873.324001033852
-6105.329000474231
-4276.556000086659
-2827.5909999848823
-1149.0229999855112
-259.8000000005321
-79.94599999999508
0.0
-19.979999999999805
-39.962000000002874
0.004
-329.738000000584
-869.2839999922352
-1608.635999974196
-3257.323000000935
-5036.010000250465
-8373.59100092419
-12700.264001813899
-15847.777002486402
-20553.990003441846
-24870.59500432495
-27328.609004848502
-28857.24800516768
-28617.32800512021
-27678.199004930302
-25919.649004567116
-23781.524004118266
-20643.901003462743
-15807.75600246187
-11581.120001584773
-7554.172000767123
-5006.1020002443065
-3157.3620000028213
-1568.6969999754524
-399.70000000043643
-69.97400000001144
0.0
-19.979999999999805
-29.97000000000073
-89.915000000003
-669.444999997065
-1558.6379999758149
-2827.6719999836796
-4965.997000213281
-7793.715000811441
-11680.817001625055
-16037.354002535812
-20733.601003496842
-25030.24200438383
-27218.541004843883
-27538.194004917816
-27887.6270049801
-28197.503005027036
-26748.89300474772
-25090.4540044179
-24310.967004247035
-21133.523003589034
-16377.164002603415
-12430.472001776441
-8373.634000924198
-5056.120000254
-2877.7479999949983
-1368.9289999799898
-449.6800000013048
-59.98000000002734
0.0
-19.979999999999805
-109.90799999994667
-249.78000000050827
-639.4339999965432
-1628.615999973404
-3347.2350000164856
-5615.428000379978
-9132.608001116718
-13739.124002072034
-19004.86900315642
-23601.16700409773
-26159.24200462772
-26878.81900477434
-26579.012004700173
-25659.56000450262
-25140.289004391692
-24610.486004299517
-24180.992004225674
-23721.247004124238
-21043.426003566965
-15937.73800252819
-11171.512001534058
-6984.842000649231
-4466.759000098207
-2088.4369999649307
-1079.2129999876638
-149.90800000001198
-19.995999999999796
0.0
0.0
-79.92500000000074
-229.78400000044823
-689.3829999956189
-1788.4539999697174
-3527.198000028403
-6035.186000473047
-10022.058001304928
-15128.000002361438
-21762.45400370777
-25259.557004437233
-26269.004004642724
-25909.43700454866
-24880.121004318164
-22832.00100390163
-22852.25800391484
-23131.833003993437
-23931.25200416768
-23991.27000416639
-20134.2510033845
-15338.225002393498
-9952.535001263013
-5426.187000313841
-2858.188999980954
-1259.289999983168
-319.8290000005272
-49.975000000006936
0.0
0.0
0.0
-49.94700000000692
-169.85300000019
-619.4749999971685
-1658.598999972771
-2987.7260000226956
-6125.189000491266
-11570.805001597459
-16656.734002668287
-22551.78100387264
-25039.933004394694
-25100.189004396605
-24331.232004212186
-23112.15400395826
-21523.470003653543
-22133.013003791446
-25540.07300447164
-26569.01200468872
-24320.828004238592
-19335.060003228064
-14758.625002246703
-8803.368000998353
-3997.351000028378
-1918.850999967225
-699.7009999960931
-149.88800000001186
-39.9820000000029
-19.981999999999804
0.0
0.0
-29.96700000000073
-129.87999999997606
-549.5109999996985
-1538.7799999759104
-2987.7780000199327
-7064.59400065866
-12170.352001726897
-17146.401002772443
-22881.684003948045
-24760.383004334937
-23811.487004142797
-23491.98900405597
-23201.92900399981
-22942.33400397665
-25610.05400450919
-29186.854005227633
-28287.754005056944
-24270.942004245277
-19054.9690031673
-14079.027002092402
-7604.324000743225
-3227.9540000095135
-1569.088999975091
-689.6699999960127
-169.8850000001045
9.997000000000115
-19.981999999999804
0.0
0.0
-29.967000000000727
-49.94700000000692
-429.65100000079184
-1299.0219999814046
-2688.170000001282
-6984.690000649199
-12170.25900174044
-17566.058002868373
-22552.210003885328
-24340.66300424699
-23911.41700416113
-24211.213004213965
-27018.698004788144
-25759.92900458673
-29316.635005297434
-31804.433005787756
-29276.921005280597
-24540.553004305842
-19514.45300323781
-13049.871001887937
-7274.568000694337
-3617.486000024953
-1768.8469999703952
-859.4769999917316
-279.81100000056324
0.006
0.0
0.0
0.0
-19.977999999999806
-9.988999999999903
-289.77800000059386
-1039.2169999873886
-3157.8379999997333
-6964.7760006442395
-11311.056001575715
-16317.164002618843
-20034.296003389394
-22452.314003872438
-24311.05700422895
-26429.368004662345
-27727.758004963987
-28087.482005076396
-32203.843005889663
-33093.36700546556
-28547.37300514741
-25499.547004484517
-18485.29000304038
-12570.356001808977
-7494.4470007683585
-4326.781000090058
-1918.8029999663624
-749.564999993795
-229.82800000051174
-19.981999999999804
0.0
0.0
0.0
0.0
-19.977999999999806
-229.8040000004167
-879.3789999914584
-2748.151999993693
-5446.018000367924
-9582.733001210318
-13809.496002093701
-17106.862002788956
-20094.370003385902
-23481.669004046726
-26168.98600460948
-27078.06600483873
-29595.831005361004
-33292.71300516706
-31045.129005636525
-27328.403004895754
-24470.483004266538
-18755.13800308062
-11980.676001712678
-7684.289000812046
-4196.954000081712
-2088.7349999649155
-549.7439999984364
-99.92800000004726
-9.9860000000001
0.0
0.0
0.0
0.0
-39.97600000000289
-159.86400000003522
-689.551999996416
-2118.620999965968
-4636.698000129944
-7304.764000715646
-11321.843001556286
-14569.073002246325
-18066.29900295035
-20743.82200349021
-22392.069003850505
-25479.54300449608
-28327.05700508148
-30614.86900552979
-28527.316005114248
-26818.631004754352
-22692.066003901222
-18055.956002927265
-11870.82800167622
-7564.497000778123
-3467.6280000346887
-1289.3579999813521
-290.03400000051124
19.97100000000303
39.9790000000029
0.0
0.0
0.0
0.0
-69.94900000001147
-189.8750000001594
-389.87600000086877
-1509.284999977539
-3348.0679999561958
-6115.967000418439
-9033.5770010599
-11941.38500169456
-15258.588002366834
-17716.19400286486
-19494.583003241
-23481.34200404939
-26208.698004617276
-26878.41000476505
-26609.015004703473
-24410.946004251902
-20354.10100341948
-16377.462002591725
-10632.061001427897
-6095.659000483784
-2848.1689999827086
-729.873999997038
299.5990000002941
229.79000000054324
39.97100000000289
19.9899999999998
0.0
0.0
0.0
-129.89699999992015
-149.9330000000121
-389.8740000012218
-1159.5409999867618
-3428.1519999139664
-5856.1950003288
-7944.701000813576
-10552.628001392219
-12770.736001868025
-15018.607002321969
-18196.028002953513
-21982.74400373238
-24130.7110042005
-25459.77500446954
-26529.049004663935
-22562.380003871258
-18465.692003038577
-13959.421002117198
-9193.350001127958
-4766.899000195021
-1859.1049999688219
29.50700000008728
589.3179999971939
379.6500000000898
29.982000000000728
-19.9899999999998
0.0
0.0
0.0
-139.8989999999919
-249.8200000005667
-529.7340000001235
-1729.0839999724171
-3667.74999997337
-6335.782000445629
-8404.203000901029
-10672.640001408861
-12780.779001869574
-14569.146002241932
-18405.654003015523
-22072.529003777177
-23841.11200416299
-25929.345004570954
-25619.596004487972
-21333.32300363043
-17676.338002874247
-12750.468001856278
-7434.697000769795
-3338.1410000343703
-959.8539999902622
279.33300000047717
769.0979999939315
409.6130000007397
59.95400000002731
-39.980000000002896
0.0
0.0
0.0
-119.89799999995307
-489.5990000009694
-699.6259999957001
-2208.551999966016
-4657.005000129701
-6885.392000624397
-9683.228001193003
-12960.808001865506
-14968.903002311525
-18146.17700296428
-21433.184003649836
-25239.81000443701
-26798.43000476373
-26259.12800465773
-24560.729004298948
-20773.97000352059
-15797.805002493898
-10142.705001336415
-5995.814000444696
-2598.6729999778536
-340.2040000007769
489.3089999991781
649.2959999973004
239.73200000047726
29.965000000000728
0.0
0.0
0.0
0.0
-89.92200000000298
-389.675000000516
-769.4899999937427
-2058.690999963837
-4636.922000177447
-7235.029000725018
-10592.29100141701
-13949.680002111736
-18515.749003038596
-22921.94700393749
-26328.847004648873
-28257.158005057907
-28057.320005029535
-26498.787004708312
-25010.143004367426
-19185.126003176432
-12760.4060018808
-8194.14700092306
-4616.919000156149
-1569.2029999750002
-130.19799999997758
369.4580000001855
349.57800000021956
129.87599999997605
19.9859999999998
0.0
0.0
0.0
0.0
-109.89399999994669
-419.6250000008673
-729.4959999947746
-1828.7819999684261
-4376.734000114505
-7224.744000723787
-10522.19800143135
-14389.219002234426
-19315.161003235622
-22032.936003811505
-26179.067004641056
-26708.559004763167
-26039.092004621136
-24031.061004194773
-20274.40000340806
-15298.465002382289
-10582.168001413811
-6695.149000599854
-3357.7850000106096
-1249.4519999832276
-379.85500000075325
19.83700000000265
99.82700000004708
79.89500000000076
39.95200000000286
0.0
0.0
0.0
0.0
-39.964000000002876
-259.78100000053206
-689.5399999964164
-1618.9319999744318
-3946.9960000054625
-7314.191000687913
-11221.214001522569
-15507.609002426852
-19054.757003174476
-21752.390003734676
-24180.71600421918
-24400.357004262023
-22981.71900396515
-20004.35700334353
-16107.604002533668
-12280.6200017281
-8054.013000864472
-4996.238000239829
-2737.986999992866
-1129.295999984734
-479.6370000003138
-149.90100000001195
-59.98400000002734
39.96600000000288
19.983999999999803
0.0
0.0
0.0
0.0
0.0
-99.94599999994847
-369.7880000006498
-859.4219999922152
-2018.4269999645205
-4106.755000036357
-6704.7320005899555
-9682.123001219285
-12459.916001791988
-14298.463002172763
-16166.894002531502
-15177.743002345853
-14428.464002177003
-12620.101001788313
-9722.422001205137
-7534.091000732998
-5155.9630002484855
-2937.6750000028374
-1828.5729999682044
-999.2609999878445
-459.6399999998159
-209.86500000032598
-59.9460000000273
0.0
0.0
0.0
0.0
0.0
0.0
0.0
-19.983999999999803
-69.97600000001142
-349.78900000048174
-969.3029999898339
-2108.373999965485
-3117.5550000158337
-4526.396000159592
-5145.800000322356
-6154.843000492799
-5995.012000464408
-6134.969000468339
-5995.0590004338355
-4925.942000228418
-4026.6600000626026
-3117.355000006738
-2298.1239999703416
-1279.0079999813115
-959.2499999889806
-569.540999998537
-369.7260000008047
-129.8879999999201
-59.96200000002732
0.0
0.0
0.0
0.0
0.0
0.0
0.0
-19.999999999999794
-49.972000000006936
-129.92699999997632
-519.5740000004741
-859.2549999914155
-1438.6989999778832
-1838.3069999685504
-2247.9769999731743
-2587.627999986162
-2397.8369999795186
-2277.9309999714997
-2188.013999968798
-2138.0839999663085
-1598.582999974208
-1258.8769999823
-849.2769999921961
-409.66499999956807
-309.753000000338
-219.83100000045397
-109.92599999998949
-59.94200000002729
0.0
0.0
0.0
0.0
0.0
0.0
