0.2800000000000001
0.0
0.0
0.0
0.0
0.0
0.0
0.0
0.0
0.0
0.0
0.0
0.0
0.0
0.0
0.0
0.0
0.0
0.0
0.0
0.0
0.0
0.0
0.0
0.0
0.0
0.0
0.0
0.0
0.0
0.0
0.0
0.0
0.0
0.0
0.0
0.0
0.0
-0.01
-0.01
-0.01
0.0
-0.04
-0.04
-0.05
0.09
0.09
0.03
0.0
0.0
0.0
0.0
0.0
0.0
0.0
0.0
0.0
0.0
0.0
0.0
0.0
0.0
0.0
0.0
0.0
0.0
-0.01
-0.01
0.10999999999999999
0.10999999999999999
0.01
0.3100000000000001
0.25000000000000006
0.20000000000000004
0.16
-0.030000000000000006
0.009999999999999997
-0.04000000000000001
0.01
-0.02
-0.01
-0.01
0.03
0.03
0.0
0.0
0.0
0.0
0.0
0.0
0.0
0.0
0.0
-0.01
-0.01
0.03
0.11999999999999998
0.15
0.19000000000000003
0.18000000000000002
0.13999999999999999
-0.05
-0.04
0.07
0.04000000000000001
0.15
0.030000000000000006
0.09
0.22000000000000006
0.12999999999999998
-0.05
0.01
0.03
0.0
0.0
0.0
0.0
0.0
0.0
0.0
0.0
-0.09
0.03
0.04
0.009999999999999997
0.13999999999999999
0.22000000000000006
0.03
-0.20000000000000004
0.21000000000000005
0.10999999999999999
0.4900000000000002
-0.18000000000000002
-0.08
-0.22000000000000006
0.3200000000000001
-0.05
-0.19
-0.060000000000000005
-0.05
-0.08
0.05
0.060000000000000005
0.0
0.0
0.0
0.0
0.0
-0.01
-0.01
-0.02
0.12999999999999998
-0.030000000000000006
0.21000000000000005
0.09
-0.09
-0.11999999999999998
0.2700000000000001
0.15
0.3100000000000001
0.15
0.03
-0.019999999999999997
-0.030000000000000006
0.23000000000000004
0.2800000000000001
-0.35000000000000014
-0.15
-0.16
-0.10999999999999999
-0.009999999999999997
0.019999999999999997
-0.04
0.0
0.0
0.0
0.0
0.0
0.060000000000000005
0.08
-0.060000000000000005
0.12999999999999998
0.05
-0.3200000000000001
-0.21000000000000002
-0.09
0.04
-0.18000000000000002
-0.4900000000000002
0.25000000000000006
-0.019999999999999997
0.09999999999999999
0.18000000000000002
-0.16
0.04000000000000001
-0.009999999999999997
-0.12999999999999998
-0.060000000000000005
-0.34000000000000014
-0.18000000000000002
-0.05
-0.03
-0.03
0.0
0.0
0.0
0.060000000000000005
-0.01
0.34000000000000014
0.38000000000000017
0.21000000000000005
0.35000000000000014
-0.22000000000000006
-0.04000000000000001
0.10999999999999999
0.4600000000000002
0.4400000000000002
0.03
-0.2
0.009999999999999997
-0.6400000000000003
0.22000000000000003
-0.16999999999999998
-0.22000000000000003
-0.20000000000000004
-0.22000000000000003
0.03
-0.16
-0.2800000000000001
-0.09999999999999999
-0.03
-0.03
0.0
0.0
0.0
0.060000000000000005
-0.02
0.2700000000000001
-0.13999999999999999
-0.4300000000000002
0.13999999999999996
0.2700000000000001
0.12999999999999998
-0.04
-0.2700000000000001
-0.4400000000000002
0.2800000000000001
-0.04
-0.26000000000000006
-0.25000000000000006
0.07
-0.020000000000000004
0.25000000000000006
0.35000000000000014
0.10999999999999999
0.23000000000000004
-0.2900000000000001
-0.38000000000000017
-0.17
-0.03
0.0
0.0
0.0
0.0
-0.03
-0.04000000000000001
0.12999999999999998
0.3300000000000001
-0.12999999999999998
0.009999999999999997
-0.25000000000000006
-0.3000000000000001
0.21000000000000005
-0.03
-0.2
0.26000000000000006
0.34000000000000014
-0.09
-0.15
0.44000000000000017
-0.009999999999999997
0.15999999999999998
-0.23000000000000004
0.04
0.34000000000000014
-0.2700000000000001
0.020000000000000004
-0.2800000000000001
0.0
0.0
0.0
0.0
0.0
-0.03
-0.09
-0.04000000000000001
0.09999999999999999
-0.11999999999999998
-0.019999999999999997
0.26000000000000006
-0.25000000000000006
-0.11999999999999998
0.48000000000000026
-0.05
-0.5600000000000003
-0.060000000000000005
-0.3200000000000001
0.23000000000000004
-0.2800000000000001
-0.10999999999999999
-0.07
0.4000000000000002
0.3200000000000001
-0.16
-0.48000000000000026
-0.09999999999999999
-0.12999999999999998
0.0
0.0
0.0
0.0
0.0
-0.04
-0.11999999999999998
0.25000000000000006
0.09999999999999999
-0.5600000000000003
-0.48000000000000026
-0.38000000000000017
-0.5500000000000003
-0.08999999999999997
-0.23000000000000004
-0.14999999999999997
-0.4800000000000002
-0.19000000000000003
-0.18000000000000002
-0.3200000000000001
0.15
-0.44000000000000017
-0.38000000000000017
0.04
-0.09
-0.09999999999999999
-0.03
0.2700000000000001
0.36000000000000015
0.0
0.0
0.0
0.0
-0.04
-0.04
0.04
-0.17
-0.2700000000000001
-0.6500000000000004
-0.6800000000000004
-0.38000000000000017
-0.09
-0.17
-0.5000000000000002
-0.19000000000000003
-0.2900000000000001
0.17
-0.4200000000000002
-0.4500000000000002
0.04
-0.13999999999999999
0.07999999999999997
-0.22000000000000006
0.07
-0.4400000000000002
-0.20000000000000004
0.20000000000000004
0.5600000000000003
0.20000000000000004
0.0
0.0
0.0
-0.04
-0.04
-0.07
-0.24000000000000007
-0.04
-0.4400000000000002
-0.46000000000000024
0.13999999999999999
-0.5300000000000002
-0.23000000000000004
-0.08
0.03
-0.6200000000000003
-0.25000000000000006
0.4000000000000002
-0.35000000000000014
0.09999999999999999
-0.2
0.07
0.04
0.11999999999999998
-0.2700000000000001
0.15
0.20000000000000004
0.05
0.20000000000000004
0.0
0.0
0.0
-0.04
-0.04
-0.020000000000000004
0.060000000000000005
-0.12999999999999998
-0.25000000000000006
-0.05
-0.12999999999999998
-0.18000000000000002
-0.4000000000000002
-0.030000000000000006
0.04000000000000001
-0.24000000000000005
0.05
-0.030000000000000006
-0.060000000000000005
-0.19000000000000003
0.22000000000000006
0.18000000000000002
-0.10999999999999999
-0.5800000000000003
-0.3300000000000001
-0.019999999999999997
0.11999999999999998
0.009999999999999997
0.18000000000000002
0.0
0.0
0.0
0.0
-0.04
0.04
-0.030000000000000006
0.4400000000000002
0.22000000000000006
0.3900000000000002
0.36000000000000015
0.13999999999999999
0.3900000000000002
0.10999999999999999
-0.08
0.5400000000000003
0.5300000000000002
-0.07
-0.05
-0.009999999999999997
-0.009999999999999997
-0.17
0.6100000000000003
0.22000000000000003
0.4200000000000002
-0.24000000000000005
0.009999999999999997
0.21000000000000005
0.3300000000000001
0.0
0.0
0.0
0.0
-0.060000000000000005
0.04
-0.04000000000000001
0.05
-0.03
0.26000000000000006
-0.13999999999999999
-0.03
0.10999999999999999
-0.15
0.21000000000000002
0.15
0.09999999999999999
0.2900000000000001
-0.12999999999999998
-0.45000000000000023
-0.10999999999999999
-0.18000000000000002
-0.009999999999999997
-0.5300000000000002
0.16
-0.24000000000000005
0.010000000000000004
0.38000000000000017
0.3300000000000001
0.0
0.0
0.0
0.0
-0.060000000000000005
-0.060000000000000005
0.11999999999999998
0.010000000000000004
0.04
-0.10999999999999999
-0.25000000000000006
0.07
0.10999999999999999
0.3900000000000002
0.4500000000000002
0.04
0.05
0.04
0.3300000000000001
-0.09
0.2800000000000001
0.19
-0.22000000000000006
0.5200000000000002
0.4800000000000002
0.21000000000000005
0.5200000000000002
0.25000000000000006
0.19000000000000003
0.01
0.0
0.0
0.0
0.0
-0.12999999999999998
0.08
0.03
0.15999999999999998
0.20000000000000004
0.3100000000000001
-0.060000000000000005
0.5400000000000003
0.12999999999999998
0.37000000000000016
0.08
-0.19000000000000003
0.019999999999999997
-0.09
-0.04
-0.060000000000000005
-0.04
-0.34000000000000014
-0.12999999999999998
0.26000000000000006
0.38000000000000017
0.45000000000000023
0.22000000000000006
0.19000000000000003
0.01
0.0
0.0
0.0
0.0
-0.23000000000000004
0.4100000000000002
0.12999999999999998
0.6300000000000003
-3.469446951953614E-18
0.5400000000000003
-0.11999999999999998
0.03
0.23000000000000004
0.13999999999999996
0.2
0.6100000000000003
0.15
0.10999999999999999
-0.019999999999999997
0.09
-0.23000000000000004
0.34000000000000014
0.17
0.20000000000000004
-3.469446951953614E-18
0.03
0.13999999999999999
0.04
0.0
0.0
0.0
0.0
-0.03
-0.20000000000000004
-0.010000000000000004
0.16
-0.020000000000000004
-0.13999999999999999
0.3100000000000001
-0.2700000000000001
0.11999999999999998
0.35000000000000014
0.24000000000000005
-0.16
0.15
-0.08
0.13999999999999999
0.2800000000000001
-0.4900000000000002
0.2800000000000001
0.4100000000000002
0.34000000000000014
0.12999999999999998
0.4200000000000002
-0.009999999999999997
-0.04
0.04
0.0
0.0
0.0
0.0
-0.03
-0.10999999999999999
-0.009999999999999997
0.21000000000000002
0.10999999999999999
-0.2900000000000001
0.020000000000000004
0.38000000000000017
0.18
0.34000000000000014
0.04
0.08
0.07
-0.45000000000000023
-0.03
0.22000000000000006
0.15
-0.19000000000000003
0.060000000000000005
0.23000000000000007
0.08
0.05
0.07
0.060000000000000005
0.04
0.0
0.0
0.0
0.0
-0.03
-0.060000000000000005
-0.08
0.22000000000000006
0.4400000000000002
0.25000000000000006
-0.09999999999999999
-0.05
0.04
0.19000000000000003
0.3000000000000001
0.14999999999999997
-0.4800000000000002
0.11999999999999998
0.18000000000000002
0.19000000000000003
0.7200000000000004
0.18000000000000002
0.26000000000000006
-0.10999999999999999
-0.05
0.12999999999999998
0.20000000000000004
0.01
0.03
0.0
0.0
0.0
0.0
0.0
-0.18000000000000002
0.060000000000000005
-0.13999999999999999
0.05
0.36000000000000015
-0.04
0.09
-0.10999999999999999
0.23000000000000004
0.11999999999999998
-0.23000000000000004
-0.17
-0.03
0.009999999999999997
-0.22000000000000006
0.36000000000000015
-0.18000000000000002
-0.05
0.13999999999999999
0.36000000000000015
0.35000000000000014
-0.07
0.03
0.03
0.0
0.0
0.0
0.0
0.0
-0.18000000000000002
-0.10999999999999999
-0.16
-0.10999999999999999
0.2800000000000001
-0.17
-0.3300000000000001
3.469446951953614E-18
-0.18000000000000002
-0.060000000000000005
0.22000000000000006
-0.18000000000000002
-0.13999999999999999
0.2700000000000001
-0.060000000000000005
0.2700000000000001
0.5200000000000002
0.36000000000000015
0.22000000000000006
0.16
0.07
-0.01
0.0
0.0
0.0
0.0
0.0
0.0
0.0
0.0
0.0
-0.10999999999999999
-0.19000000000000003
-0.26000000000000006
-0.17
-0.25000000000000006
-0.20000000000000004
-0.17
-0.12999999999999998
-0.09
-0.18000000000000002
-0.2800000000000001
-0.25000000000000006
0.05
0.16
0.05
0.08
-0.15
-0.05
0.0
0.0
0.0
0.0
0.0
0.0
0.0
0.0
0.0
0.0
0.0
0.0
-0.07
-0.07
-0.07
-0.03
-0.07
-0.07
-0.04
0.0
0.0
0.0
0.0
0.0
0.0
-0.04
-0.04
-0.04
-0.04
0.0
0.0
0.0
0.0
0.0
0.0
0.0
