0.33400000000000024
0.0
0.0
0.0
0.0
-0.004
-0.008
0.0
0.0
0.1400000000000001
0.07200000000000005
0.0
0.0
0.0
0.0
0.0
0.0
0.0
0.0
0.1300000000000001
0.2450000000000002
0.03100000000000005
0.2880000000000002
0.054000000000000076
0.2290000000000002
-0.051000000000000156
-0.0720000000000001
0.3020000000000002
-0.08600000000000008
0.24000000000000019
0.0
0.0
-0.002
-0.10400000000000005
-0.13800000000000012
0.32800000000000024
-0.24800000000000016
0.2950000000000002
-0.02599999999999986
-0.17000000000000004
0.3130000000000002
-0.03399999999999975
-0.1320000000000001
-0.09100000000000004
-0.07300000000000006
0.0
0.0
0.09000000000000004
0.5970000000000004
0.05500000000000012
-0.07699999999999979
9.999999999995568E-4
0.1130000000000001
-0.04499999999999833
-0.025999999999999832
-0.156
-0.1710000000000001
-0.10200000000000004
-0.20100000000000012
-0.4980000000000004
0.0
0.0
0.08600000000000005
-0.12700000000000036
0.22900000000000023
0.09500000000000017
-0.04900000000000006
-0.019999999999998897
0.11299999999999961
-0.20700000000000013
0.28000000000000025
-0.10500000000000032
0.25600000000000017
-0.058000000000000024
-0.5490000000000004
0.0
0.0
-0.6760000000000005
0.3160000000000002
0.01700000000000081
-0.1380000000000001
-0.016000000000000028
-0.12200000000000008
-0.2910000000000002
0.16599999999999987
-0.30500000000000027
-0.12800000000000009
-0.13600000000000018
-0.04300000000000004
0.7100000000000005
0.7780000000000006
-0.11100000000000008
-0.11700000000000002
-0.35600000000000026
-0.5760000000000004
-0.23400000000000015
-0.33700000000000024
-0.009000000000000943
-0.2780000000000002
0.06200000000000001
0.03300000000000071
0.12600000000000003
-0.23300000000000018
-0.305
0.5140000000000003
0.07000000000000005
-0.11100000000000008
-0.19600000000000012
0.33500000000000024
0.10200000000000035
0.18500000000000014
0.009000000000001878
-0.06800000000000032
0.35500000000000026
-0.1309999999999998
-0.04600000000000001
-0.03399999999999953
0.20500000000000018
-0.11800000000000002
0.4130000000000003
0.34300000000000025
0.0
0.07400000000000005
0.15900000000000009
0.16300000000000006
-0.10200000000000002
0.07999999999999963
0.11300000000000004
0.13200000000000006
0.09699999999999999
0.02999999999999988
-0.050999999999999934
0.1100000000000001
0.19000000000000014
0.10000000000000006
0.06500000000000004
0.0
-0.33300000000000024
0.19100000000000014
0.18800000000000014
0.2630000000000002
-0.11799999999999958
0.24400000000000016
0.11800000000000005
-0.021000000000000327
0.11700000000000024
-0.12600000000000008
0.17800000000000013
0.17000000000000012
-0.11000000000000007
0.11800000000000009
0.0
-0.08900000000000007
0.049000000000000044
0.1420000000000001
0.003999999999999473
0.09399999999999993
0.1840000000000001
0.1900000000000001
-0.23500000000000015
0.20300000000000012
0.25000000000000017
-0.17700000000000005
0.15400000000000014
0.5150000000000003
-0.006
0.0
-0.06800000000000005
0.3810000000000003
-0.20799999999999988
0.36100000000000027
-0.1150000000000001
0.019999999999999206
-0.09800000000000075
0.005999999999999799
0.11700000000000005
-0.13800000000000082
0.6810000000000005
0.12000000000000008
0.0
0.0
0.0
-0.2840000000000002
0.0
-0.19800000000000015
-0.3790000000000003
-0.5250000000000004
-0.16600000000000012
-0.36600000000000027
-0.7310000000000005
0.2750000000000002
-0.11500000000000009
-0.22500000000000017
-0.057000000000000044
0.0
0.0
0.0
