30.64000000000199
0.0
0.0
-0.8199999999999344
0.8400000000000016
-1.0599999999999954
-2.9999999999993583
-1.0199999999999996
-3.3999999999995483
-8.079999999999872
0.1699999999999822
-0.5899999999999883
0.6099999999999547
0.05999999999993852
-0.379999999999885
0.29000000000009085
-3.380000000000538
1.1300000000000003
0.5099999999999902
-0.3199999999999338
-0.9300000000001443
-0.1400000000000615
-0.9699999999998858
-0.2399999999999039
-0.9399999999999843
4.749999999999943
-2.3399999999999364
-1.5600000000010077
-0.6299999999998287
1.310000000000852
0.050000000000109776
-0.2499999999999556
1.9899999999995857
-4.000000000000189
1.9999999999998022
0.8299999999998671
0.7599999999997853
-0.24999999999977932
-0.07000000000009057
1.520000000001239
1.2800000000000005
-6.369999999999589
0.48999999999980437
-0.6000000000000739
-1.1899999999999946
-1.3699999999999877
0.1299999999998718
-0.1299999999999976
1.6700000000000013
2.629999999999988
