0.011000000000000003
0.0
0.0
0.0
0.0
0.0
0.0
0.0
0.0
0.0
0.0
0.0
0.0
0.0
0.0
0.0
0.0
0.0
0.0
0.0
0.0
0.0
0.0
0.0
0.0
0.0
0.0
0.0
0.0
0.0
0.0
0.0
0.0
0.0
0.0
0.0
0.0
-0.004
-0.002
-0.002
-0.004
-0.001
-0.001
-0.002
0.0
0.02600000000000001
0.013000000000000005
0.01
0.0
-0.002
-0.001
-0.002
0.0
0.0
0.0
0.0
0.0
0.0
0.0
0.0
0.0
0.0
0.0
0.0
0.0
0.0
-0.004
-0.002
0.019000000000000003
0.017
-0.009000000000000001
0.04800000000000003
0.02600000000000001
0.03800000000000002
0.012999999999999998
0.01
0.029000000000000012
0.016
0.001
-0.004
-0.002
0.0
0.0
0.0
0.0
0.0
0.0
0.0
0.0
0.0
0.0
0.0
0.0
0.0
0.004
0.014
0.02700000000000001
0.02700000000000001
0.011000000000000003
0.002999999999999999
0.003
-0.009999999999999993
0.013000000000000005
0.008999999999999996
-0.008
-0.003
-0.007999999999999993
0.0019999999999999983
0.003
0.016
-0.01
-0.004
0.0
0.0
0.0
0.0
0.0
0.0
0.0
0.0
0.0
-0.012
-0.008
0.011000000000000001
0.016
0.005
-0.008000000000000004
-0.002999999999999993
-0.02700000000000001
0.054000000000000034
0.013000000000000018
0.05200000000000003
-0.013000000000000013
-0.004000000000000007
-0.022
0.05200000000000003
0.003000000000000002
-0.04600000000000002
-0.008000000000000007
-0.016
-0.017
0.01
0.012
0.0
0.0
0.0
0.0
0.0
0.0
0.0
0.002
0.014000000000000002
-0.002
0.04700000000000003
-0.017999999999999995
0.015999999999999993
-0.0019999999999999983
0.055000000000000035
-0.03099999999999998
0.06600000000000003
0.02600000000000003
0.022000000000000006
0.0020000000000000087
0.01100000000000001
-0.003
0.019999999999999997
-0.003
0.012000000000000004
-0.021000000000000005
-0.009000000000000001
-0.008
0.01
-0.002
0.0
0.0
0.0
0.0
0.0
0.002
0.022000000000000006
-0.024000000000000007
0.04200000000000003
0.017000000000000008
-0.06500000000000004
0.034
0.017
0.011000000000000006
0.012000000000000021
-0.05700000000000004
0.028000000000000018
0.0020000000000000104
0.02899999999999999
0.01799999999999998
-0.00599999999999999
0.012000000000000007
-0.036000000000000004
0.009999999999999998
-0.002
0.002
-0.005
-0.001
-0.001
-0.002
0.0
0.0
0.0
0.002
-0.003
0.03800000000000002
0.045000000000000026
0.02600000000000001
0.04600000000000003
-0.022
-0.028000000000000025
0.00899999999999999
0.020999999999999998
0.04400000000000003
0.021999999999999978
-0.009999999999999993
-0.004000000000000017
-0.03600000000000002
0.025
-0.04400000000000003
-0.008999999999999984
-0.02200000000000002
-0.06200000000000003
0.016999999999999994
-0.012000000000000004
-0.019000000000000003
-0.020000000000000004
-0.001
-0.002
0.0
0.0
0.0
0.002
-0.007
0.011000000000000003
-0.04700000000000002
-0.009
0.023000000000000007
0.04300000000000002
9.999999999999792E-4
-0.0010000000000000044
-0.05000000000000003
-0.04100000000000001
0.020999999999999984
-0.017999999999999988
-0.07000000000000005
-0.017000000000000008
-0.01200000000000001
-0.0019999999999999922
0.010999999999999979
0.03600000000000002
-0.016000000000000014
0.013000000000000001
-0.008000000000000002
-0.03500000000000002
-0.023000000000000007
-0.004
0.0
0.0
0.0
0.0
-0.020000000000000004
-0.002
-0.002
0.022000000000000013
-0.012000000000000004
0.03400000000000001
-0.061000000000000026
-0.05800000000000004
0.001999999999999986
0.0010000000000000035
-0.020000000000000004
0.004999999999999986
0.01900000000000001
-0.01099999999999999
0.020999999999999998
0.039
0.005
0.022000000000000006
0.004999999999999997
0.024000000000000007
0.034
-0.03900000000000003
0.005
-0.02500000000000001
-0.002
0.0
0.0
0.0
0.0
-0.020000000000000004
-0.004
-0.019000000000000003
-0.023000000000000007
-0.04000000000000002
0.001
0.01599999999999999
-0.031
-0.0020000000000000035
0.06800000000000005
-0.00599999999999999
-0.037000000000000026
-0.032000000000000015
-0.04500000000000004
0.006999999999999996
-0.03500000000000002
-0.019000000000000017
-0.00499999999999999
0.024000000000000014
0.04700000000000003
0.001
-0.05900000000000004
-0.019000000000000003
-0.010000000000000002
-0.002
0.0
0.0
0.0
0.0
-0.002
-0.008
0.009000000000000001
0.008999999999999998
-0.08900000000000007
-0.04600000000000003
-0.03500000000000002
-0.05800000000000004
-0.04100000000000002
-0.019999999999999997
-0.03800000000000002
-0.08200000000000006
-0.016999999999999987
-0.043000000000000024
-0.009000000000000036
-0.004999999999999997
-0.01299999999999999
-0.006
0.015
-0.008999999999999998
0.004999999999999997
0.02500000000000001
0.04100000000000002
0.056000000000000036
-0.004
0.0
0.0
0.0
-0.004
-0.002
0.003
-0.024000000000000007
-0.048000000000000036
-0.08900000000000007
-0.06700000000000005
-0.05900000000000004
-0.015000000000000001
-0.0070000000000000106
-0.09400000000000007
-0.059000000000000045
-0.07800000000000004
0.016
-0.05500000000000003
-0.054000000000000034
0.019999999999999976
-0.003000000000000007
-0.027999999999999997
-0.05500000000000003
0.009000000000000001
-0.03600000000000002
-0.054000000000000034
0.03500000000000002
0.06400000000000004
0.024000000000000007
0.0
0.0
0.0
-0.002
-0.002
-0.023000000000000007
-0.029000000000000012
-0.011000000000000006
-0.029000000000000012
-0.06000000000000004
-0.008
-0.061000000000000026
-0.034000000000000016
-0.00899999999999999
-0.010999999999999985
-0.06400000000000003
-0.006000000000000028
0.016
-0.04900000000000001
-0.008999999999999994
0.0029999999999999758
-0.009000000000000018
-0.009000000000000008
-0.004999999999999993
0.008999999999999998
-0.00899999999999999
0.009000000000000001
-0.009000000000000001
0.024000000000000007
0.0
0.0
0.0
-0.004
-0.002
-0.015
0.016
-0.024000000000000007
-0.01200000000000001
-0.002
-0.020999999999999998
0.0020000000000000104
-0.03600000000000001
0.007000000000000007
0.0070000000000000045
-0.011000000000000001
0.020999999999999956
-0.010000000000000016
-0.041000000000000016
-0.06300000000000004
0.028000000000000018
0.029000000000000005
-0.014
-0.032000000000000015
-0.057000000000000044
0.003
0.030000000000000013
0.018000000000000002
0.024000000000000007
0.0
0.0
0.0
0.0
-0.004
-0.001
-0.019000000000000003
0.06400000000000004
0.025
0.015000000000000019
0.0
-0.004999999999999994
0.031000000000000007
-0.00699999999999999
0.008999999999999998
0.05300000000000003
0.07600000000000004
-0.01199999999999999
-0.002
-9.999999999999861E-4
0.005000000000000002
-0.009999999999999992
0.07500000000000005
0.022
0.04600000000000003
-0.0059999999999999975
-0.023000000000000007
0.02500000000000001
0.034000000000000016
0.0
0.0
0.0
0.0
-0.002
-0.002
-0.005
0.010000000000000007
-0.018000000000000002
0.03800000000000002
-0.003000000000000001
-0.0019999999999999792
0.005000000000000009
0.008000000000000004
0.013999999999999973
0.039999999999999994
0.011999999999999995
0.05000000000000005
-0.021999999999999992
-0.029000000000000005
-0.017999999999999995
-0.020999999999999984
0.011999999999999995
-0.06600000000000004
0.034000000000000016
-0.03000000000000002
0.01299999999999999
0.026000000000000016
0.029000000000000012
0.0
0.0
0.0
0.0
-0.001
-0.004
0.04000000000000002
0.014000000000000002
-0.011000000000000001
0.03500000000000002
0.030000000000000006
0.017
0.011000000000000027
0.07100000000000004
0.041000000000000036
0.03200000000000002
0.024000000000000028
0.026999999999999996
0.06400000000000004
-0.014999999999999986
0.015
0.00899999999999999
-0.012000000000000014
0.03500000000000002
0.09100000000000007
0.015999999999999986
0.07200000000000004
0.04200000000000002
0.005
0.0
0.0
0.0
0.0
-0.002
-0.005000000000000001
0.007999999999999997
0.00399999999999999
-0.024
0.008999999999999998
0.013000000000000001
-0.003999999999999997
0.04500000000000003
0.04600000000000003
0.03400000000000004
0.01100000000000001
-0.013999999999999992
-0.017999999999999988
-0.005999999999999978
-0.009000000000000008
-0.021999999999999992
0.012000000000000004
0.004
-0.00599999999999999
0.037000000000000026
0.05200000000000003
0.07400000000000005
0.03800000000000002
0.018000000000000002
-0.008
0.0
0.0
0.0
-0.001
0.006
0.05500000000000004
0.001
0.08700000000000006
0.022
0.05100000000000004
0.01200000000000001
0.03500000000000001
0.06600000000000004
0.05000000000000004
0.01899999999999999
0.04100000000000003
0.0050000000000000105
0.01800000000000001
0.0020000000000000035
0.004999999999999995
-0.045000000000000026
0.043000000000000024
0.03200000000000002
0.051000000000000024
0.031000000000000014
0.03600000000000001
0.05000000000000003
0.01
-0.008
0.0
0.0
0.0
-0.005
-0.019000000000000003
-0.0040000000000000036
0.031000000000000014
0.02500000000000001
-0.01400000000000001
0.04500000000000002
-0.013000000000000005
-0.005999999999999995
0.04700000000000004
0.025999999999999995
3.469446951953614E-18
0.02800000000000001
-9.999999999999966E-4
-0.013000000000000024
0.029000000000000005
-0.025000000000000015
0.02099999999999999
-0.003000000000000002
-3.469446951953614E-18
0.03500000000000002
0.03500000000000002
0.006000000000000002
0.0
0.005
0.0
0.0
0.0
0.0
-0.002
-0.001
0.009
0.02900000000000002
0.012000000000000004
-0.04000000000000002
0.013999999999999999
0.029000000000000026
0.016
0.026000000000000044
-0.01399999999999999
1.734723475976807E-17
0.03800000000000001
-0.01900000000000003
-0.003000000000000014
0.05500000000000002
0.05900000000000003
-0.003999999999999996
0.024999999999999994
0.041000000000000016
0.03900000000000002
-0.004999999999999993
0.008
0.02700000000000001
0.01
0.0
0.0
0.0
0.0
-0.002
-0.013000000000000001
-0.032000000000000015
0.03800000000000002
0.030000000000000006
-0.010999999999999985
-0.02800000000000001
0.003999999999999997
-0.010999999999999992
-0.0029999999999999792
0.013000000000000001
0.031
-0.021999999999999992
0.002
0.04100000000000003
-0.007999999999999997
0.08800000000000006
0.05300000000000003
0.05200000000000003
-0.03800000000000002
0.017
9.999999999999966E-4
0.008
0.007
0.004
0.0
0.0
0.0
0.0
0.0
-0.022000000000000006
0.001
-0.05900000000000004
0.032000000000000015
0.04100000000000002
-0.005999999999999991
0.04300000000000002
0.011999999999999986
0.03800000000000003
-0.03300000000000002
-0.04900000000000004
-0.04100000000000002
-0.03500000000000002
-0.034000000000000016
-0.034000000000000016
0.03200000000000001
0.009999999999999998
-0.0060000000000000045
-0.002
0.014999999999999998
0.014
-0.03800000000000002
0.004
0.004
0.0
0.0
0.0
0.0
0.0
-0.022000000000000006
-0.013000000000000003
-0.034000000000000016
0.008
0.016
-0.03800000000000003
-0.04100000000000002
-0.013000000000000008
-0.022000000000000013
-0.05200000000000003
-0.010000000000000005
-0.015000000000000008
-0.021000000000000005
0.06900000000000005
-0.004
0.002
0.03500000000000002
0.04800000000000003
0.019000000000000003
0.006
-0.011
-0.006
0.0
0.0
0.0
0.0
0.0
0.0
0.0
0.0
0.0
-0.017
-0.02500000000000001
-0.023000000000000007
-0.012000000000000004
-0.022000000000000006
-0.008
-0.007
-0.006
-0.01
-0.021000000000000005
-0.02600000000000001
-0.03700000000000002
-8.673617379884035E-19
-0.004
-0.006
0.024000000000000007
-0.005
-0.006
0.0
0.0
0.0
0.0
0.0
0.0
0.0
0.0
0.0
0.0
0.0
0.0
-0.008
-0.006
-0.009000000000000001
-0.006
-0.002
-0.004
0.0
0.0
0.0
0.0
0.0
0.0
0.0
-0.006
-0.004
-0.002
-0.002
0.0
0.0
0.0
0.0
0.0
0.0
0.0
