0.07
0.0
0.0
0.0
0.0
0.0
0.0
0.0
0.0
0.0
0.0
0.0
0.0
0.0
0.0
0.0
0.0
0.0
0.0
0.0
-0.04
-0.06
-0.06
-0.03
0.0
-0.04
-0.06
0.0
0.0
0.0
0.0
0.0
0.0
0.03
-0.06
-0.11999999999999998
0.029999999999999978
0.09999999999999998
0.14999999999999997
0.09000000000000004
0.11999999999999997
0.09999999999999999
0.0
-0.13999999999999999
-0.07
-0.02
0.0
0.0
0.0
-0.13999999999999999
-0.29
-0.26
-0.049999999999999975
0.01999999999999999
-0.09999999999999998
-0.04
0.03
-0.21
-0.14
-0.03
-0.02
0.0
0.0
0.0
-0.07
-0.09999999999999999
-0.31999999999999995
-0.08
0.20000000000000012
0.11999999999999991
0.19000000000000003
-0.3999999999999998
-0.22
-0.1
-0.04
0.0
0.0
0.0
-0.01
-0.04
-0.09999999999999998
-0.21999999999999997
0.030000000000000054
0.3999999999999999
0.33999999999999997
-0.03000000000000002
-0.28
-0.11000000000000001
-0.03
-0.03
0.0
0.0
0.0
-0.01
-0.04
-0.09
-0.2899999999999999
-0.19999999999999996
0.4799999999999997
0.52
-0.09999999999999995
-0.14
0.010000000000000002
-0.03
0.04
0.05
0.0
0.0
-0.01
-0.04
-0.07
-0.41
0.14
0.2999999999999999
0.22999999999999984
-0.45000000000000007
-0.10999999999999999
-0.049999999999999996
-0.05
-0.03
0.0
0.0
0.0
-0.01
-0.1
-0.19
0.01999999999999992
-0.14999999999999997
0.2999999999999999
-0.17
-0.13999999999999987
0.09
-0.08
-0.01
0.0
0.0
0.0
0.0
0.0
-0.17
-0.19
-0.029999999999999992
0.15
0.10999999999999996
-0.07999999999999997
-0.2399999999999998
-0.22999999999999998
-0.17
-0.05
-0.04
0.0
0.0
0.0
-0.01
-0.019999999999999997
0.19999999999999998
0.13999999999999996
0.06999999999999999
-0.19000000000000009
0.12
0.17
-0.03999999999999997
-0.15000000000000002
-0.09
-0.04
0.0
0.0
0.0
-0.01
0.05000000000000001
0.09999999999999999
-0.08999999999999996
-0.13999999999999999
0.06999999999999997
0.25999999999999984
0.21
-0.15000000000000002
-0.13
-0.01
0.0
0.0
0.0
0.0
0.0
-0.01
-0.08
-0.01
-0.06999999999999999
-0.07
-0.02
0.0
-0.03
-0.04
-0.01
0.0
0.0
0.0
