2.679999999999987
0.0
0.0
-0.6400000000000003
0.36999999999999933
-0.5200000000000011
-1.0000000000000007
0.6000000000000003
-0.6600000000000001
0.0
-1.1300000000000008
-3.1800000000000233
1.6800000000000086
-2.5700000000000105
1.8299999999999985
-2.519999999999998
-1.1300000000000008
-0.060000000000000005
-3.1999999999999993
-3.169999999999991
0.9900000000000014
2.0499999999999905
-0.15999999999999553
-1.3500000000000008
0.0
0.0
0.0
-6.359999999999971
1.3800000000000132
2.999999999999978
-2.6200000000000006
-3.8099999999999854
1.9500000000000015
0.0
-1.3400000000000007
-6.999999999999951
-0.4199999999999978
1.5899999999999985
0.1199999999999998
1.3500000000000028
0.07999999999999967
0.04000000000000004
4.739999999999997
-0.44999999999999957
-2.0400000000000014
-0.8099999999999908
1.290000000000001
-0.9600000000000006
-0.6800000000000003
0.0
