0.04
0.0
0.0
0.0
0.0
0.0
0.0
0.0
0.0
0.0
0.0
0.0
0.0
0.0
0.0
0.0
0.0
0.0
0.0
0.0
0.0
0.0
0.22999999999999993
0.07999999999999999
0.1199999999999999
-0.28
-0.04000000000000001
0.07
0.0
-0.01
0.0
0.0
0.0
-0.01
-0.060000000000000005
0.07999999999999997
0.36
0.22999999999999984
0.22999999999999987
-0.19999999999999976
-0.08999999999999994
0.6600000000000001
0.1
0.010000000000000007
-0.03
0.0
0.0
0.0
0.14
-0.11999999999999998
0.05999999999999996
-0.5700000000000004
-0.6300000000000004
-0.16999999999999993
-0.35999999999999993
-0.010000000000000155
0.6500000000000002
-0.32000000000000006
-0.38000000000000017
-0.09999999999999999
-0.01
0.0
0.07
-0.019999999999999997
-0.22
-0.26999999999999996
-0.45000000000000007
-0.27999999999999986
0.5299999999999996
0.13000000000000012
0.11999999999999988
-0.049999999999999975
-0.49
-0.33999999999999997
-0.07
0.0
0.0
0.0
-0.02
-0.06
0.29999999999999993
0.009999999999999998
-0.4099999999999996
1.3000000000000005
0.1299999999999998
0.009999999999999976
-0.29999999999999993
-0.3700000000000001
-0.08
0.0
0.0
0.0
0.0
-0.01
0.10000000000000002
0.23999999999999994
-0.8700000000000004
-0.5299999999999999
0.6000000000000002
0.4499999999999995
-0.039999999999999904
-0.7200000000000001
-0.36
-0.08
0.0
0.0
0.0
0.0
-0.03
-0.05
-0.26000000000000006
-0.4999999999999999
0.31999999999999995
0.1900000000000001
0.8800000000000002
-0.14999999999999963
-0.22999999999999987
-0.24999999999999994
-0.09
0.0
0.0
0.0
0.0
-0.04
-0.16999999999999998
-0.39
-0.09999999999999999
-0.17000000000000004
0.5299999999999997
0.20999999999999988
-0.5399999999999999
-0.6300000000000002
0.29999999999999993
0.13
0.10999999999999999
0.0
0.0
-0.01
-0.09999999999999999
-0.28
-1.0400000000000005
-0.11999999999999986
0.010000000000000064
0.2599999999999997
-0.08999999999999989
-0.23999999999999977
0.3499999999999998
0.36
0.27
0.31999999999999995
0.0
0.0
0.060000000000000005
0.17
0.41
0.25
0.4499999999999996
-0.18
-0.53
0.4499999999999995
0.009999999999999981
0.09999999999999995
1.0408340855860843E-17
-3.469446951953614E-18
0.0
0.0
0.0
0.07
0.12000000000000002
0.04
-0.20000000000000004
-0.2
-0.029999999999999978
0.019999999999999973
0.10999999999999993
0.2700000000000002
-0.03
-0.02
0.0
0.0
0.0
0.0
0.0
0.0
-0.09000000000000001
-0.2799999999999999
-0.2700000000000001
0.0
-0.25999999999999995
-0.16
-0.03
0.0
0.0
0.0
0.0
0.0
0.0
