15.369999999999717
0.0
0.0
0.0
-5.510000000000001
-0.9600000000000026
-11.899999999999876
2.2299999999999964
2.0899999999999976
0.0
6.659999999999955
0.969999999999977
-0.3399999999999984
-2.0599999999999348
-0.4299999999999927
-5.540000000000232
-4.400000000000074
0.3100000000000001
-7.7800000000000775
-0.2099999999999961
1.5900000000001584
3.5800000000001835
0.35000000000002596
-8.330000000000176
6.399999999999769
7.8299999999998775
7.719999999999923
-5.620000000000167
0.3400000000000123
3.2799999999996907
-0.819999999999915
0.4600000000000162
-10.429999999999914
0.0
-8.559999999999969
-3.1999999999996387
0.05999999999998559
-0.40000000000002245
-1.6999999999999464
-0.8199999999999882
-14.279999999999864
0.6000000000000004
5.770000000000381
-2.5700000000000016
-6.1100000000001895
-4.340000000000325
-2.009999999999995
-1.05
-0.1
0.0
