-1.486999999999947
0.0
0.0
0.0
0.0
0.0
0.0
0.0
0.0
0.0
0.0
0.0
0.0
0.0
0.0
0.0
0.0
0.0
0.0
0.0
0.0
0.0
0.0
0.0
0.0
0.0
0.0
0.0
0.0
0.0
0.0
0.0
0.0
0.0
0.0
0.0
0.0
0.0
0.0
0.0
0.0
0.0
-0.006
-0.003
-0.006
0.0
0.0
0.0
0.0
0.0
0.0
0.0
0.0
0.0
0.0
0.0
0.0
0.0
0.0
0.0
0.0
0.0
0.0
0.0
0.0
0.0
0.0
0.0
-0.013000000000000005
-0.02600000000000001
-0.018000000000000002
-0.04600000000000003
-0.04200000000000002
-0.04600000000000003
-0.034000000000000016
-0.016000000000000004
-0.029000000000000012
-0.029000000000000012
-0.015000000000000001
-0.006
0.0
0.0
0.0
0.0
0.0
0.0
0.0
0.0
0.0
0.0
0.0
0.0
0.0
0.0
-0.002
0.0
-0.013000000000000005
-0.02000000000000001
-0.04100000000000002
-0.02800000000000001
-0.08100000000000006
-0.10900000000000008
-0.1480000000000001
-0.1480000000000001
-0.12800000000000009
-0.09700000000000007
-0.11100000000000008
-0.08600000000000006
-0.08300000000000006
-0.027000000000000017
-0.024000000000000007
0.0
0.0
0.0
0.0
0.0
0.0
0.0
0.0
0.0
0.0
0.0
-0.002
-0.002
-0.033000000000000015
-0.04800000000000003
-0.1440000000000001
-0.22200000000000017
-0.2950000000000002
-0.36000000000000026
-0.3840000000000003
-0.4240000000000003
-0.4100000000000003
-0.5150000000000003
-0.3710000000000003
-0.3770000000000003
-0.3100000000000002
-0.19100000000000014
-0.1450000000000001
-0.10200000000000008
-0.045000000000000026
-0.034000000000000016
-0.030000000000000013
0.0
0.0
0.0
0.0
0.0
0.0
0.0
-0.002
-0.004
-0.055000000000000035
-0.08900000000000007
-0.1570000000000001
-0.2830000000000002
-0.35300000000000026
-0.45300000000000035
-0.7030000000000005
-0.7200000000000005
-0.8550000000000006
-0.9590000000000007
-0.9270000000000007
-0.9060000000000007
-0.6800000000000005
-0.5640000000000004
-0.4210000000000003
-0.20700000000000016
-0.22900000000000018
-0.09000000000000007
-0.07100000000000005
-0.031000000000000014
-0.002
0.0
0.0
0.0
0.0
0.0
-0.008
-0.006
-0.06800000000000005
-0.11400000000000009
-0.18800000000000014
-0.45900000000000035
-0.6740000000000005
-0.8260000000000006
-1.1389999999999976
-1.0889999999999966
-1.2239999999999902
-1.175999999999989
-1.239999999999988
-1.274999999999987
-1.2039999999999895
-1.085999999999996
-0.8190000000000006
-0.5870000000000004
-0.44000000000000034
-0.3030000000000002
-0.1520000000000001
-0.054000000000000034
-0.018000000000000002
-0.002
-0.002
0.0
0.0
0.0
-0.008
-0.004
-0.032000000000000015
-0.08500000000000006
-0.17200000000000013
-0.4310000000000003
-0.5640000000000004
-0.8000000000000006
-0.9440000000000007
-1.1299999999999937
-1.3739999999999823
-1.4269999999999812
-1.418999999999982
-1.3199999999999843
-1.1819999999999868
-1.3339999999999805
-1.1429999999999945
-0.9080000000000007
-0.7330000000000005
-0.5110000000000003
-0.2870000000000002
-0.18800000000000014
-0.06300000000000004
-0.024000000000000007
0.0
0.0
0.0
0.0
0.0
-0.008
-0.006
-0.04000000000000002
-0.17800000000000013
-0.2890000000000002
-0.5070000000000003
-0.6580000000000005
-1.0080000000000005
-1.1409999999999936
-1.21799999999999
-1.3789999999999842
-1.328999999999986
-1.2789999999999864
-1.3119999999999832
-1.2349999999999848
-1.289999999999987
-1.2359999999999915
-0.9400000000000007
-0.8370000000000006
-0.6230000000000004
-0.36700000000000027
-0.2590000000000002
-0.11200000000000009
-0.034000000000000016
0.0
0.0
0.0
0.0
0.0
-0.008
-0.02500000000000001
-0.09400000000000007
-0.24000000000000019
-0.32100000000000023
-0.5370000000000004
-0.8380000000000006
-1.0189999999999997
-1.1799999999999913
-1.2009999999999912
-1.1869999999999907
-1.1849999999999918
-1.1109999999999949
-1.2249999999999903
-1.2939999999999863
-1.243999999999987
-1.3369999999999853
-1.02
-0.7630000000000006
-0.6500000000000005
-0.35300000000000026
-0.3090000000000002
-0.09600000000000007
-0.04100000000000002
0.0
0.0
0.0
0.0
0.0
-0.006
-0.007
-0.09000000000000007
-0.22400000000000017
-0.2980000000000002
-0.5610000000000004
-0.7810000000000006
-1.0689999999999973
-1.3179999999999885
-1.1299999999999943
-1.087999999999996
-0.9190000000000007
-0.9000000000000007
-1.0020000000000004
-1.215999999999989
-1.3839999999999832
-1.3039999999999883
-0.9100000000000007
-0.8600000000000007
-0.6040000000000004
-0.33700000000000024
-0.25200000000000017
-0.12500000000000008
-0.032000000000000015
0.0
0.0
0.0
0.0
0.0
-0.009000000000000001
-0.033000000000000015
-0.16600000000000012
-0.22900000000000018
-0.3180000000000002
-0.5480000000000004
-0.8470000000000006
-1.1079999999999963
-1.1009999999999942
-1.0219999999999994
-1.0090000000000003
-0.9020000000000007
-0.9600000000000007
-1.1519999999999957
-1.2669999999999864
-1.4679999999999784
-1.3839999999999857
-1.1239999999999943
-0.9560000000000007
-0.5210000000000004
-0.2620000000000002
-0.20700000000000016
-0.07500000000000005
-0.012
0.0
0.0
0.0
0.0
0.0
-0.001
-0.02500000000000001
-0.10600000000000008
-0.16400000000000012
-0.3070000000000002
-0.6220000000000004
-0.8100000000000006
-1.1009999999999955
-1.168999999999992
-1.1189999999999936
-0.9980000000000008
-0.9110000000000007
-0.9980000000000008
-1.1329999999999951
-1.226999999999987
-1.399999999999978
-1.2119999999999886
-1.0799999999999963
-0.8930000000000007
-0.44300000000000034
-0.22200000000000017
-0.17500000000000013
-0.10200000000000008
-0.004
0.0
0.0
0.0
0.0
0.0
-0.002
-0.030000000000000013
-0.06400000000000004
-0.16900000000000012
-0.3040000000000002
-0.6900000000000005
-1.047999999999999
-1.1059999999999948
-1.1359999999999923
-1.20799999999999
-0.9560000000000007
-0.9390000000000007
-1.232999999999993
-1.2759999999999867
-1.3759999999999821
-1.379999999999982
-1.1929999999999876
-1.0989999999999953
-0.7950000000000006
-0.47700000000000037
-0.2460000000000002
-0.16700000000000012
-0.07500000000000005
-0.004
0.0
0.0
0.0
0.0
0.0
0.0
-0.02800000000000001
-0.04800000000000003
-0.19200000000000014
-0.46400000000000036
-0.6840000000000005
-0.8820000000000007
-1.162999999999992
-1.1469999999999916
-1.264999999999989
-1.083999999999997
-1.0419999999999985
-1.0829999999999953
-1.1509999999999907
-1.4989999999999817
-1.2149999999999865
-1.252999999999986
-0.9750000000000008
-0.8520000000000006
-0.5450000000000004
-0.3100000000000002
-0.16500000000000012
-0.09300000000000007
-0.003
0.0
0.0
0.0
0.0
0.0
0.0
-0.030000000000000013
-0.09300000000000007
-0.33500000000000024
-0.5060000000000003
-0.6900000000000005
-0.8590000000000007
-1.0439999999999983
-1.1629999999999932
-1.2049999999999923
-1.1419999999999935
-1.2379999999999924
-1.1499999999999921
-1.2369999999999888
-1.4539999999999804
-1.3479999999999819
-1.214999999999989
-1.0909999999999955
-0.8500000000000006
-0.5710000000000004
-0.2950000000000002
-0.20600000000000016
-0.10500000000000008
-0.01
-0.01
0.0
0.0
0.0
0.0
0.0
-0.002
-0.09300000000000007
-0.3030000000000002
-0.4230000000000003
-0.6550000000000005
-1.0459999999999992
-1.0000000000000007
-1.2079999999999922
-1.0529999999999982
-1.2569999999999906
-1.0759999999999972
-1.1649999999999927
-1.2869999999999853
-1.2189999999999868
-1.5409999999999753
-1.2249999999999908
-1.1499999999999932
-0.8930000000000007
-0.5900000000000004
-0.31900000000000023
-0.1480000000000001
-0.08200000000000006
-0.030000000000000013
0.0
0.0
0.0
0.0
0.0
0.0
-0.024000000000000007
-0.1500000000000001
-0.3050000000000002
-0.44500000000000034
-0.6810000000000005
-0.8620000000000007
-0.8280000000000006
-0.8780000000000007
-0.9880000000000008
-1.0509999999999986
-0.9740000000000008
-1.1299999999999957
-1.3459999999999854
-1.3499999999999839
-1.3819999999999824
-1.3089999999999868
-1.0819999999999965
-0.8440000000000006
-0.5240000000000004
-0.3750000000000003
-0.20400000000000015
-0.10600000000000008
-0.008
-0.006
-0.006
0.0
0.0
0.0
-0.012
-0.034000000000000016
-0.1400000000000001
-0.3070000000000002
-0.5840000000000004
-0.6770000000000005
-0.8020000000000006
-0.9070000000000007
-0.8830000000000007
-0.9490000000000007
-1.01
-0.9440000000000007
-1.138999999999996
-1.1039999999999948
-1.3709999999999853
-1.2069999999999883
-1.1909999999999918
-1.0439999999999983
-0.8160000000000006
-0.47200000000000036
-0.35000000000000026
-0.17400000000000013
-0.04700000000000003
-0.024000000000000007
-0.006
-0.006
0.0
0.0
0.0
-0.024000000000000007
-0.04200000000000002
-0.11800000000000009
-0.2490000000000002
-0.5810000000000004
-0.5770000000000004
-0.6630000000000005
-0.8600000000000007
-1.0230000000000001
-1.0679999999999987
-1.0090000000000001
-0.9910000000000008
-1.1209999999999958
-1.1789999999999934
-1.2799999999999874
-1.2299999999999895
-1.0189999999999992
-1.0349999999999993
-0.7290000000000005
-0.45700000000000035
-0.2610000000000002
-0.11200000000000009
-0.022000000000000006
-0.018000000000000002
0.0
0.0
0.0
0.0
0.0
-0.012000000000000004
-0.02700000000000001
-0.1300000000000001
-0.3060000000000002
-0.4860000000000004
-0.6320000000000005
-0.7210000000000005
-0.7890000000000006
-0.8660000000000007
-1.0529999999999977
-1.0809999999999964
-1.2529999999999912
-1.2309999999999937
-1.1379999999999943
-1.2409999999999883
-1.1819999999999908
-0.9420000000000007
-0.9770000000000008
-0.7030000000000005
-0.35300000000000026
-0.17800000000000013
-0.11700000000000009
-0.009000000000000001
0.002
0.0
0.0
0.0
0.0
0.0
-0.002
-0.020000000000000004
-0.08500000000000006
-0.22900000000000018
-0.2810000000000002
-0.6690000000000005
-0.6640000000000005
-0.7510000000000006
-0.9760000000000008
-1.0899999999999948
-1.1129999999999938
-1.2469999999999881
-1.2339999999999922
-1.0549999999999966
-1.177999999999992
-1.1239999999999954
-0.8720000000000007
-0.8050000000000006
-0.5360000000000004
-0.25400000000000017
-0.11500000000000009
-0.08100000000000006
-0.004
-0.002
0.002
0.0
0.0
0.0
0.0
0.0
-0.006
-0.05800000000000004
-0.1350000000000001
-0.17700000000000013
-0.44400000000000034
-0.6280000000000004
-0.7250000000000005
-0.8920000000000007
-1.0489999999999977
-1.1249999999999947
-1.0479999999999983
-1.023999999999999
-0.9530000000000007
-1.061999999999998
-0.9360000000000007
-0.7000000000000005
-0.6500000000000005
-0.4020000000000003
-0.20900000000000016
-0.09700000000000007
-0.03500000000000002
-0.001
0.0
0.0
0.0
0.0
0.0
0.0
0.0
-0.002
-0.018000000000000002
-0.09300000000000007
-0.20100000000000015
-0.2680000000000002
-0.45400000000000035
-0.5570000000000004
-0.7290000000000005
-0.7810000000000006
-0.9530000000000007
-0.9530000000000007
-0.7670000000000006
-0.8620000000000007
-0.8350000000000006
-0.7410000000000005
-0.4960000000000004
-0.3860000000000003
-0.2920000000000002
-0.1430000000000001
-0.05000000000000003
-0.03600000000000002
-0.002
0.0
0.0
0.0
0.0
0.0
0.0
0.0
0.0
-0.003
-0.003
-0.12800000000000009
-0.1330000000000001
-0.21000000000000016
-0.3110000000000002
-0.47500000000000037
-0.45900000000000035
-0.5900000000000004
-0.5580000000000004
-0.5640000000000004
-0.5620000000000004
-0.3870000000000003
-0.35400000000000026
-0.25100000000000017
-0.20100000000000015
-0.16500000000000012
-0.04700000000000003
-0.022000000000000006
-0.022000000000000006
0.0
0.0
0.0
0.0
0.0
0.0
0.0
0.0
0.0
0.0
-0.002
-0.04800000000000003
-0.11800000000000009
-0.1580000000000001
-0.16800000000000012
-0.18500000000000014
-0.18600000000000014
-0.18800000000000014
-0.25100000000000017
-0.2960000000000002
-0.2620000000000002
-0.16900000000000012
-0.1500000000000001
-0.1430000000000001
-0.1340000000000001
-0.1240000000000001
-0.029000000000000012
-0.030000000000000013
0.0
0.0
0.0
0.0
0.0
0.0
0.0
0.0
0.0
0.0
0.0
-0.006
-0.019000000000000003
-0.031000000000000014
-0.04000000000000002
-0.054000000000000034
-0.016
-0.024000000000000007
-0.022000000000000006
-0.029000000000000012
-0.054000000000000034
-0.07300000000000005
-0.06600000000000004
-0.05300000000000003
-0.056000000000000036
-0.03800000000000002
-0.02800000000000001
-0.005
0.0
0.0
0.0
0.0
0.0
0.0
0.0
0.0
