0.9030000000000007
0.0
0.0
-0.002
-0.3940000000000003
0.3840000000000003
-0.35300000000000026
0.026000000000000016
-0.6410000000000005
0.0
0.8590000000000008
-0.0199999999999997
-0.07900000000000225
-0.2719999999999991
0.332
-0.31400000000000017
-0.4110000000000003
0.003
-0.48800000000000027
-0.06399999999999911
0.10500000000000018
0.19000000000000195
-0.10999999999998374
-1.3899999999999675
-0.20400000000000015
-0.03000000000000002
1.504999999999969
-0.7200000000000005
0.2470000000000016
0.2350000000000001
-0.07900000000000035
-0.35400000000000026
0.6460000000000005
0.0
-0.3860000000000003
-0.4130000000000003
-0.013999999999997785
0.12700000000000122
-0.07800000000000011
0.32700000000000023
0.5980000000000004
0.026000000000000016
0.8280000000000005
-0.016000000000000063
-0.3050000000000005
-0.125
0.10900000000000015
-0.1219999999999998
-0.07800000000000006
0.0
