0.21000000000000005
0.0
0.0
0.0
0.0
0.0
0.0
0.0
0.0
0.0
0.0
0.0
0.0
0.0
0.0
0.0
0.0
0.0
0.0
0.0
0.0
0.0
-0.05
0.24999999999999997
0.09000000000000004
-0.7600000000000003
-0.26999999999999996
0.0
0.0
0.0
0.0
0.0
0.0
-0.01
0.38000000000000006
0.3699999999999999
-0.34000000000000014
-0.08000000000000013
0.020000000000000004
-0.22999999999999984
-0.08000000000000006
-0.14999999999999974
-1.0061396160665481E-16
-0.6300000000000002
-0.03
0.0
0.0
0.0
-0.03
-0.3400000000000001
-0.55
-0.22
-0.6300000000000007
-0.8200000000000008
-1.0900000000000005
0.3499999999999999
0.7499999999999999
-0.6100000000000002
-0.6300000000000001
-0.19
0.0
0.0
0.0
-0.11000000000000001
-0.25
0.42000000000000015
0.03
0.26999999999999996
0.8300000000000003
0.07999999999999974
-0.11999999999999944
0.04000000000000021
-0.08999999999999955
-0.26
-0.07
0.0
0.0
-0.02
-0.08
-0.18
-0.6900000000000002
0.05999999999999991
-0.1999999999999984
0.7299999999999999
0.65
-0.4199999999999997
-0.6199999999999998
-0.6500000000000004
-0.11000000000000001
-0.10999999999999999
0.0
0.0
0.0
0.0
-0.03
-0.4600000000000001
-1.4100000000000008
0.06999999999999984
1.07
0.3799999999999988
0.08000000000000043
-0.6199999999999999
-0.41000000000000014
-0.25
-0.07
0.0
0.0
0.0
0.0
-0.05
-0.3700000000000001
-0.5300000000000001
0.6200000000000002
1.0300000000000002
0.76
0.43999999999999895
-0.4099999999999995
-0.36
-0.060000000000000005
0.0
0.0
0.0
0.0
0.01
-0.23000000000000004
-0.7000000000000002
-1.3877787807814457E-16
0.32999999999999996
0.65
0.14000000000000015
-0.5599999999999999
-0.49000000000000044
-0.33999999999999997
-0.17
-0.09000000000000001
0.0
0.0
0.0
-0.08
-0.8200000000000004
-0.4000000000000002
0.25000000000000017
-0.6200000000000001
0.57
-0.05999999999999964
-0.10000000000000006
0.30000000000000004
0.44000000000000017
-0.13
-0.05
0.0
0.0
0.0
-0.11999999999999998
0.10000000000000005
-0.5
0.9000000000000005
0.15000000000000002
-0.8099999999999997
0.08999999999999997
-0.59
0.6999999999999998
0.24999999999999994
-0.06
0.0
0.0
0.0
0.0
0.2700000000000001
0.1799999999999999
-0.17999999999999997
-0.2699999999999999
-0.03000000000000004
-0.2799999999999999
0.03999999999999966
1.1700000000000004
-0.24999999999999975
-0.6300000000000003
0.0
0.0
0.0
0.0
0.0
-0.1
-0.22000000000000003
-0.15999999999999998
-0.47000000000000003
-0.32000000000000006
-0.16999999999999998
-0.04
0.0
0.0
0.0
0.0
0.0
0.0
0.0
