-10325.55000164484
0.0
0.0
0.0
0.0
0.0
0.0
0.0
0.0
0.0
0.0
0.0
0.0
0.0
0.0
0.0
0.0
0.0
0.0
0.0
0.0
0.0
0.0
0.0
0.0
0.0
0.0
0.0
0.0
0.0
0.0
0.0
0.0
0.0
0.0
0.0
0.0
0.0
0.0
0.0
0.0
0.0
0.0
0.0
0.0
-39.70800000000256
-19.85400000000128
-9.92199999999994
-19.84399999999988
0.0
-19.84599999999988
-9.92299999999994
-19.84599999999988
0.0
0.0
0.0
0.0
0.0
0.0
0.0
0.0
0.0
0.0
0.0
0.0
0.0
0.0
0.0
0.0
0.0
-39.692000000002544
-109.20499999994786
-168.73100000014182
-317.60300000061505
-486.30600000045854
-565.6579999979014
-555.7529999987071
-387.0430000003445
-208.401000000423
-208.41600000035373
-99.247000000014
-49.63000000000676
-19.847999999999878
0.0
0.0
0.0
0.0
0.0
0.0
0.0
0.0
0.0
0.0
-19.849999999999877
-9.924999999999939
-29.77300000000072
-89.31399999998317
-198.4960000002925
-287.8070000004785
-446.65699999994433
-804.0189999935312
-1002.4309999885454
-1459.2029999776726
-1747.068999970626
-1687.316999971322
-1796.7029999692375
-1399.6699999788143
-1032.3589999872852
-744.52499999502
-317.64000000035486
-198.51300000029258
-69.49400000001206
-39.70800000000256
0.0
0.0
0.0
0.0
0.0
0.0
0.0
0.0
-19.86399999999987
-119.13599999990375
-148.9490000000074
-297.867000000584
-526.1069999999484
-933.1939999901392
-1359.9599999800002
-1836.6449999682632
-2561.2309999838953
-2800.0210000092866
-3594.0100000411676
-3673.713000072045
-3892.1200000901104
-3762.7660000552028
-2968.802000007949
-2164.6399999698324
-1677.9399999722236
-1181.649999984778
-536.0329999993563
-377.3030000004243
-198.56900000025647
0.0
0.0
0.0
0.0
0.0
0.0
0.0
-9.925999999999938
-69.49400000001206
-278.00000000056195
-426.74600000037
-804.0659999931888
-1181.251999983742
-2174.1289999680785
-2889.284000010761
-3941.5520000796114
-4766.079000229331
-5421.3560003852635
-5828.290000489486
-6285.353000584034
-6027.102000540892
-5540.733000431627
-4825.388000265675
-4140.024000105256
-3762.7860000309506
-2491.918999980745
-1737.346999971359
-1102.0129999860833
-704.8439999964751
-129.14399999991656
-0.10400000000000008
0.0
0.0
0.0
0.0
0.0
-19.851999999999876
-148.95200000005596
-297.8360000003641
-952.8039999898531
-1260.7679999817792
-2372.9869999776097
-3633.990000036129
-5182.829000293057
-6672.176000605643
-7605.449000806811
-8548.658001006845
-8658.071001057871
-8241.391001014636
-8132.2100009705855
-7586.558000847854
-7119.280000712681
-5798.571000455495
-5053.528000276975
-3871.9310000665637
-2710.311999997626
-1856.3999999683365
-1002.6599999884032
-476.58700000056325
-168.8160000000994
-39.82600000000271
0.0
0.0
0.0
0.0
-39.710000000002566
-446.7350000010679
-625.3329999967328
-1300.2939999810183
-2392.6179999765163
-4021.17500003326
-5659.00500038187
-7207.9550007253565
-9282.538001137966
-10116.906001319612
-9998.347001320337
-9372.678001212596
-9224.179001174542
-8688.089001076363
-9263.77600115023
-8687.415001025902
-8151.0900009112875
-6245.173000551002
-5172.45300030973
-3435.033000044928
-2104.8289999657522
-1250.9629999824872
-675.1699999964351
-198.6210000003295
-59.71400000002701
0.0
0.0
0.0
-9.930999999999935
-218.41900000034792
-496.39100000008966
-1062.2499999870902
-1826.6409999686011
-3395.2700000158366
-4825.023000214629
-6731.2590006257005
-8855.691001064588
-9749.372001278929
-9798.919001307946
-9442.214001224658
-8598.327001041867
-7913.447000887506
-7973.177000899374
-8320.172000983375
-8528.662001027767
-8369.645000981896
-6909.918000699835
-5668.8780004181735
-4010.974000056023
-2194.2639999694447
-1082.3399999865178
-486.55999999995316
-218.54800000031543
-39.76000000000263
0.0
0.0
-39.70600000000256
-89.37499999998306
-218.38600000041396
-605.5399999982583
-1369.9489999799264
-2203.723999971212
-3425.3870000508937
-5221.958000324272
-7624.817000816275
-9024.721001126481
-9491.30900124455
-9869.021001298917
-8449.315000999539
-6851.2450006591225
-5908.387000462759
-7079.377000682393
-7783.997000876618
-8488.631001029162
-8587.751001036244
-6989.391000720166
-5132.858000318981
-3425.4730000295913
-1896.4409999673505
-804.4179999931805
-456.78500000122074
-39.74400000000261
-19.871999999999865
0.0
0.0
-19.85300000000128
-99.27099999998204
-208.46700000038865
-565.8119999986252
-1290.6129999811783
-2154.3919999694876
-3792.712000066991
-5996.754000465218
-8190.610000925192
-9312.330001185082
-9689.934001256834
-8865.938001076236
-6671.936000615149
-5153.409000257019
-5173.432000250054
-6592.997000570758
-7823.684000883648
-9024.633001132519
-8796.14700108059
-7237.999000741456
-4537.2240001704795
-2621.375999986442
-1271.0999999825783
-496.6470000008662
-148.92500000000726
0.0
0.0
0.0
0.0
-39.70600000000256
-59.56200000000185
-129.0440000000281
-595.6369999985868
-1082.1929999855067
-2144.420999968534
-4318.922000106861
-5996.817000489536
-7922.5000008885345
-9262.787001167731
-9094.621001135649
-7953.076000878581
-5332.34500035593
-4578.001000127612
-5342.3800002749185
-7069.9150006877735
-8965.117001108592
-9649.935001259892
-8548.279001042996
-6810.948000638596
-3971.3350000597948
-2164.5839999665923
-784.6759999943062
-268.2710000005546
-39.67400000000039
-19.85099999999988
-19.847999999999878
0.0
0.0
-19.849999999999877
-49.617000000006755
-99.29099999998202
-516.2990000005516
-1092.2019999856088
-2492.0049999829967
-4467.777000143584
-5966.902000491235
-8131.240000930058
-8637.757001060545
-8468.880001022426
-7317.6280007843125
-5054.309000329406
-5421.872000314791
-6583.111000566887
-8151.48100096054
-10106.811001364145
-9808.69100131017
-8250.647000978126
-6383.696000542131
-3624.1300000253773
-1598.6549999743463
-536.3679999990924
-288.0800000005908
-148.99600000000763
-29.850000000000723
-19.847999999999878
0.0
0.0
-9.924999999999939
-9.932999999999934
-109.30299999994769
-337.6500000000784
-1062.5249999865669
-2393.0799999812834
-4189.690000114337
-6234.96000054704
-8329.986000970368
-8757.01400107563
-9312.531001161648
-7089.22200076963
-6384.755000597995
-6771.894000639697
-8578.364001015976
-9937.929001358725
-11297.881001631698
-10533.124001442404
-8339.504000976996
-6205.111000482438
-3207.2690000134753
-1658.450999972827
-734.944999995137
-317.8210000004412
-119.1810000000041
-39.77800000000265
0.0
0.0
0.0
-19.849999999999877
-9.924999999999939
-129.1109999999164
-357.47600000013875
-1459.5929999779455
-2571.684999992419
-4348.767000150705
-6860.282000654724
-8498.662001010056
-8835.956001103234
-9650.142001242943
-8270.535000998178
-7883.598000888508
-8856.159001068798
-9917.909001327596
-11427.001001669158
-11664.749001720116
-10583.218001458063
-8259.93900095495
-5520.123000368815
-3316.2850000213602
-1886.4749999674684
-953.4569999898375
-357.62400000055874
-79.4620000000058
-19.851999999999876
0.0
0.0
0.0
0.0
-19.849999999999877
-109.16999999998977
-446.71800000016873
-1548.9549999755122
-2849.540000005701
-4706.171000215484
-6483.198000596495
-7923.29100091859
-9173.820001165934
-9381.81900120694
-8458.725001042685
-8528.420001027715
-9679.2570012431
-9957.341001361263
-10930.310001588885
-11843.84100174113
-10712.075001465939
-7832.9880008730715
-5500.371000365376
-3306.4740000287134
-1747.6039999701422
-1122.2579999856343
-436.98600000048935
-89.3750000000229
-49.651000000006775
0.0
0.0
0.0
0.0
-19.867999999999867
-287.8360000006276
-665.1439999965478
-1638.1879999732846
-2948.7990000100626
-4507.706000176662
-5897.664000492537
-7773.963000871911
-8647.629001051246
-8279.711000995929
-7882.909000906859
-7892.738000896467
-8339.282001008623
-9411.614001262176
-11009.922001576608
-11297.546001608249
-9887.955001301447
-7852.916000859238
-5351.397000345499
-3554.4750000403956
-1777.2509999693648
-1042.8069999869924
-456.9579999998263
-228.3760000004415
-59.59400000002687
0.0
0.0
0.0
0.0
-19.867999999999867
-178.6520000002463
-814.0329999930573
-1876.5449999676575
-2948.9470000060724
-4458.090000151141
-5689.007000429649
-6552.83100062462
-6969.656000711524
-6830.815000678156
-6940.429000676933
-7426.523000759848
-7902.728000909193
-9133.624001196575
-10444.118001446597
-10404.425001411399
-9243.255001158266
-7168.069000732173
-5331.3940003352345
-3504.766000029252
-1946.180999965828
-1141.8419999849598
-615.5969999979291
-188.6530000002685
0.0
0.0
0.0
0.0
0.0
-39.702000000002556
-258.10500000057453
-972.8699999888436
-1995.6369999642607
-3276.6980000189046
-4468.016000141594
-5699.529000393902
-6125.946000506733
-5818.548000465173
-6076.530000485362
-6086.5360004729155
-6562.699000585372
-7386.652000827834
-9560.366001245047
-9808.579001312932
-10265.367001362834
-8170.737000952786
-6870.466000661194
-5003.805000260288
-3018.4590000226
-1817.0139999683267
-1161.659999984523
-565.8939999986234
-238.24100000047017
-19.84399999999988
0.0
0.0
0.0
0.0
-69.47300000001209
-317.6680000003547
-1320.3349999805753
-2124.590999967904
-3763.3840000592777
-4596.958000202325
-4974.505000290978
-5212.725000349819
-5361.650000370204
-5719.618000416585
-6175.96600051477
-7059.339000712305
-8588.028001036297
-9451.251001224822
-9729.142001283664
-9233.173001170722
-7793.432000874187
-6363.925000547188
-4150.113000092615
-2909.200000002409
-1598.6609999736595
-1012.7479999885203
-595.7079999988156
-178.6700000001655
0.0
0.0
0.0
0.0
0.0
-79.39400000000103
-496.2790000006072
-1171.3009999837832
-2313.114999977221
-3792.653000073112
-4368.567000193528
-5540.329000405237
-6145.627000508693
-6274.841000552482
-6682.207000627211
-7397.174000792093
-8101.641000954528
-8964.984001139046
-9242.607001195584
-9481.255001225925
-8995.031001112504
-6622.066000649617
-5242.154000341613
-3882.2470000489448
-2234.158999971854
-1290.777999981068
-754.6249999943423
-367.26100000049615
-99.23699999998206
-0.006
0.0
0.0
0.0
0.0
-59.546000000001854
-406.9380000007362
-1022.4889999876991
-1945.7559999654852
-3226.5940000411497
-4140.27700014051
-5023.872000325403
-6026.537000509035
-6801.157000673679
-8111.796000919829
-8727.120001065556
-8995.09300114189
-9312.722001206683
-8995.141001126703
-8697.26600105337
-7555.684000812893
-5500.736000415131
-4418.527000144525
-2958.7600000069997
-1787.1919999695656
-1042.437999987396
-546.1009999995279
-158.81700000021226
-99.24199999998206
-19.85099999999988
0.0
0.0
0.0
0.0
-29.769000000000723
-228.2670000003777
-635.3469999975039
-1360.0769999798968
-2541.4999999858082
-3514.73000005249
-4309.039000161204
-5430.99100038938
-6801.082000664286
-7307.98400080195
-8260.716000995908
-8479.188001040926
-8429.455001010001
-7744.781000857936
-6662.710000644296
-5798.627000452363
-4518.030000173338
-3465.4360000159168
-1846.7219999680738
-1280.827999982304
-605.6579999975756
-287.89300000051566
-148.8610000000555
-29.774000000000722
-39.71400000000257
0.0
0.0
0.0
0.0
0.0
-119.10199999990382
-258.0640000005746
-705.0889999956904
-1340.3889999802336
-2273.6289999718842
-3326.585000019031
-4001.7310000939046
-5153.479000336586
-6146.172000553271
-6861.310000701409
-6880.904000699465
-6275.40200057437
-5520.696000418438
-5113.681000303341
-4498.210000139671
-3008.734000004811
-1976.0679999651163
-1231.1489999830387
-635.5329999972835
-327.6670000003803
-188.56700000022977
-119.08399999990387
-19.85999999999987
-19.85999999999987
0.0
0.0
0.0
0.0
0.0
0.0
-69.51500000001204
-218.45200000038116
-615.5629999979299
-1072.3379999860347
-1807.1169999688127
-2611.2999999976855
-3653.585000040325
-4070.562000103173
-4686.059000212124
-4398.405000166009
-4318.927000130063
-3772.9210000543876
-3137.737000017374
-2561.599999979652
-1668.0049999728997
-1012.8039999883835
-615.476999997709
-347.44000000048396
-168.75900000018478
-69.45599999999726
-39.684000000002534
0.0
0.0
0.0
0.0
0.0
0.0
0.0
0.0
0.0
-59.64600000002693
-387.238000000862
-575.9269999978216
-1072.389999986417
-1469.5819999770179
-1588.4439999732383
-2035.111999963171
-1896.1559999661993
-2164.2879999678407
-1876.4859999670737
-1697.6559999713756
-1300.5459999805903
-1032.5899999874125
-615.6079999974829
-347.540000000356
-218.52100000038152
-119.08899999995397
-49.62700000000676
-49.64500000000677
-59.58200000002685
0.0
0.0
0.0
0.0
0.0
0.0
0.0
0.0
0.0
-39.73000000000259
-248.14600000050044
-317.6220000001815
-595.48899999836
-635.1969999970754
-704.7469999945303
-853.6089999915491
-813.8809999923866
-744.5559999944664
-605.5489999973515
-625.4299999973888
-446.66899999994433
-377.21800000042435
-268.0120000005541
-99.30400000001403
-59.559000000001845
-29.771000000000722
-9.926999999999937
0.0
0.0
0.0
0.0
0.0
0.0
0.0
