0.49000000000000027
0.0
0.0
0.0
0.0
0.0
0.0
0.0
0.0
0.0
0.0
0.0
0.0
0.0
0.0
0.0
0.0
0.0
0.0
0.0
0.0
-0.02
-0.19999999999999998
-0.4100000000000001
0.05000000000000007
0.12000000000000001
0.5000000000000004
0.2700000000000001
0.0
-0.08
0.0
0.0
0.03
0.03
0.09999999999999988
0.07999999999999992
-0.45999999999999985
-0.23000000000000015
0.40999999999999726
0.8400000000000003
-0.2999999999999997
1.1600000000000015
-0.8500000000000004
-0.6800000000000003
-0.17
0.0
0.0
0.0
-0.02
-0.3400000000000001
-0.2600000000000002
-0.9300000000000004
-0.6800000000000002
-1.360000000000001
-1.930000000000001
0.48999999999999894
-0.1799999999999997
-0.059999999999999984
-0.32
-0.12999999999999998
0.0
0.0
-0.02
-0.21000000000000005
-0.4999999999999999
0.6200000000000002
0.6800000000000003
-0.430000000000001
0.6799999999999995
-0.5399999999999996
-0.38999999999999985
-1.12
-0.7900000000000003
-0.42000000000000004
-0.25
0.0
0.0
-0.04
-0.21000000000000005
-0.8300000000000004
-0.09000000000000001
-0.8200000000000004
-1.2000000000000006
0.16000000000000025
0.36999999999999805
0.16000000000000011
-1.4600000000000009
-0.8200000000000005
-0.31
-0.21
-0.07
0.0
0.0
-0.09
-0.26
-1.300000000000001
-1.640000000000001
0.030000000000000554
1.170000000000001
1.6900000000000008
-0.5599999999999982
-1.1500000000000008
0.4000000000000002
-0.31
0.26000000000000023
0.47000000000000025
0.0
0.0
-0.02
-0.09
-0.8200000000000002
0.07000000000000021
1.0400000000000003
2.040000000000001
1.6700000000000006
-0.7700000000000008
-0.8800000000000001
-0.039999999999999945
-0.1
-0.06
0.0
0.0
0.0
0.0
-0.32000000000000006
-0.3099999999999995
0.10999999999999996
-0.5000000000000018
2.3500000000000023
-0.7700000000000005
-1.370000000000001
0.3700000000000001
-0.3200000000000002
-0.44
-0.12999999999999998
-0.01
0.0
-0.01
-0.10999999999999999
-1.4100000000000008
-1.5400000000000005
1.7500000000000009
-0.3199999999999999
0.9900000000000013
-0.3299999999999996
0.619999999999999
0.5099999999999992
0.18999999999999984
-0.21999999999999992
-0.02
0.0
0.0
0.24000000000000007
0.9700000000000003
0.6800000000000003
0.38999999999999985
0.35999999999999954
-1.1700000000000002
0.020000000000000295
-0.35999999999999954
-0.1300000000000005
0.9100000000000001
-0.20999999999999994
-0.5700000000000003
0.0
0.0
0.0
0.2700000000000001
0.08999999999999991
-0.6500000000000001
-0.7600000000000003
-0.019999999999999934
0.8099999999999998
-0.4699999999999994
0.5100000000000001
1.1400000000000006
0.29999999999999993
-1.2200000000000006
-0.17
0.0
0.0
0.0
0.0
0.0
-0.09
-0.31
0.09000000000000002
-0.4700000000000001
-0.46000000000000024
-0.36000000000000004
-0.42000000000000015
-0.16
0.0
0.0
0.0
0.0
0.0
