0.9120000000000007
0.0
0.0
0.0
-1.1399999999999957
0.43600000000000033
-1.061999999999989
-0.005
0.5290000000000005
0.0
0.5640000000000004
-0.12300000000000365
-0.09999999999999976
-0.1750000000000007
0.002999999999998863
-0.08500000000000593
-0.4230000000000003
-0.03400000000000002
-0.6100000000000004
-0.0070000000000011355
0.017999999999997233
0.0960000000000119
0.12200000000000155
-0.3110000000000002
0.26100000000000023
0.0
0.6690000000000005
-0.3710000000000003
0.09300000000001139
0.19800000000000012
-0.1489999999999982
-0.1940000000000001
-0.1380000000000001
0.0
-0.23500000000000018
-0.23200000000000193
-0.035000000000001454
0.020000000000005277
0.054999999999998946
0.05300000000000334
1.0800000000000187
-0.060000000000000046
0.4890000000000004
-0.035999999999998894
-0.1220000000000005
-0.10899999999999926
0.18400000000000016
0.46300000000000036
-0.3140000000000002
0.0
