0.06200000000000004
0.0
0.0
0.0
0.0
0.0
0.0
0.0
0.0
0.0
0.0
0.0
0.0
0.0
0.0
0.0
0.0
0.0
0.0
0.0
0.0
-0.07200000000000005
-0.1510000000000001
0.06900000000000005
0.1430000000000001
-0.03100000000000002
0.05100000000000003
0.03400000000000002
0.0
-0.008
0.0
0.0
0.0
0.01900000000000001
0.1460000000000001
0.04800000000000003
-0.09000000000000007
-0.07000000000000002
0.09100000000000008
0.022999999999999764
-0.016000000000000004
0.12100000000000008
-0.05099999999999997
-0.03199999999999999
-0.037000000000000026
-0.002
0.0
0.0
0.07800000000000006
0.09200000000000008
-0.08600000000000003
-0.09800000000000006
-0.02100000000000006
-0.16300000000000012
-0.2800000000000002
0.06100000000000008
-0.08599999999999998
-0.1220000000000001
-0.1340000000000001
-0.06600000000000003
-0.002
0.0
0.013000000000000005
-0.059000000000000045
-0.09300000000000005
-0.1580000000000001
-0.02700000000000004
0.07199999999999998
0.08500000000000005
0.041000000000000106
-0.02400000000000006
0.02099999999999993
-0.08300000000000005
-0.17100000000000012
-0.055000000000000014
-0.014000000000000005
0.0
0.0
-0.10500000000000007
0.029999999999999943
0.12100000000000007
0.010000000000000007
-0.07200000000000001
0.20700000000000016
0.09700000000000006
-0.10300000000000008
-0.03700000000000005
-0.21300000000000016
-0.04600000000000002
-0.03700000000000002
0.0
0.0
0.0
-0.013000000000000005
0.1870000000000001
0.004999999999999968
-0.20600000000000016
-0.01899999999999996
0.1490000000000001
0.1530000000000001
9.99999999999941E-4
-0.05900000000000001
-0.06800000000000003
-0.031000000000000007
-0.009000000000000001
0.0
0.0
0.0
-0.012000000000000004
-0.07200000000000005
0.05299999999999999
-0.19400000000000014
0.12400000000000008
0.09600000000000007
0.09200000000000005
-0.02300000000000005
-0.02499999999999994
-0.21000000000000016
-0.023
-0.004
0.0
0.0
0.0
-0.004
-0.018000000000000006
-0.04799999999999999
0.11900000000000008
-0.2620000000000002
0.17800000000000013
-0.09100000000000001
-0.1430000000000001
-0.007000000000000047
-0.06300000000000001
-0.04400000000000001
-0.01
0.0
0.0
-0.001
-0.03600000000000002
-0.19700000000000015
-0.05500000000000002
0.11000000000000007
0.10500000000000007
6.071532165918825E-17
0.07800000000000001
-0.06899999999999995
0.1500000000000001
0.01800000000000001
-0.018000000000000023
0.10000000000000007
0.0
0.0
0.04400000000000003
0.12000000000000008
0.11900000000000005
-0.07800000000000003
0.08400000000000003
0.009000000000000067
-0.05200000000000006
-0.07600000000000004
-0.017000000000000053
0.046
0.15800000000000008
0.17700000000000013
0.2600000000000002
0.0
0.0
0.047000000000000035
-0.02800000000000001
-0.1790000000000001
-0.06300000000000001
0.029000000000000095
-0.07700000000000011
0.14600000000000007
0.1070000000000001
0.062000000000000124
0.1380000000000001
-0.007999999999999997
-0.03700000000000002
0.0
0.0
0.0
0.0
-0.001
-0.006
-0.01
-0.031000000000000014
-0.08400000000000006
-0.04500000000000003
-0.02600000000000001
-0.017000000000000008
-0.027000000000000003
-0.013000000000000001
-0.003
0.0
0.0
0.0
