41.17000000000038
0.0
0.0
-3.3400000000000025
-2.8799999999999226
-1.4600000000000053
-2.9999999999999023
2.6999999999999864
0.3299999999999538
-0.1
-0.9099999999999979
-0.5699999999999898
-0.7100000000000449
-1.160000000000343
-0.4400000000000502
-0.7799999999995204
-7.300000000000015
-0.2800000000000001
-5.690000000000198
-0.5799999999999215
0.2700000000000967
1.2599999999998945
0.3100000000000212
-1.8699999999999364
1.1599999999999124
8.249999999999844
2.2099999999999107
-2.199999999999279
0.14999999999998126
0.9399999999998095
-0.6299999999999221
-0.7099999999999556
-1.2800000000000005
1.4200000000000008
-3.4999999999997558
-1.359999999999866
-0.009999999999991738
0.030000000000018553
-0.27999999999995334
-0.9299999999999556
1.3699999999999941
1.290000000000001
1.7599999999998754
-1.75
-1.4699999999998519
-1.7899999999999905
0.010000000000006044
-1.0500000000000005
-0.6800000000000003
0.0
