0.03200000000000002
0.0
0.0
0.0
0.0
0.0
0.0
0.0
0.0
0.0
0.0
0.0
0.0
0.0
0.0
0.0
0.0
0.0
0.0
0.0
0.0
0.0
0.0
0.0
0.0
0.0
0.0
0.0
0.0
0.0
0.0
0.0
0.0
0.0
0.0
0.0
0.0
0.0
0.0
0.0
0.0
0.0
0.0
0.0
0.0
-0.002
-0.001
-0.002
0.0
0.0
0.0
0.0
0.0
0.0
0.0
0.0
0.0
0.0
0.0
0.0
0.0
0.0
0.0
0.0
0.0
0.0
0.0
0.0
0.0
0.0
0.0
0.0
0.0
0.0
-0.002
-0.001
-0.004
-0.001
-0.002
0.0
0.0
0.0
0.0
0.0
0.0
0.0
0.0
0.0
0.0
0.0
0.0
0.0
0.0
0.0
0.0
0.0
0.0
-0.002
-0.007
0.003
0.005
0.001
-0.005
0.008
0.0
0.015000000000000001
0.0
0.012
-0.002
0.006
0.0
0.0
0.0
0.0
0.0
0.0
0.0
0.0
0.0
0.0
0.0
0.0
0.0
0.0
0.0
-0.01
0.001
0.007000000000000001
0.022
-0.005
-0.014
0.008
-0.014000000000000002
0.009000000000000001
0.013000000000000001
-0.015000000000000001
0.003
0.002
0.007000000000000001
0.003
-0.002
0.0
0.0
0.0
0.0
0.0
0.0
0.0
0.0
0.0
0.0
0.0
0.016
0.003
-0.005
-0.005
-0.024000000000000007
0.018999999999999996
-0.016
0.021000000000000005
0.0010000000000000009
0.007000000000000002
-0.018000000000000002
-0.010999999999999992
0.011999999999999999
0.023000000000000007
0.003000000000000001
0.011000000000000003
0.003
-0.002
-0.003
0.0
0.0
0.0
0.0
0.0
0.0
0.0
0.0
0.0
0.0
0.004
-0.006
0.011000000000000003
-0.002
0.003
-0.019000000000000003
-0.011000000000000003
-0.023000000000000007
0.019999999999999997
0.012000000000000007
-0.011999999999999986
-0.008
0.002
0.008999999999999998
0.005
-0.011
0.011000000000000003
-0.003
-0.005
0.0
0.0
0.0
0.0
0.0
0.0
0.0
0.01
0.01
0.008
0.001
-0.006
0.001
-0.010999999999999996
-0.019000000000000003
-0.024000000000000007
-0.033000000000000015
-0.03800000000000002
0.005
1.3877787807814457E-17
-0.019000000000000003
0.013000000000000001
0.013
0.015999999999999993
0.010000000000000002
-0.002
-0.019000000000000003
-0.014000000000000002
-0.014
-0.002
-0.002
0.0
0.0
0.0
0.0
0.0
0.01
0.01
-0.003
-0.004
0.007
0.003
-0.020000000000000004
-0.021000000000000005
-0.009000000000000011
0.006
-0.00899999999999999
-0.012000000000000004
0.01800000000000001
0.022000000000000006
-0.007000000000000004
0.016000000000000007
-0.001
-0.007
-0.019000000000000003
-0.020000000000000004
-0.009000000000000001
-0.006
-0.002
-0.002
0.0
0.0
0.0
0.0
0.0
0.0
-0.001
-0.004
-0.004
-0.008
0.008
-0.011999999999999999
-0.009000000000000001
-0.02700000000000001
-0.023000000000000007
0.001
0.041000000000000016
0.02500000000000001
-0.0020000000000000044
-0.011000000000000013
-0.014999999999999994
-0.018000000000000002
-0.010000000000000005
-0.022000000000000006
-0.022000000000000006
-0.019000000000000003
-0.015
-0.010000000000000002
0.0
0.0
0.0
0.0
0.0
0.0
0.0
-0.001
-0.002
-0.007
-0.009000000000000001
-0.006999999999999999
0.023000000000000007
-0.022
-8.673617379884035E-19
-0.003
0.022000000000000006
0.031000000000000014
0.010999999999999996
0.019000000000000003
-0.015999999999999993
-0.007
-0.005
-0.011000000000000006
-0.024000000000000007
-0.023000000000000007
-0.021000000000000005
-0.015000000000000001
-0.003
-0.002
0.0
0.0
0.0
0.0
0.0
0.0
-0.002
-0.001
-0.001
0.003
0.014
-0.005
-0.008000000000000004
-0.005000000000000001
0.005
0.005999999999999993
0.029000000000000012
0.003
-0.005
-0.011999999999999999
-0.012
-0.022000000000000006
-0.022000000000000006
-0.007
-0.011000000000000001
-0.002
-0.008
-0.004
-0.004
0.0
0.0
0.0
0.0
0.0
0.0
0.0
-0.001
0.009000000000000001
0.0
0.007
-0.017
-0.02500000000000001
-0.03800000000000002
0.015
0.011000000000000001
0.020000000000000004
0.022000000000000006
-0.007999999999999998
0.012000000000000002
-0.009000000000000001
0.002
-0.033000000000000015
-0.015000000000000001
-0.005
-0.002
-0.002
-0.004
0.0
0.0
0.0
0.0
0.0
0.0
0.0
0.0
-0.002
-0.001
-0.004
0.005
-0.004
-0.04700000000000003
-0.02800000000000001
0.012999999999999998
8.673617379884035E-19
0.02500000000000001
0.014000000000000012
0.022
0.005000000000000002
-0.005000000000000004
-0.005
-0.017
-0.015
-0.003
-0.002
-0.002
-0.004
0.0
0.0
0.0
0.0
0.0
0.0
0.0
0.0
0.0
-0.002
-0.005
-0.020000000000000004
-0.024000000000000007
-0.032000000000000015
-0.004000000000000007
0.022000000000000006
0.023000000000000007
0.004999999999999997
0.003000000000000006
0.005000000000000007
0.001
-0.01
-0.021000000000000005
-0.009000000000000001
-0.004
-0.006
-0.006
-0.004
0.0
0.0
0.0
0.0
0.0
0.0
0.0
0.0
-0.002
0.0
0.0
0.002
-0.008
-0.021000000000000005
-0.029000000000000012
0.012999999999999998
0.02500000000000001
0.014000000000000012
0.006999999999999997
0.023000000000000013
0.023000000000000007
-0.012000000000000007
-0.016
-0.010000000000000002
-0.005
-0.006
-0.003
-0.003
-0.002
0.0
0.0
0.0
0.0
0.0
0.0
0.0
0.0
-0.001
-0.001
0.002
-0.006
-0.017
-0.02700000000000001
-0.006
-9.999999999999983E-4
-0.009999999999999995
0.049000000000000044
0.017999999999999995
0.02000000000000001
-0.017
-5.204170427930421E-18
-0.018000000000000002
-0.031000000000000014
-0.015
-0.01
-0.005
-0.003
-0.002
-0.001
0.0
0.0
0.0
0.0
0.0
0.0
-0.002
-0.002
0.002
-0.012
-0.014
0.0
-0.005000000000000001
0.006
-0.002
0.012000000000000002
0.02100000000000001
0.027000000000000024
0.001
0.0
-0.012000000000000004
-0.012
-0.016
-0.007
-0.008
-0.002
-0.002
-0.001
-0.002
0.004
0.0
0.0
0.0
0.0
0.0
-0.001
-0.002
-0.004
-0.018000000000000002
-0.018000000000000002
-0.008
-0.011000000000000003
-0.009000000000000005
-0.012000000000000002
0.005999999999999997
-0.001
0.032000000000000015
-0.009000000000000001
0.0
0.005
-0.009999999999999998
0.006
0.005
0.009000000000000001
0.007
0.007000000000000001
0.008
0.0
0.004
0.004
0.0
0.0
0.0
-0.001
-0.002
-0.005
-0.012000000000000002
-0.023000000000000007
-0.032000000000000015
-0.018000000000000002
0.012999999999999994
-0.007
0.011000000000000001
0.030000000000000006
0.0060000000000000175
-0.0029999999999999983
-0.007
-0.009000000000000001
-0.04100000000000002
-0.006
0.023000000000000007
-0.007
0.002
-0.009000000000000001
-0.003
0.005
0.012
0.0
0.004
0.0
0.0
0.0
-0.001
0.01
0.01
-0.01
0.019000000000000003
0.006
0.018000000000000002
-0.004
-0.001
0.010000000000000002
0.02500000000000001
-0.015999999999999997
0.018000000000000023
-0.005999999999999997
0.029000000000000012
-0.013000000000000006
-0.007
0.011000000000000001
-0.003
-0.001
-0.007
0.008
0.004
0.012
0.0
0.0
0.0
0.0
0.0
0.0
0.004
0.003
-0.002
0.032000000000000015
-0.023000000000000007
0.014000000000000009
-0.002
-0.02800000000000001
-0.017999999999999995
-0.006
0.012
-0.007999999999999986
-0.02100000000000001
0.017
0.009000000000000001
-0.014000000000000002
0.014999999999999996
0.024000000000000007
0.005
0.01
0.0
0.012
0.0
0.0
0.0
0.0
0.0
0.0
0.0
0.01
0.008
0.01
0.034000000000000016
0.006
0.019999999999999997
0.02700000000000001
9.99999999999993E-4
-0.012000000000000004
0.010000000000000002
-0.006
0.004
0.01200000000000001
-0.034000000000000016
-0.004000000000000001
-0.012
-0.02700000000000001
0.0
-0.005
-0.002
0.0
0.0
0.0
0.0
0.0
0.0
0.0
0.0
0.0
-0.001
0.003
0.007
0.013
0.002
-0.002
-0.004
0.004
0.005
-0.03700000000000002
-0.033000000000000015
0.02600000000000001
0.007
0.001
0.024000000000000007
0.016
0.002
0.006
-0.014
0.0
0.0
0.0
0.0
0.0
0.0
0.0
0.0
0.0
0.0
-0.002
-0.002
-0.002
0.0
0.001
0.004
-0.016
0.004000000000000001
-0.005000000000000001
-0.013000000000000001
0.018000000000000002
0.012999999999999998
0.012
0.020000000000000004
0.008
0.005
0.002
0.015000000000000001
-0.014
0.0
0.0
0.0
0.0
0.0
0.0
0.0
0.0
0.0
0.0
0.0
0.0
0.0
0.0
-0.004
-0.007
-0.006
-0.011000000000000003
-0.008
-0.015000000000000001
-0.010000000000000002
-0.001
-0.013000000000000001
-0.003
-0.002
0.0
0.0
0.0
0.0
0.0
0.0
0.0
0.0
0.0
0.0
0.0
0.0
0.0
0.0
0.0
0.0
0.0
0.0
-0.002
-0.001
-0.002
-0.008
-0.007
-0.008
0.0
0.0
-0.002
0.0
0.0
0.0
0.0
0.0
0.0
0.0
0.0
0.0
0.0
0.0
0.0
0.0
0.0
