39.0500000000008
0.0
0.0
-0.07
-5.469999999999999
-1.120000000000002
-4.159999999999714
-0.5299999999999991
-1.150000000000001
-0.02
0.2000000000000146
-0.25000000000001055
-0.2900000000000219
-0.7799999999998694
0.16999999999994128
-1.1199999999999208
-8.449999999999864
0.0
-3.0100000000001446
-0.14000000000002788
0.20000000000001236
0.3400000000002641
0.1299999999999675
-3.220000000000175
2.909999999999854
5.019999999999868
3.4699999999998985
-1.8699999999997727
0.5500000000001646
0.7599999999997684
-0.6899999999997606
-0.16000000000000553
-7.290000000000015
-0.8300000000000005
-0.6800000000000006
-1.5799999999997454
0.1199999999999812
0.4000000000000562
-0.019999999999969972
-1.0300000000001344
4.989999999999637
2.999999999999947
1.6399999999999288
-2.2400000000002938
-1.7899999999999565
-1.1199999999999393
0.09000000000001404
0.4600000000000073
-0.02
0.0
