5.0599999999999365
0.0
0.0
0.0
0.0
0.0
0.0
0.0
0.0
0.0
0.0
0.0
0.0
0.0
0.0
0.0
0.0
0.0
0.0
0.0
-0.01
-1.490000000000001
-2.2000000000000015
-0.1500000000000001
-0.6399999999999998
-0.5700000000000004
-0.6600000000000001
0.12999999999999998
0.0
0.8700000000000006
0.0
0.0
0.0
-0.10999999999999999
3.1999999999999984
2.020000000000002
-0.5599999999999975
-2.789999999999953
-0.13999999999999857
0.7099999999999975
-1.119999999999998
0.7600000000000011
0.6100000000000002
-1.4100000000000015
0.3300000000000004
0.0
0.0
0.0
-0.9400000000000006
-2.3199999999999945
-0.21999999999999995
-3.2600000000000358
-0.39999999999999225
-2.470000000000113
-2.520000000000032
0.049999999999999954
1.2399999999999995
-2.9799999999999547
0.7000000000000014
-0.6600000000000004
0.0
0.0
0.0
-1.7400000000000013
-3.840000000000038
-0.25000000000000233
-0.7299999999999993
-0.23000000000000406
1.3599999999999832
-0.4000000000000007
-0.07000000000000077
-1.5600000000000007
-0.2699999999999989
-1.6100000000000012
-0.6600000000000004
-0.01
0.0
0.0
-2.1399999999999997
-1.8600000000000014
-0.12000000000000012
1.5700000000000005
-1.6600000000000028
2.439999999999991
1.4500000000000006
-1.6400000000000023
-2.380000000000038
-1.2500000000000009
-0.7900000000000001
-0.35000000000000003
0.0
0.0
0.0
-0.6900000000000003
4.560000000000029
0.9100000000000004
-4.899999999999981
1.79
3.5599999999998766
3.550000000000019
0.8799999999999978
-2.590000000000019
-2.0100000000000016
-0.22000000000000006
-0.03
0.0
0.0
0.0
0.7700000000000005
-1.3000000000000007
-0.9499999999999997
0.10000000000000168
0.47999999999998205
2.549999999999887
0.9700000000000022
-0.2500000000000048
-1.2600000000000007
-3.2499999999999885
-0.25000000000000006
-0.05
0.0
0.0
0.0
-0.25
-0.9200000000000004
1.4000000000000008
-2.2000000000000237
-3.759999999999982
3.5899999999999808
-0.1500000000000007
-3.6100000000000168
-0.7500000000000001
-1.690000000000001
-0.7900000000000005
0.23000000000000007
1.6900000000000013
0.0
-0.04
-0.7000000000000004
-4.059999999999971
-2.5
2.9700000000000717
-0.8700000000000041
1.2700000000000011
-0.0800000000000029
1.0599999999999996
2.880000000000016
-1.3500000000000005
-0.4700000000000013
3.0200000000000364
1.6400000000000012
0.0
0.3000000000000001
0.4599999999999996
1.990000000000001
1.3700000000000003
0.09999999999999895
0.5000000000000013
-2.029999999999959
2.990000000000018
-1.2399999999999978
-0.7200000000000009
1.1700000000000004
4.200000000000032
5.860000000000003
0.0
0.0
0.34000000000000014
2.11
2.430000000000009
-0.8499999999999999
1.2400000000000004
0.4899999999999998
-1.1999999999999986
-0.32000000000000345
4.609999999999899
0.9600000000000017
-2.9300000000000246
-0.3800000000000001
-0.11999999999999998
0.0
0.0
0.0
0.0
-1.2000000000000006
-2.4599999999999986
-3.410000000000003
-2.939999999999985
-0.7900000000000006
-2.600000000000002
-1.9000000000000015
-0.9600000000000006
-0.21000000000000005
0.0
0.0
0.0
0.0
