0.036000000000000025
0.0
0.0
0.0
0.0
0.0
0.0
0.0
0.0
0.0
0.0
0.0
0.0
0.0
0.0
0.0
0.0
0.0
0.0
0.0
0.0
0.0
0.0
0.0
0.0
0.0
0.0
0.0
0.0
0.0
0.0
0.0
0.0
0.0
0.0
0.0
0.0
0.0
0.0
0.0
0.0
0.0
0.0
0.0
0.0
0.0
0.0
0.0
0.0
0.0
0.0
0.0
0.0
0.0
0.0
0.0
0.0
0.0
0.0
0.0
0.0
0.0
0.0
0.0
0.0
0.0
0.0
0.0
0.0
0.0
-0.002
-0.005
-0.009000000000000001
-0.009000000000000001
-0.002
0.0
-0.002
-0.001
0.0
0.0
0.0
0.0
0.0
0.0
0.0
0.0
0.0
0.0
0.0
0.0
0.0
0.0
0.0
-0.002
-0.001
-0.001
-0.002
-0.005
-0.007
0.004
0.003
0.005
-0.01
0.008
0.007000000000000001
-0.001
0.006
0.017
0.0
0.01
-0.001
-0.002
0.0
0.0
0.0
0.0
0.0
0.0
0.0
0.0
0.0
0.008
-0.002
-0.001
0.015000000000000001
-0.003
0.017
0.021000000000000005
0.015000000000000003
-0.004
-0.02600000000000001
0.013000000000000001
-0.003999999999999999
0.006999999999999999
0.0020000000000000035
0.006999999999999998
0.001
0.010000000000000004
0.008
-0.008
-0.005
0.0
-0.006
0.0
0.0
0.0
0.0
0.0
0.0
0.0
0.0
-0.002
0.029000000000000012
0.006
-0.008
-0.012999999999999996
-0.012000000000000004
-0.001
-0.024000000000000007
-0.012
0.007
0.027000000000000003
-0.029000000000000012
0.010999999999999989
0.008000000000000004
0.025
0.0019999999999999974
0.003
0.008
-0.003
0.001
-0.008
-0.002
0.0
0.0
0.0
0.0
0.0
0.0
0.0
0.0
0.008
-0.004
0.004
-0.013999999999999995
0.009000000000000001
0.001
-0.013000000000000008
-0.013999999999999993
0.017
-0.019999999999999997
-0.033000000000000015
-0.013999999999999993
-0.003
0.02500000000000001
0.004
0.0020000000000000018
-0.004
-0.014
-0.004
-0.009000000000000001
-0.001
-0.002
0.0
0.0
0.0
0.0
0.008
0.008
0.006
-0.01
-0.010000000000000002
-0.014
-0.011000000000000001
-0.018000000000000002
-0.030000000000000013
-0.017
-0.008
-0.012999999999999996
-0.020999999999999998
-0.029999999999999992
-0.006000000000000004
0.02000000000000001
-0.001
0.020000000000000018
0.0
-0.011999999999999999
-0.003
-0.019000000000000003
-0.01
-0.001
-0.002
0.0
0.0
0.0
0.0
0.008
0.008
-0.002
-0.008
-0.008
-0.007
-0.020999999999999998
-0.014
-0.0040000000000000036
0.02000000000000001
-0.02700000000000001
0.0069999999999999975
0.030000000000000013
0.004
-0.006000000000000005
0.017
-0.011000000000000005
-0.004
0.001999999999999999
0.005
-0.02800000000000001
-0.020000000000000004
0.0
-0.002
0.0
0.0
0.0
0.0
0.0
0.0
0.0
-0.004
-0.005
-0.019000000000000003
0.012000000000000002
-0.004
-0.016
-0.008999999999999998
-0.04100000000000002
-0.002
0.009000000000000001
-0.0010000000000000035
0.02800000000000001
0.019000000000000017
-0.009000000000000005
-0.024000000000000014
0.011000000000000003
-0.019000000000000003
-0.018000000000000002
-0.023000000000000007
-0.009000000000000001
-0.010000000000000002
0.0
0.0
0.0
0.0
0.002
0.0
0.0
0.0
-0.002
-0.004
-0.015
0.003
0.015
-0.022000000000000006
0.016
0.01000000000000001
0.02600000000000001
0.02900000000000002
0.027000000000000017
0.009000000000000011
-0.014000000000000002
-0.008
0.003
-0.004
-8.673617379884035E-19
-0.020000000000000004
-0.021000000000000005
-0.01
0.008
-0.001
0.0
0.0
0.0
0.0
0.0
-0.004
-0.002
-0.002
-0.002
0.002
-0.007
-0.031000000000000014
-0.005999999999999997
-0.0070000000000000045
-0.02600000000000001
0.011000000000000008
0.012000000000000038
0.022000000000000013
0.014000000000000014
-0.008
-0.012
-0.006
-0.014000000000000004
-0.005000000000000001
-0.005
-0.008
-0.007
0.01
-0.002
0.0
0.0
0.0
0.0
0.0
0.0
-0.004
-0.004
0.008
0.0
-0.001
-0.009999999999999998
-0.043000000000000024
-0.036000000000000025
-0.01800000000000001
0.018000000000000016
-9.999999999999896E-4
0.013000000000000025
-0.007
-0.007
-0.007000000000000002
0.02500000000000001
-0.03600000000000002
-0.021000000000000005
-0.005
-0.003
-0.004
-0.004
0.0
0.0
0.0
0.0
0.0
0.0
0.0
-0.002
0.01
0.004
0.01
-0.014
-0.023000000000000007
-0.043000000000000024
-0.008
0.017000000000000008
0.034000000000000016
0.004000000000000038
0.029000000000000033
0.024000000000000007
0.009000000000000001
-0.014999999999999994
-0.023000000000000007
-0.020000000000000004
-0.018000000000000002
-0.006
-0.002
-0.002
-0.004
0.0
0.0
0.0
0.0
0.0
0.0
0.0
-0.002
0.01
0.012
-0.004
-0.019000000000000003
-0.031000000000000014
-0.009000000000000005
0.016
0.026000000000000016
0.02500000000000001
0.01900000000000001
0.022000000000000013
0.004999999999999997
-0.012999999999999998
-0.018000000000000002
-0.02800000000000001
-0.011
-0.007
-0.008
-0.004
-0.004
0.0
0.0
0.0
0.0
0.0
0.0
0.0
0.0
0.0
0.0
-0.004
-0.002
-0.010000000000000002
-0.033000000000000015
-0.02700000000000001
0.009000000000000003
0.0039999999999999975
0.019000000000000017
0.025000000000000015
0.017000000000000015
0.03800000000000002
-0.024000000000000007
-0.006000000000000002
-0.017000000000000005
-0.008
-0.006
-0.005
-0.002
0.0
0.0
0.0
0.0
0.0
0.0
0.0
0.0
0.0
0.0
-0.002
-0.008
-0.016
-0.017
-0.013000000000000001
0.013000000000000003
0.010000000000000005
0.007
0.029000000000000012
0.022000000000000006
0.03500000000000002
-0.02700000000000001
0.018999999999999996
-0.018000000000000002
-0.022000000000000006
-0.023000000000000007
-0.006
-0.003
-0.004
0.0
0.0
0.0
0.0
0.0
0.0
0.0
0.0
0.0
0.0
-0.001
-0.022000000000000006
-0.021000000000000005
0.001
-0.004999999999999998
0.007
-0.02700000000000001
0.005
0.011000000000000001
0.036000000000000025
0.004
-0.02100000000000001
-0.015999999999999993
-0.034000000000000016
0.005
-0.015000000000000003
-0.017
-0.008
-0.009000000000000001
-0.001
0.0
0.0
0.0
0.0
0.0
0.0
0.0
0.0
0.0
-0.010000000000000002
-0.011
-0.02800000000000001
-0.02700000000000001
-0.02500000000000001
-0.019000000000000003
-0.017999999999999995
0.01300000000000002
0.022000000000000013
0.03200000000000003
-0.003
-0.005
0.0019999999999999983
-0.018000000000000002
0.015000000000000001
-0.006
-0.011000000000000001
0.004
0.004
0.012
0.0
0.0
0.006
0.0
0.0
0.0
0.0
0.0
0.0
-0.020000000000000004
-0.02800000000000001
-0.017
-0.02800000000000001
-0.009000000000000001
-0.009999999999999998
0.012999999999999992
4.336808689942018E-18
-0.012000000000000007
0.008000000000000014
0.01800000000000001
-0.006999999999999997
-0.054000000000000034
0.008
0.027000000000000017
0.014
0.0
-0.015999999999999997
-0.007
0.003
0.014
0.0
0.006
0.0
0.0
0.0
0.0
0.012
0.008
-0.007
8.673617379884035E-19
0.0
0.02500000000000001
0.0029999999999999966
0.022000000000000006
0.017
-0.0010000000000000035
-0.012
0.012000000000000004
0.025000000000000015
0.04800000000000003
-0.014999999999999994
-0.01099999999999999
0.004
-0.008
0.0
-0.012
0.006
0.002
0.014
0.0
0.0
0.0
0.0
0.0
0.0
0.006
0.006
-0.004
0.04600000000000003
-0.028000000000000004
0.004
0.019000000000000003
-0.005
-0.03400000000000001
-0.003
0.007
-0.012999999999999986
-0.012999999999999994
0.017
-0.006
-0.015000000000000001
0.015000000000000001
0.029000000000000012
0.011999999999999999
0.008
-0.004
0.011000000000000001
-0.002
0.002
0.0
0.0
0.0
0.0
0.0
0.012
0.012
-0.001
0.02600000000000001
0.006000000000000001
0.001
0.034000000000000016
-0.0060000000000000045
-0.011999999999999997
0.008999999999999998
0.006
0.011000000000000003
0.012000000000000005
-0.04000000000000002
0.016000000000000007
0.012999999999999994
-0.015000000000000001
-0.008
0.011
-0.002
0.0
0.0
0.0
0.0
0.0
0.0
0.0
0.0
0.0
0.0
-0.016
0.007
-0.019000000000000003
0.005000000000000001
-0.013000000000000001
-0.0050000000000000044
0.005
-0.003
-0.019000000000000003
0.0019999999999999966
0.016000000000000007
0.02700000000000001
0.016
0.02600000000000001
0.02800000000000001
0.006000000000000003
0.006
-0.006
0.0
0.0
0.0
0.0
0.0
0.0
0.0
0.0
0.0
0.0
0.0
-0.016
0.0
-0.008000000000000004
-0.009000000000000001
-0.001
-0.008
-0.001
0.002
-0.033000000000000015
0.0
-0.004
0.015
0.019000000000000003
0.001
-0.006
-0.005
0.004
-0.020000000000000004
0.0
0.0
0.0
0.0
0.0
0.0
0.0
0.0
0.0
0.0
0.0
0.0
0.0
-0.01
-0.012
-0.007000000000000001
-0.013000000000000001
-0.013
-0.005
-0.012
-0.009000000000000001
-0.009000000000000001
-0.004
-0.004
0.0
0.0
0.0
0.0
0.0
0.0
0.0
0.0
0.0
0.0
0.0
0.0
0.0
0.0
0.0
0.0
0.0
0.0
-0.002
-0.001
-0.002
-0.002
0.0
-0.002
-0.001
-0.002
-0.001
-0.002
0.0
0.0
0.0
0.0
0.0
0.0
0.0
0.0
0.0
0.0
0.0
0.0
0.0
0.0
