0.19400000000000014
0.0
0.0
0.0
0.0
0.0
0.0
0.0
0.0
0.0
0.0
0.0
0.0
0.0
0.0
0.0
0.0
0.0
0.0
0.0
0.0
-0.06700000000000005
-0.07100000000000005
-0.054000000000000034
-0.023999999999999903
-0.04799999999999999
0.21400000000000016
0.08300000000000006
0.0
-0.004
0.0
0.0
0.0
-0.002
0.3110000000000002
0.21800000000000014
0.12500000000000008
-0.5210000000000004
0.04900000000000014
-0.006000000000000141
0.0039999999999999515
0.1510000000000002
0.08100000000000002
0.07100000000000006
-0.028999999999999995
0.0
0.0
0.0
0.05100000000000003
-0.2650000000000002
-0.3150000000000002
0.1900000000000001
-0.36300000000000027
-0.16300000000000012
-0.7280000000000005
0.20300000000000015
-0.15500000000000008
-0.060000000000000414
-0.24700000000000014
-0.20300000000000015
-0.001
0.0
-0.05000000000000004
-0.02700000000000001
-0.2810000000000002
-0.11000000000000007
-0.1580000000000001
0.11600000000000008
0.1860000000000001
0.24300000000000022
-0.05099999999999989
-0.10300000000000001
0.014000000000000113
-0.44300000000000034
0.18900000000000014
-0.016000000000000007
0.0
0.0
-0.05000000000000002
-0.3040000000000002
0.004999999999999903
-0.07299999999999997
-0.06699999999999987
0.059000000000000025
0.2950000000000002
-0.24100000000000016
0.05900000000000008
-0.45300000000000035
-0.05600000000000002
0.22600000000000017
0.0
0.0
0.0
-0.02900000000000002
0.44900000000000034
0.1760000000000001
-0.4200000000000003
0.10000000000000006
0.4010000000000003
0.4050000000000003
0.05800000000000012
-0.18100000000000013
0.009999999999999998
-0.023000000000000013
0.09000000000000007
0.09000000000000007
0.0
0.0
0.1320000000000001
-0.03999999999999994
-0.3030000000000002
-0.22700000000000017
0.010000000000000057
0.23500000000000015
0.04000000000000027
-0.1550000000000001
0.1260000000000001
-0.18300000000000013
-0.022
0.0
0.0
0.0
0.0
-0.017000000000000008
0.2800000000000002
-0.19900000000000023
0.03799999999999966
-0.45400000000000035
0.3920000000000003
-0.2500000000000001
-0.021000000000000026
-0.43400000000000033
-0.06200000000000003
0.05100000000000003
0.07300000000000005
0.006
0.0
0.0
-0.3030000000000002
-0.4080000000000003
-0.44100000000000034
0.3480000000000003
-0.029999999999999406
0.08500000000000008
0.1510000000000001
-0.02299999999999949
0.1260000000000001
0.2770000000000002
0.04300000000000001
0.24900000000000017
0.003
0.0
0.08300000000000006
-0.0900000000000002
0.1430000000000001
0.1970000000000002
0.19500000000000015
-0.21000000000000013
0.07399999999999983
0.17000000000000012
-0.06800000000000046
0.06400000000000008
0.10000000000000002
-0.15600000000000008
-0.001
0.0
0.0
0.08300000000000006
-0.33300000000000024
-0.2930000000000002
0.13200000000000012
-0.17500000000000016
0.09200000000000004
-0.05800000000000012
-0.12000000000000012
0.4820000000000004
0.025000000000000175
-0.2980000000000002
-0.06700000000000005
0.0
0.0
0.0
0.0
-0.002
-0.09500000000000007
-0.17700000000000013
-0.07100000000000004
0.09600000000000009
-0.2700000000000002
-0.17000000000000012
-0.08500000000000003
-0.03900000000000002
-0.001
0.0
0.0
0.0
0.0
