1.7529999999999177
0.0
0.0
-0.4240000000000003
0.1330000000000001
0.3710000000000003
-0.2860000000000002
0.18900000000000014
-0.3390000000000002
-0.002
0.07400000000000034
-0.13200000000000395
-0.098
-0.18699999999999722
-1.4406878467987383E-15
0.005999999999995416
-1.317999999999991
-0.002
-0.9040000000000007
-0.08700000000000611
-0.014999999999997935
0.14100000000000174
0.001000000000000962
-0.3700000000000003
-0.35100000000000026
0.0
0.6630000000000005
-0.3870000000000003
0.026999999999996162
0.1520000000000004
-0.19199999999999873
-0.12899999999999645
0.25300000000000017
0.02700000000000001
-0.10800000000000007
-0.2600000000000001
0.08599999999999411
0.14000000000000795
0.09199999999999957
0.010999999999999021
0.8940000000000007
0.008
0.5030000000000003
-0.07399999999999984
-0.2460000000000001
-0.16700000000000012
0.21300000000000013
-0.34700000000000025
-0.02800000000000001
0.0
