-23296.126004287293
0.0
0.0
0.0
0.0
0.0
0.0
0.0
0.0
0.0
0.0
0.0
0.0
0.0
0.0
0.0
0.0
0.0
0.0
0.0
0.0
0.0
0.0
0.0
0.0
0.0
0.0
0.0
0.0
0.0
0.0
0.0
0.0
0.0
0.0
0.0
0.0
-19.97399999999981
-29.965000000000728
-19.97600000000143
-79.92599999999513
-29.98700000000073
-59.92200000002727
-19.97400000000143
-79.91399999999516
-79.90700000000076
-59.94200000000186
-39.94900000000023
-39.95000000000286
-19.975999999999807
-9.987999999999904
0.0
0.0
0.0
0.0
0.0
0.0
0.0
0.0
0.0
0.0
0.0
0.0
0.0
0.0
-19.975999999999807
-79.90399999999518
-69.9159999999976
-119.88000000000415
-229.7720000005115
-319.623000000437
-409.5330000005445
-709.1749999961778
-868.973999991607
-1188.56099998415
-1318.3519999802404
-1528.1369999756555
-1248.4599999821453
-878.9339999908406
-519.3629999996816
-229.72300000047957
-109.87499999994672
-29.962000000000728
-19.975999999999807
0.0
0.0
0.0
0.0
0.0
0.0
0.0
0.0
0.0
-39.95600000000287
-99.89599999998147
-189.7830000002356
-329.6450000003743
-599.2949999980395
-968.8889999891312
-1608.1909999742068
-2147.5539999669168
-2666.8869999893486
-3695.7860000238356
-4384.917000106449
-4504.709000145688
-4265.1110001007555
-3366.118000028928
-2497.117999982194
-1548.3079999756505
-679.2559999955254
-399.58600000062233
-139.8499999999917
-99.88199999994862
0.0
0.0
0.0
0.0
0.0
0.0
0.0
0.0
-39.94200000000285
-279.7120000005853
-479.4640000013118
-729.1769999955395
-1408.3999999792943
-2447.4039999761553
-3675.869000021655
-4864.842000217727
-6183.405000483777
-6932.936000664148
-7921.904000867065
-8191.600000949394
-8611.133001031601
-8031.703000888811
-6223.785000504354
-4345.630000127067
-3296.570999994624
-1967.9679999659893
-1098.9009999864559
-719.2649999956635
-369.6030000006496
-79.9379999999951
0.0
0.0
0.0
0.0
0.0
19.975999999999807
-10.012999999999888
-169.84800000014715
-709.2319999959819
-998.8939999882678
-2147.7029999670676
-3616.1890000171743
-5753.869000378963
-7751.99800081195
-9879.814001267368
-11798.103001664385
-12427.555001815675
-12947.368001942521
-13706.710002096943
-13327.003002027974
-12227.970001785046
-10769.345001453534
-8900.8860010498
-7002.75100063807
-4704.941000166667
-3376.3380000020884
-2117.698999965771
-1388.3949999801473
-439.5420000009295
-99.90799999994856
0.0
0.0
0.0
0.0
-19.97399999999981
-99.90399999994857
-449.5330000006193
-1008.9889999881167
-2467.3619999737402
-3875.9480000464696
-6353.397000522563
-9280.596001127771
-12687.18500183266
-14995.023002329019
-17172.421002778734
-18791.010003108033
-18980.76100316235
-17972.191002985914
-17762.755002930364
-16743.616002706574
-15015.202002337142
-12807.115001874154
-10758.876001430697
-7811.944000821836
-5344.217000314459
-3645.9950000145186
-2077.5989999646513
-938.9359999904444
-249.7480000005081
-79.94399999999509
0.0
-19.97399999999981
-39.95000000000286
-39.946000000002854
-259.68800000055177
-1008.9449999890758
-1887.9219999673883
-3775.9570000246026
-5983.86000044479
-9699.954001198015
-14015.450002092482
-16902.286002711942
-20618.382003463943
-23195.784003983146
-22856.353003935445
-21927.39500375389
-20858.91600354074
-19910.01800335577
-20818.691003512256
-19310.047003200878
-16882.46800271898
-14185.085002150712
-10299.215001350254
-7322.239000717557
-4495.309000130844
-2707.0679999851504
-1408.4639999793906
-339.6530000004199
-69.97900000001142
0.0
-19.97399999999981
-29.959000000000728
-109.8559999999895
-569.3449999992692
-1518.216999976104
-2966.6719999987545
-5104.539000252607
-7891.609000840053
-11907.659001662352
-15783.62500248155
-20248.796003393072
-22635.838003896075
-22506.296003888154
-21437.696003663703
-19030.580003170733
-17822.209002912907
-17782.10500291292
-19769.7750033074
-19729.511003312607
-18950.03500314941
-15973.070002532593
-12237.365001747472
-8211.575000902752
-4855.073000209424
-2457.5069999809402
-1228.7399999832508
-389.6540000010444
-59.978000000027336
0.0
-19.97399999999981
-69.90400000001152
-239.72100000044688
-639.2559999967634
-1787.9699999698062
-3576.052000022478
-5583.972000375211
-8490.984000988288
-12556.867001827162
-16972.18300273756
-20947.90100354813
-22086.771003793594
-21337.652003640884
-18491.103003050634
-15734.126002456029
-13886.557002067997
-15744.073002459983
-18710.76300309106
-19409.50900326316
-19479.26000326362
-16412.76300262642
-11388.386001590141
-7532.4440007655185
-4565.459000107971
-2038.0429999644107
-929.0919999911848
-189.8560000001976
-19.981999999999804
0.0
0.0
-39.94400000000023
-179.78600000021126
-569.3059999978151
-1538.2369999751156
-3236.5880000234447
-5574.068000377581
-8700.875001030487
-12986.47700191663
-18220.838002978173
-20648.236003492177
-21117.84900358833
-19209.96400318717
-14954.870002296831
-11139.718001479914
-11289.834001492156
-14605.655002216838
-18371.20300302951
-20368.594003451944
-19878.56900333839
-16173.11400256526
-10489.417001391617
-6393.689000511224
-3047.35399997716
-1059.208999987864
-309.7480000005632
-49.96500000000693
0.0
0.0
0.0
-39.94400000000285
-119.86200000000413
-539.3559999992777
-1618.2739999738503
-2767.2150000032325
-5114.623000285766
-9200.305001115745
-13645.847002041193
-18070.995002956526
-19869.325003334536
-19879.40400332611
-16942.936002718707
-11868.773001682754
-9501.881001132617
-11809.130001576052
-16283.754002562047
-20428.812003455034
-22276.17300383141
-19729.071003312052
-15164.31100235078
-9400.509001147304
-5015.1530002084
-1858.5249999687608
-769.4999999948195
-179.85400000017114
-39.96500000000288
-19.975999999999807
0.0
0.0
-19.97399999999981
-99.87799999998148
-489.431000000969
-1388.571999979646
-2517.529999991536
-5534.25400035075
-9580.027001193503
-13945.644002112229
-18161.216002986323
-19819.65500332146
-18610.689003081578
-15784.04300250602
-11000.045001538923
-11369.688001522167
-14356.105002137794
-19190.484003191043
-22886.102003975087
-23095.236004015012
-19619.222003281273
-14215.235002145842
-8541.286000947606
-3996.2410000152604
-1558.72299997537
-679.5209999959256
-249.83300000050852
-30.01000000000073
-19.975999999999807
0.0
0.0
-9.986999999999904
-39.955000000000226
-369.61300000064955
-1068.9719999868018
-2387.8219999800253
-5474.454000343458
-9949.80100127904
-14505.100002237887
-18381.018003033143
-19689.65900329793
-20029.460003355005
-16293.685002627823
-13587.247002061746
-15434.92400238112
-18481.409003035125
-22077.10100383386
-25123.314004458534
-24104.130004218066
-19928.953003322615
-13146.561001921857
-8131.802000857519
-3736.518000020226
-1768.4799999703257
-849.3409999920318
-249.81400000053756
-39.99800000000292
0.0
0.0
0.0
-19.97399999999981
-29.97100000000073
-239.79900000047758
-949.1339999895608
-2767.379999986275
-5984.040000440232
-10209.61200133933
-14645.068002265742
-18480.936003052386
-20448.493003449435
-21097.976003578384
-18131.6390030097
-17272.73400280439
-19460.029003226948
-22017.11700379361
-25272.99200449711
-26531.4980047478
-24553.746004302004
-18700.152003081406
-12347.440001769479
-7772.150000806232
-4225.734000061608
-2198.0649999680304
-999.2289999888128
-239.77800000053819
-19.975999999999807
0.0
0.0
0.0
0.0
-19.97399999999981
-179.8180000002114
-839.230999992333
-3236.9929999958213
-6263.766000505661
-10479.414001380559
-14555.022002236346
-17462.141002854685
-19969.19600336579
-20768.13500352602
-18341.084003057942
-18451.069003050365
-21107.591003570047
-22156.631003846254
-24943.34100443953
-26421.959004718065
-23764.838004131332
-17991.049002934982
-12667.037001826644
-8311.724000912562
-4735.417000178856
-2637.6809999813154
-1029.1219999874081
-309.72800000041315
-109.93399999994662
0.0
0.0
0.0
0.0
-39.962000000002874
-349.6280000007444
-1148.9229999855136
-3696.3980000039714
-6533.484000558045
-9870.039001261377
-13496.3430020246
-16702.561002694332
-18970.03000315761
-18100.95000299902
-16223.33200262661
-18101.176002952478
-19719.27900330157
-20788.08900358411
-24833.57100439642
-25472.51800450149
-22246.432003820897
-17781.416002881848
-12297.322001761831
-8261.833000924857
-4995.138000235935
-2887.27499998946
-1278.9129999816375
-399.61700000025047
-79.94400000000074
0.0
0.0
0.0
0.0
-59.93800000002729
-389.58300000051594
-1438.5699999785584
-3996.044000030516
-6833.2180006167955
-9670.261001218463
-12576.980001827324
-14535.057002250827
-15963.417002540218
-14495.293002260374
-14445.495002210711
-16013.706002506613
-17801.540002913553
-20438.589003501547
-24693.90000434009
-23474.984004090264
-21387.48500362719
-16892.568002697863
-11817.981001672011
-8081.852000895141
-5254.979000287392
-2837.3410000001995
-1558.6129999751067
-489.47999999968914
-79.91800000000076
-19.975999999999807
0.0
0.0
0.0
-119.87799999990202
-649.2709999975135
-1858.053999968103
-4195.709000090197
-7242.845000708029
-10059.776001290025
-12197.640001727921
-13256.527001975768
-13077.112001960093
-12827.41000188872
-13516.51800199384
-14515.39200220922
-16882.454002746123
-21816.730003741406
-23714.72600412987
-22655.636003910848
-19479.39100324859
-15623.71400245378
-11657.97900162933
-7272.5820007443435
-5025.0900002530825
-2857.241999997033
-1438.5539999780785
-509.47500000076576
-99.90799999994856
19.999999999999794
0.0
0.0
0.0
-169.82400000014704
-829.1049999923027
-2397.445999980708
-4705.12700021151
-7892.064000861049
-10269.43900135138
-11638.010001634218
-11977.893001738892
-12587.525001858092
-12847.383001891778
-13426.72300200903
-15284.65400240388
-18960.33200316131
-21836.837003745302
-22865.477003956254
-21866.776003742933
-18800.189003106632
-14355.165002195066
-10349.433001369853
-6902.979000647493
-4066.065000069802
-2397.6459999752747
-1248.7139999829133
-349.5790000007443
-19.97399999999981
39.97600000000289
0.0
0.0
0.0
-119.86200000000414
-988.807999989115
-2277.532999977044
-4944.864000252089
-8241.443000937776
-10099.48200134468
-12327.164001782729
-13306.552001991786
-13896.180002118328
-15554.458002431973
-15864.145002528801
-18641.057003096532
-21037.705003584535
-21666.930003713846
-21377.17500366269
-20788.08700351621
-16542.560002649905
-12067.782001742307
-9470.373001161885
-5654.286000388427
-3416.578000023781
-1987.9379999650441
-908.982999991038
-249.65800000050768
-19.995999999999796
0.0
0.0
0.0
0.0
-99.87399999998148
-739.1179999954119
-2257.5109999690912
-4305.472000113978
-7252.201000744481
-9720.023001272537
-11548.017001647851
-13316.604002006412
-15534.181002445775
-18071.328002947972
-19030.534003169276
-20238.982003429886
-21217.717003622827
-20758.23900352653
-19909.23000333903
-17302.02500279597
-13216.614001966833
-10109.936001308983
-7042.917000671549
-4755.145000174613
-2587.375999979895
-1238.726999982748
-559.3479999988691
-119.85600000000413
-0.009000000000000003
0.0
0.0
0.0
0.0
-79.89799999999519
-389.4980000008678
-1348.5119999808605
-3236.5920000023107
-5733.803000397686
-8101.51600091118
-10119.522001342018
-12167.625001764007
-14995.031002338194
-16283.86700262511
-17732.278002929455
-18521.03800308437
-18211.416003010334
-17372.33800282352
-15324.834002395974
-12976.906001907417
-10040.268001292758
-7033.32500067177
-4945.165000215076
-2857.3059999945585
-1638.3269999733968
-749.1619999945418
-359.5650000004156
-79.89600000000632
-19.995999999999796
0.0
0.0
0.0
0.0
-39.95000000000286
-189.76700000019719
-719.281999996047
-1698.239999972446
-3666.230000004846
-5564.357000345417
-7432.668000753351
-9970.069001279151
-11968.181001722161
-13506.55300206149
-14985.206002364766
-14935.151002345821
-13925.990002126266
-12897.225001890172
-10559.579001419092
-9260.819001116155
-6893.241000610503
-4405.748000122585
-2897.1249999979536
-1618.5289999736735
-889.0779999913242
-339.6440000004199
-159.81000000003496
-19.977999999999806
0.0
0.0
0.0
0.0
0.0
0.0
-59.936000000027285
-279.7690000005855
-639.3969999974081
-1638.3449999736492
-2877.0319999974936
-4185.841000098403
-6213.7790005092
-8291.508000934198
-9700.066001240555
-11148.509001520644
-10309.416001371283
-9939.795001262877
-8391.443000942792
-6892.965000643689
-5654.1300003608385
-3965.817000018415
-2197.8189999704914
-1468.5229999766998
-859.1729999910959
-479.52600000006436
-229.76100000041646
-59.93000000002728
0.0
0.0
0.0
0.0
0.0
0.0
0.0
-19.981999999999804
-29.98100000000073
-299.77800000058596
-719.3539999952774
-1588.4629999747401
-2257.6859999734243
-3306.5660000360326
-4085.5150001102497
-4914.463000244088
-5074.401000268006
-4974.658000237835
-4814.766000192838
-3725.9560000472397
-3166.4510000240134
-2367.340999979188
-1877.8829999681677
-859.0909999910979
-679.3399999955233
-419.5590000002551
-229.7710000004165
-109.87499999994672
-59.9480000000273
0.0
0.0
0.0
0.0
0.0
0.0
0.0
0.0
-39.96600000000288
-119.90299999995307
-349.6380000006132
-669.237999996451
-1028.8209999874152
-1388.3879999790536
-1817.8589999686344
-2067.535999964205
-2027.6219999638681
-1677.9719999719234
-1638.0249999733196
-1658.041999973284
-1178.5439999837292
-1018.7839999875645
-779.1239999943365
-309.6790000003384
-229.75800000047977
-159.82800000017158
-69.94699999999763
-59.920000000027265
0.0
0.0
0.0
0.0
0.0
0.0
