2.022999999999888
0.0
0.0
-0.03700000000000002
-0.20200000000000012
0.09000000000000002
-0.4280000000000003
0.10200000000000009
0.21300000000000013
-0.008
0.3050000000000003
-0.021999999999999454
-0.07900000000000132
-0.08699999999998946
0.010999999999999437
-0.08100000000000315
-1.1939999999999793
0.35000000000000026
-0.4660000000000003
0.021999999999996578
0.015000000000006987
0.06900000000002937
0.02300000000000487
-0.2710000000000002
0.2840000000000002
0.7680000000000006
0.7080000000000005
-0.35900000000000026
0.0010000000000020114
0.13100000000000073
-0.1210000000000159
0.01599999999999832
-0.7740000000000006
0.7520000000000006
-0.18100000000000013
-0.12600000000000017
0.050000000000002015
0.1040000000000076
0.0020000000000011953
0.06600000000000955
0.4500000000000003
0.23000000000000018
0.3270000000000002
-0.08999999999999975
-0.14600000000000016
-0.19100000000000006
0.08800000000000013
-0.45000000000000034
-0.008
0.0
