12.559999999999777
0.0
0.0
0.0
0.0
0.0
0.0
0.0
0.0
-0.3
-0.15
0.0
0.0
0.0
0.0
0.0
0.0
0.0
0.0
0.0
-3.0400000000000023
-5.309999999999964
-3.8799999999999923
2.1200000000000068
1.200000000000001
-4.669999999999994
-0.9300000000000008
-1.0500000000000005
0.0
0.4400000000000003
0.0
0.0
0.0
-0.5800000000000003
3.36000000000001
1.019999999999998
-0.03999999999999897
-1.849999999999992
-0.7299999999999958
0.6099999999999901
-1.1399999999999997
1.0400000000000018
-2.9499999999999753
1.7800000000000002
-3.050000000000014
-0.02
0.0
-0.01
-0.9600000000000007
-2.2399999999999953
-4.449999999999988
-1.360000000000001
-2.9399999999999733
-1.8700000000000014
-3.9200000000003
1.1500000000000343
-1.7099999999999993
-0.8400000000000005
-2.9500000000000077
-1.500000000000001
-0.02
0.0
-0.7200000000000004
-2.489999999999991
0.49000000000000155
-0.550000000000001
-0.9299999999999993
0.5899999999999993
1.5599999999999978
0.040000000000006614
-0.7000000000000137
-1.1500000000000001
-0.4899999999999968
-5.510000000000003
1.340000000000001
0.0
0.0
0.0
-1.7800000000000014
-4.499999999999982
0.24999999999999944
1.0400000000000007
-0.2699999999999908
1.8099999999999423
1.4099999999999686
-1.7400000000000044
0.310000000000004
-5.299999999999967
-1.0900000000000005
3.389999999999965
0.0
0.0
0.0
-0.8200000000000005
7.070000000000044
-0.05000000000000143
-3.010000000000045
-0.3899999999999988
3.3599999999998342
3.8299999999999073
0.6499999999999904
-3.1600000000000215
1.0700000000000005
-1.4500000000000006
1.5500000000000012
2.239999999999996
0.0
0.0
1.370000000000001
-5.3699999999999815
-5.409999999999936
-0.5499999999999997
-0.750000000000003
3.659999999999677
-0.09000000000000152
1.9899999999999944
-0.9399999999999964
-1.2000000000000008
-0.28
0.0
0.0
0.0
0.0
0.14
-1.8200000000000027
1.9100000000001087
1.3399999999999972
-4.069999999999724
3.349999999999961
-1.550000000000002
-2.7400000000001388
-1.7700000000000007
-1.1500000000000006
-1.9500000000000013
-1.3100000000000007
0.11999999999999998
0.0
0.0
-1.7300000000000013
-5.349999999999881
-3.1799999999998754
3.160000000000133
-0.09999999999999915
0.9699999999999955
0.25999999999999535
-0.3900000000000021
3.08000000000017
0.619999999999999
-0.29000000000000126
3.8600000000000536
0.019999999999999997
0.0
1.6500000000000012
3.760000000000036
4.220000000000011
-2.1199999999999974
0.26000000000000745
-0.46000000000001207
-1.159999999999996
2.2699999999999743
-1.5099999999999982
-1.920000000000001
2.219999999999974
0.4499999999999992
7.650000000000041
0.0
0.0
1.6500000000000012
-2.5700000000000114
-1.2400000000000002
2.5699999999999785
0.08000000000000444
-0.2600000000000149
0.9599999999999995
-1.4700000000000002
6.259999999999671
3.759999999999897
-2.190000000000063
-0.060000000000000005
0.0
0.0
0.0
0.0
-0.01
-3.9300000000000033
-7.050000000000007
-3.970000000000001
-3.4800000000000004
-2.649999999999989
-5.019999999999966
-2.549999999999997
-1.320000000000001
-0.37000000000000016
0.0
0.0
0.0
0.0
