-27565.55100515709
0.0
0.0
0.0
0.0
0.0
0.0
0.0
0.0
0.0
0.0
0.0
0.0
0.0
0.0
0.0
0.0
0.0
0.0
0.0
0.0
0.0
0.0
0.0
0.0
0.0
0.0
0.0
0.0
0.0
0.0
0.0
0.0
0.0
0.0
0.0
0.0
0.0
-19.981999999999804
-9.990999999999902
-59.960000000027314
-39.97900000000021
-69.9260000000115
-59.937000000001866
-69.9310000000115
-109.87599999994673
-49.941999999990614
-79.90700000000076
-49.943000000006926
-59.93400000002728
-39.95600000000022
-29.967000000000727
-19.977999999999806
0.0
0.0
0.0
0.0
0.0
0.0
0.0
0.0
0.0
0.0
-19.979999999999805
0.0
-19.977999999999806
-59.94000000002729
-59.941000000001864
-99.90900000001434
-239.78600000053822
-339.6620000003015
-569.4289999990248
-879.0989999917791
-1128.8129999854793
-1538.39599997574
-1818.0799999686292
-1828.1249999685172
-1518.4079999761902
-939.0129999895603
-489.47699999968916
-259.72500000057164
-109.88399999994671
-19.979999999999805
0.0
0.0
0.0
0.0
0.0
0.0
0.0
0.0
0.0
0.0
-39.95600000000287
-99.89599999998147
-199.80000000029872
-309.6960000003383
-769.2299999942875
-1078.9289999862629
-1838.1999999686284
-2417.6359999783285
-3026.94300001129
-4046.0380000451837
-4855.122000209433
-4945.017000248412
-4665.376000191117
-3736.3300000444096
-2747.3039999892326
-1628.4879999738312
-739.3339999940993
-399.6600000002504
-189.86600000019763
-79.92599999999513
0.0
0.0
0.0
0.0
0.0
0.0
0.0
-19.977999999999806
-29.94500000000073
-289.7230000005938
-549.4610000002024
-1128.9089999863336
-1728.3069999714767
-2947.302999990341
-4375.897000089202
-5464.863000345961
-6883.630000630693
-7962.899000867652
-9281.652001138851
-9751.358001258068
-10011.009001314302
-9521.455001185463
-7253.783000708154
-5155.557000278631
-3756.6590000122696
-2497.8409999768846
-1508.6949999764543
-1019.1319999883691
-489.5260000009692
-99.91999999994853
0.0
0.0
0.0
0.0
0.0
19.979999999999805
-39.97800000000289
-289.7400000005938
-769.2399999942872
-1338.7839999802056
-2677.6099999850753
-4316.053000087104
-6613.878000564366
-9091.80100108497
-11569.639001612268
-13807.915002072139
-15036.90600234131
-15946.269002546758
-16815.61700272226
-16425.943002645443
-14597.584002270252
-12509.246001819307
-10530.669001387183
-8662.275000981106
-5764.678000399234
-4346.012000072305
-2577.5769999810273
-1608.3889999747173
-469.55900000090696
-99.91799999994853
0.0
0.0
0.0
0.0
0.0
-219.80900000035456
-589.4779999985959
-1348.8399999801363
-2897.43499999026
-4655.825000170808
-7353.441000733927
-11040.267001482403
-14677.022002241549
-17424.768002825993
-20422.092003435595
-22630.212003888333
-22310.339003852678
-21411.59600369229
-21391.63400366703
-19323.43000324407
-18204.17100297901
-15366.485002393223
-12658.703001824711
-9491.515001167807
-6464.032000539078
-4126.075000046389
-2547.457999979097
-1118.9279999861305
-229.81100000041673
-59.978000000027336
0.0
-19.977999999999806
-39.95800000000287
-59.94000000002729
-359.6350000004154
-1158.9319999853465
-2337.7659999726566
-4505.8680001215125
-7133.630000674595
-11219.999001513333
-16285.338002553364
-20011.77900333877
-23938.51300414437
-27195.510004804968
-27265.756004838815
-25846.953004561543
-24758.272004340433
-23569.49800410419
-24048.820004176483
-22660.033003881
-19752.31800329894
-16415.241002607378
-12398.737001772215
-8302.431000921326
-5155.314000267913
-3047.2079999973794
-1458.6949999779101
-329.73700000047904
-59.99800000002736
0.0
-19.977999999999806
-29.965000000000728
-119.87099999995309
-649.3479999972991
-1728.2809999712374
-3356.8310000157676
-5564.985000358721
-9441.432001148212
-13707.624002035607
-18533.30000304049
-23159.155003990632
-26285.94600464253
-27035.461004808025
-25317.33000446119
-22789.953003938004
-21661.294003689738
-20871.949003545284
-22829.936003931733
-23209.265004014058
-22000.185003768278
-18423.268003033343
-14037.405002113715
-9391.763001138363
-5385.346000304755
-2597.7659999869134
-1218.9609999832996
-359.75000000084606
-39.996000000002915
0.0
-19.977999999999806
-69.9200000000115
-219.76800000035436
-629.371999997076
-1848.222999968438
-3926.342000028962
-6304.287000514441
-10090.894001300894
-14856.500002289644
-19782.299003311935
-24667.83200430402
-25786.526004554347
-25267.289004445076
-22130.477003789274
-18553.902003033632
-16596.14000262294
-18423.96500300612
-21441.242003647334
-22989.222003979146
-22529.556003880087
-18403.32600304145
-12858.700001887873
-8293.018000915716
-4706.131000143535
-2048.3879999639544
-949.2469999907222
-189.89900000019782
0.0
0.0
0.0
-39.955000000000226
-159.8320000001261
-559.4269999986202
-1678.3589999721612
-3506.812000029907
-6124.4670004881245
-10210.890001330612
-15266.2990023818
-21480.685003642615
-24697.74400431452
-24747.77200433672
-22599.750003881367
-17524.720002821716
-13419.057001944417
-13309.405001911768
-17235.250002750952
-21730.87500370729
-23698.67600412639
-22829.0980039424
-18683.266003075714
-11869.754001664418
-6814.293000597215
-3177.601999984269
-1169.2189999851712
-259.81200000057146
-49.97700000000694
0.0
0.0
0.0
-39.954000000002864
-139.87099999999177
-529.4879999996076
-1618.5489999740144
-3037.376000013727
-5844.790000427729
-11040.085001484023
-15995.84200252381
-21220.85000359798
-23658.8160041074
-23189.352004010176
-20382.418003416195
-14557.972002221839
-11271.545001505707
-13908.845002023547
-19583.292003233637
-23868.512004151584
-26016.168004592684
-22829.333003946464
-17754.1350028691
-10970.416001452839
-5545.478000310627
-2048.6459999641584
-799.6259999938784
-209.89100000029146
-39.985000000002906
-19.979999999999805
0.0
0.0
-19.975999999999807
-109.8899999999467
-429.59300000057925
-1288.8899999817918
-2857.6020000057206
-6324.423000513726
-11209.990001529008
-16255.569002585082
-21311.004003627368
-23129.605004003683
-22090.422003793094
-18643.746003089214
-13279.372002002916
-13828.991002031102
-17765.01600283639
-22600.058003892387
-27025.610004815764
-26995.017004808255
-22929.19800395708
-16455.11800259723
-9651.74100117419
-4706.254000141613
-1908.7039999671329
-789.556999993666
-269.86700000055714
-30.00400000000073
-19.979999999999805
0.0
0.0
-9.987999999999904
-19.979000000001435
-359.7060000005589
-1119.062999985757
-2627.957999993016
-6454.493000540902
-11579.684001614565
-16805.133002707982
-22010.402003764222
-23119.428004000707
-23699.094004105584
-18983.46300318511
-16396.364002638416
-18564.250003027988
-22540.24600386122
-26016.592004636816
-29603.049005366567
-28353.870005079432
-23019.089003957277
-15655.989002423401
-8962.356001036738
-4506.473000115532
-2008.5079999644377
-979.331999988832
-279.8500000005409
-39.99200000000291
0.0
0.0
0.0
-19.975999999999807
-29.96600000000073
-279.78600000056326
-1029.1769999876753
-3227.3939999981685
-6964.056000638825
-12079.332001716031
-17344.526002812647
-21620.785003696677
-24008.371004180022
-25057.445004386016
-21940.57300378343
-20601.919003489682
-23149.394003985755
-26006.562004607906
-29442.880005344967
-30961.37200564581
-28523.865005110016
-21880.02100372983
-14517.110002210204
-9082.09400107357
-5245.571000262138
-2368.220999974228
-1099.2869999863212
-239.82900000053846
-19.977999999999806
0.0
0.0
0.0
0.0
-19.975999999999807
-239.78800000047755
-999.2059999888133
-3577.2450000168124
-7253.802000706893
-12359.191001762463
-17134.87800276566
-20182.185003416715
-23149.030004017757
-24108.010004211636
-21500.69500371176
-22190.205003812476
-25086.963004383208
-26116.29500465194
-29113.15400528598
-30302.494005507764
-27285.059004853018
-21440.569003635217
-14736.948002254318
-9471.797001154431
-5515.300000332437
-2987.6509999895015
-1209.1779999833454
-329.748000000374
-89.95599999998217
0.0
0.0
0.0
0.0
-59.9460000000273
-399.63300000080824
-1228.97699998347
-4176.483000034331
-7593.404000770727
-11589.890001612144
-15996.053002535311
-19652.278003295865
-22259.92200382458
-21660.21200371871
-19802.539003346414
-21620.441003670752
-23378.742004042604
-24567.64400434746
-29063.12900525339
-29832.498005385096
-26236.026004632575
-21161.01100357074
-14527.11300221938
-9891.474001250575
-5675.141000371138
-2947.5849999997254
-1498.9059999765364
-519.5730000002083
-89.9359999999822
0.0
0.0
0.0
0.0
-89.91399999998224
-489.5670000007132
-1648.6409999735401
-4556.200000127419
-7903.199000826566
-11260.329001547088
-14886.858002296387
-17344.646002820606
-18583.36900307709
-17454.665002858274
-17205.092002773585
-18963.11400310435
-20441.615003457773
-23788.55200418261
-28344.031005087043
-27814.698004966936
-25287.160004425394
-20351.884003407762
-14397.356002196775
-9821.481001246275
-6244.59200047727
-3167.4890000146975
-1598.7769999740306
-599.446999998036
-89.92399999998221
-19.9859999999998
0.0
0.0
0.0
-129.87999999992007
-669.3829999966538
-2048.194999963481
-4805.908000217052
-8392.898000935445
-11499.981001584383
-14237.547002145648
-15476.300002433567
-14977.164002353182
-14777.28700229061
-16105.967002516258
-17025.01200272056
-19742.248003327863
-24797.240004358006
-28084.215005013062
-26525.624004697107
-22869.388003947035
-18923.009003123647
-13827.819002075272
-8372.68800098313
-5864.980000420374
-3337.1710000086046
-1508.7389999765448
-449.592000000391
-59.96600000002732
19.9919999999998
0.0
0.0
0.0
-139.8799999999918
-779.2809999934468
-2697.510999996959
-5495.157000373834
-9012.207001092469
-11969.517001694096
-13697.925002050146
-14127.681002171576
-14647.380002271218
-15247.233002367342
-15936.294002514089
-17874.418002934523
-22149.987003811697
-25256.887004446126
-27115.052004812776
-25137.063004411815
-21980.162003759797
-17254.51100278232
-12089.35100172665
-8122.870000900421
-4835.798000219335
-2737.623999986287
-1368.7839999800942
-349.64700000061316
-39.97400000000289
39.97800000000289
0.0
0.0
0.0
-89.914000000003
-959.0149999898501
-2827.3319999969094
-5944.660000450102
-9681.453001232407
-11909.432001712747
-14137.351002158804
-15726.154002475785
-16096.100002562462
-18074.33800294351
-18963.62100315618
-21870.79300375507
-24867.534004363773
-25456.80100449055
-25676.48300452805
-23968.316004168373
-19762.206003302013
-14627.177002254222
-10670.742001418786
-6724.095000604388
-3886.4860000497983
-2228.055999969834
-959.0679999895609
-269.70000000055495
-29.99000000000073
0.0
0.0
0.0
0.0
-89.90499999998225
-759.2119999951433
-2547.559999974081
-5175.263000280313
-8582.131001013026
-11239.947001581566
-13368.064002019188
-15926.048002527366
-18453.875003036526
-21521.048003648368
-22630.135003905332
-24128.52600421981
-25287.30200445116
-24657.766004321205
-24078.20200417975
-20681.522003482038
-15486.582002435236
-12119.61000171459
-8152.930000902011
-5305.268000292054
-2797.435999989713
-1488.6329999771842
-619.3769999976167
-209.79000000032562
-20.000999999999795
0.0
0.0
0.0
0.0
-59.93400000002728
-419.53900000086713
-1468.5739999777331
-3616.6410000229876
-6813.608000615909
-9521.435001197011
-11679.599001662478
-14717.168002279172
-17944.609002941615
-19793.052003338806
-21221.620003643497
-21940.785003783058
-21680.881003720184
-20511.90500347026
-18354.17600301578
-15446.67300241397
-11740.29700165352
-8542.936000977987
-5575.209000351505
-3327.1610000059177
-1828.3279999691167
-759.2779999944141
-389.6070000003399
-99.88500000001433
-39.972000000002886
0.0
0.0
0.0
0.0
-39.95600000000287
-299.71000000070296
-809.2519999935781
-1848.2859999687353
-4186.174000030592
-6763.930000580436
-8872.346001050182
-11859.740001670625
-14217.75200218633
-16325.937002633696
-17744.859002930592
-17804.72300293222
-17015.256002751805
-15816.309002486409
-13388.460001982634
-11060.56400148129
-8173.116000877695
-5415.4590003144285
-3177.2520000078325
-1638.694999973051
-909.16299999073
-399.6610000006224
-139.86999999993975
-39.96000000000287
-19.979999999999805
0.0
0.0
0.0
0.0
0.0
-79.94399999999509
-299.7850000005273
-609.4419999977129
-1908.3409999675034
-3496.9030000159105
-5215.393000301449
-7413.461000762228
-9781.348001240636
-11270.080001561531
-12808.580001858709
-11849.443001683763
-11390.008001565526
-10001.119001267107
-8172.781000894454
-6654.058000553833
-4406.157000106024
-2707.6909999883374
-1608.6589999732512
-929.168999989548
-479.5629999998146
-209.80900000036038
-59.93400000002728
0.0
0.0
0.0
0.0
0.0
0.0
0.0
-19.983999999999803
-69.96400000001145
-209.8360000003605
-879.2679999919322
-1828.4279999688122
-2747.485999999198
-3956.3900000604463
-4275.960000152992
-5204.98800030051
-5344.924000326609
-5504.903000343038
-5474.872000326797
-4425.742000138441
-3756.4710000467667
-2867.3299999966466
-2148.0589999664912
-1039.0539999869939
-769.3299999933874
-489.53600000020106
-279.7380000005854
-109.8899999999467
-59.95600000002731
0.0
0.0
0.0
0.0
0.0
0.0
0.0
0.0
-19.9859999999998
-79.94300000000074
-489.5600000007131
-799.2539999930232
-1308.694999980925
-1668.3349999725933
-1878.148999966985
-2237.7199999706127
-2097.9189999655678
-1987.9789999648347
-2077.90299996466
-1987.9849999653902
-1408.606999978701
-1068.9669999865437
-799.2899999937135
-339.67500000018293
-229.79600000051158
-189.81700000031236
-99.92499999998144
-59.93200000002728
0.0
0.0
0.0
0.0
0.0
0.0
