43.10999999999999
0.0
0.0
-0.08
-2.0399999999998464
-0.9400000000000108
-3.329999999999715
-0.6800000000000002
0.3600000000000143
0.0
0.45000000000001605
-0.9300000000000215
-0.7600000000001423
-0.9999999999998463
-0.01000000000003775
-1.250000000000148
-5.229999999999934
3.3499999999999726
-3.5000000000002576
-0.6200000000000753
0.10999999999998665
0.3800000000002298
0.18999999999997513
-3.5200000000000524
2.9299999999998696
4.2099999999998685
3.839999999999655
-2.3399999999992436
0.5400000000001276
0.9799999999996646
-0.5899999999996179
0.14000000000000143
-1.9200000000000008
2.0199999999999987
-1.509999999999981
-1.699999999999669
0.050000000000050296
0.2600000000000223
0.08000000000008084
-0.049999999999983696
1.850000000000182
3.639999999999934
1.5699999999998289
-1.5799999999999963
-1.2899999999999479
-0.739999999999698
-0.28999999999997506
-0.13999999999999424
-0.8400000000000004
0.0
