10.699999999999816
0.0
0.0
0.0
0.0
0.0
0.0
0.0
0.0
-0.6800000000000003
-0.34000000000000014
0.0
0.0
0.0
0.0
0.0
0.0
0.0
0.0
0.0
-3.3000000000000025
-4.80999999999997
-4.699999999999988
1.4800000000000009
-1.720000000000001
-2.6399999999999957
0.06000000000000027
1.1300000000000008
0.0
0.6600000000000004
0.0
0.0
0.0
-0.3900000000000002
1.6400000000000012
2.2400000000000064
-1.0200000000000093
-2.3999999999998542
-0.31999999999999806
1.259999999999989
-1.2900000000000003
0.2200000000000009
-2.6200000000000068
1.9700000000000009
-1.3900000000000008
0.0
0.0
0.0
-0.6600000000000004
-4.609999999999991
-0.9200000000000004
-1.5600000000000018
-1.2599999999999971
-1.830000000000189
-4.14000000000011
0.44000000000000716
0.16999999999999682
-3.4399999999999054
-2.579999999999998
-0.23000000000000007
0.0
0.0
-1.7500000000000013
-3.2699999999999743
-1.7800000000000864
-1.2900000000000014
-1.75
0.14000000000000196
1.3200000000000016
-0.37999999999999845
-0.8100000000000132
-1.8000000000000014
-0.24999999999999917
-1.4100000000000008
-0.44000000000000017
-0.04
0.0
0.0
-3.4299999999999713
-2.0200000000000005
-2.2499999999999747
2.8999999999999813
-1.0199999999999996
1.8799999999998496
1.1400000000000017
-1.5000000000000029
-1.0099999999999991
-4.479999999999971
-1.0400000000000007
-0.6100000000000002
-0.07
0.0
0.0
-0.4600000000000003
4.260000000000017
0.7499999999999989
-4.840000000000104
0.5900000000000082
3.9699999999997444
2.8700000000000165
2.980000000000108
-1.9599999999999629
-0.5299999999999998
-1.3900000000000008
1.6100000000000012
2.3299999999999943
0.0
0.0
-0.34000000000000014
-4.219999999999993
-1.430000000000001
-2.630000000000256
0.5399999999999998
3.1799999999998083
0.5000000000000016
0.9099999999999921
-1.4099999999999997
-3.330000000000008
-0.31000000000000005
-0.07
0.0
0.0
0.0
0.26999999999999996
-2.709999999999986
4.099999999999893
0.059999999999999803
-3.9699999999999376
3.2999999999999265
-0.1699999999999958
-4.81999999999953
0.7200000000000002
-1.2100000000000004
-1.8700000000000012
1.7200000000000013
0.8600000000000004
0.0
-0.5100000000000001
-1.3100000000000007
-7.069999999999977
-3.319999999999943
3.810000000000263
-0.07000000000000658
0.9300000000000042
-0.5299999999999976
1.5699999999999983
1.0800000000000591
0.9899999999999987
-0.6000000000000038
4.770000000000045
0.35000000000000014
0.0
0.6800000000000004
4.670000000000008
4.390000000000003
-1.0500000000000056
0.6200000000000012
-0.12000000000000174
-2.11999999999999
2.3400000000000047
-2.259999999999998
-1.5300000000000016
1.6700000000000015
1.8000000000000007
8.090000000000048
0.0
0.0
1.1200000000000008
2.040000000000011
2.4499999999999584
-0.5200000000000014
1.6299999999999977
0.0699999999999966
1.0200000000000005
-0.6699999999999974
6.0699999999995855
3.449999999999938
-4.230000000000077
-0.9400000000000006
0.0
0.0
0.0
0.0
-0.06
-3.450000000000003
-4.7700000000000085
-5.05999999999998
-1.7400000000000007
-0.9500000000000004
-5.309999999999974
-2.869999999999983
-0.21999999999999997
-0.03
-0.1
0.0
0.0
0.0
