-30286.3980057114
0.0
0.0
0.0
0.0
0.0
0.0
0.0
0.0
0.0
0.0
0.0
0.0
0.0
0.0
0.0
0.0
0.0
0.0
0.0
0.0
0.0
0.0
0.0
0.0
0.0
0.0
0.0
0.0
0.0
0.0
0.0
0.0
0.0
0.0
0.0
0.0
-19.981999999999804
-29.97300000000073
-19.982000000001438
-79.94399999999509
-39.97900000000021
-69.93600000001149
-59.94200000000186
-89.94199999998219
-139.8759999999918
-79.94100000000637
-69.9280000000115
-29.97000000000073
-39.962000000002874
-9.990999999999902
-19.981999999999804
0.0
0.0
0.0
0.0
0.0
0.0
0.0
0.0
0.0
0.0
0.0
-19.979999999999805
0.0
-19.979999999999805
-79.92599999999513
-69.93699999999762
-129.91500000003225
-289.7920000004705
-359.68100000027187
-579.4769999989293
-969.1379999898379
-1168.932999984469
-1618.5079999739298
-1998.0959999645015
-2068.0609999642516
-1588.5009999741308
-1039.0159999872606
-509.5159999996926
-229.7840000004799
-109.90299999994667
-29.973000000000727
-19.981999999999804
0.0
0.0
0.0
0.0
0.0
0.0
0.0
0.0
0.0
-39.96000000000287
-119.88799999995305
-199.8160000002988
-379.6880000000897
-879.2269999916191
-1189.0069999836746
-1968.3199999656304
-2537.815999981778
-3287.1450000171244
-4516.13300013044
-5505.187000333105
-5584.994000370493
-5165.47600029368
-3946.573000063523
-2927.4469999940143
-1688.5719999725447
-689.4319999952169
-439.6500000002676
-179.88200000017127
-99.90999999994855
0.0
0.0
0.0
0.0
0.0
0.0
0.0
-19.979999999999805
-49.96800000000694
-369.6900000008046
-579.4919999994056
-1178.9809999852416
-2018.2799999647978
-3187.3979999993167
-4646.101000150383
-6194.874000482189
-7623.847000778179
-8753.18500102915
-10102.000001307988
-10801.659001467693
-10841.525001486121
-10012.09500129163
-7814.0470008163975
-5236.062000296306
-3856.9570000148146
-2538.0769999768495
-1498.7809999766314
-1079.169999987025
-519.5620000007402
-99.93799999994849
0.0
0.0
0.0
0.0
0.0
19.983999999999803
-29.98600000000073
-279.79100000056326
-819.3109999929325
-1418.8369999783258
-2787.6809999912566
-4636.2630001535845
-7433.987000724025
-10202.01300130785
-12879.920001873403
-15038.433002325164
-16467.19600263161
-17446.737002851267
-18146.40100299514
-17596.84800288758
-15868.175002525006
-13609.720002035025
-11241.282001528016
-9022.92800105331
-6384.965000511797
-4466.4620001001995
-2927.592999988748
-1778.43599997076
-509.59700000103425
-99.92599999994852
0.0
0.0
0.0
0.0
-19.981999999999804
-219.82400000035463
-599.5419999982641
-1378.9559999793125
-3007.5989999939434
-4916.10500022577
-8383.471000930962
-12280.465001736282
-16327.36000257952
-19295.243003204698
-22472.60700385394
-24541.06500428129
-24351.219004266943
-23472.3070041068
-23212.699004040034
-21254.151003634906
-19625.261003270818
-16497.383002626015
-13599.39900201317
-10252.040001324925
-7204.251000689543
-4636.214000149618
-2767.586999985151
-1149.0229999855112
-259.8000000005321
-79.94599999999508
0.0
-19.979999999999805
-39.962000000002874
-39.964000000002876
-309.7220000004882
-1229.031999983806
-2467.955999976622
-4796.059000181921
-7713.878000791888
-12450.219001760322
-18015.84200290827
-21982.44100374191
-26608.770004685506
-30086.095005390256
-29866.65500536559
-28457.8160050892
-27478.972004890555
-26419.8890046794
-26719.269004720485
-24900.51200433986
-22142.555003780675
-18125.616002954222
-13619.170002018984
-9132.704001090642
-5685.482000375428
-3197.3540000034095
-1568.6969999754524
-399.70000000043643
-69.97400000001144
0.0
-19.979999999999805
-29.97000000000073
-129.88299999997608
-649.4289999972972
-1818.4099999691532
-3706.98000002298
-6165.031000479006
-10311.691001325515
-15138.08500232672
-20533.732003447258
-25669.541004500472
-28986.6340051939
-29336.501005280385
-27478.40400490246
-24970.649004380986
-23981.58500416163
-23172.39300401639
-25470.366004473603
-25469.953004482162
-24210.723004220683
-20333.616003421354
-15507.766002415063
-10172.058001299027
-5895.472000414194
-2877.7479999949983
-1368.9289999799898
-449.6800000013048
-59.98000000002734
0.0
-19.979999999999805
-69.93200000001148
-289.74000000059385
-639.4299999965433
-2028.3519999640553
-4386.459000096314
-7074.332000675351
-11211.132001532505
-16077.288002546338
-22002.401003761228
-27158.357004812187
-28696.994005143206
-27717.975004944055
-24101.304004192665
-20284.558003385853
-18346.707002981126
-20734.18800347795
-24141.278004198968
-25679.52100452724
-24760.19800433675
-20533.560003472674
-14568.666002233022
-9263.05000111364
-5286.135000260889
-2188.3929999674424
-1079.2129999876638
-149.90800000001198
-19.995999999999796
0.0
0.0
-39.94900000000023
-229.78400000044823
-689.3829999956189
-1928.3639999661825
-4086.7820000567485
-7094.362000681593
-11301.190001558054
-16846.666002702364
-23760.96800410652
-27298.147004844355
-27348.10200486238
-24770.289004321883
-19565.055003231962
-14899.351002236355
-14719.812002198112
-19035.69500311735
-23911.318004154975
-26189.26600463551
-25009.86900438937
-20633.66500347652
-13349.789001965657
-7704.357000778824
-3597.610999992081
-1379.193999980409
-319.8010000005272
-49.975000000006936
0.0
0.0
0.0
-49.94700000000692
-169.85300000019
-619.4749999971685
-1898.4829999671845
-3467.4100000437797
-6584.859000583426
-12150.389001713293
-17436.23600282112
-23351.209004032728
-26019.241004588028
-25599.783004496265
-22232.95400379318
-15878.596002488024
-12491.91400174414
-15139.411002271272
-21503.813003624564
-26569.070004703914
-28776.710005155666
-25209.76200443351
-19854.419003299376
-12240.554001710672
-6115.6070004363555
-2418.4969999694154
-919.574999991027
-229.85200000038526
-39.9820000000029
-19.981999999999804
0.0
0.0
-29.96700000000073
-129.87999999997606
-589.5069999988294
-1638.7379999735556
-3187.6660000325332
-7324.386000710485
-12650.016001818365
-17766.003002894395
-23541.30000408022
-25779.765004536875
-24210.97700422603
-20594.239003487113
-14509.99700225152
-15049.692002276464
-19275.81200314244
-25270.398004432285
-29766.478005379115
-29885.69800539817
-25129.731004409135
-18535.369003019154
-10641.90800137503
-5066.368000216902
-2008.760999964638
-949.5199999898427
-349.8010000007448
-30.003000000000732
-19.981999999999804
0.0
0.0
-29.967000000000727
-49.94700000000692
-449.6490000006193
-1358.9839999799603
-2908.04200001053
-7264.530000703197
-12709.929001847855
-18605.458003074466
-23931.1720041623
-26019.445004586305
-25949.631004567153
-21034.00700359892
-18446.694003041375
-20384.901003394214
-24441.28300424902
-28807.0430052057
-32953.42100567722
-31194.57500566161
-25549.473004471507
-17006.603002704072
-9972.422001239182
-4896.54600019615
-2248.550999971141
-1159.308999984503
-419.72300000066326
-39.99400000000291
0.0
0.0
0.0
-19.977999999999806
-9.988999999999903
-309.7760000005632
-1259.0629999824052
-3597.4960000074307
-7744.228000796944
-13069.830001921238
-19334.848003215222
-23911.128004164133
-26588.702004706036
-27547.997004896268
-23851.602004174834
-22512.822003874415
-25130.372004390654
-28487.473005112566
-32533.56100597928
-34501.825002860925
-31774.235005770424
-23980.77200415917
-16007.550002512622
-10052.31300126723
-5585.759000336183
-2818.184999987743
-1349.2069999804344
-309.7920000004129
-19.981999999999804
0.0
0.0
0.0
0.0
-19.977999999999806
-289.7620000005528
-1139.1849999853093
-4047.212000023126
-7944.016000848056
-13379.6330019724
-18705.42000308493
-22462.45200388114
-25909.392004578367
-26938.38100478463
-23991.096004209154
-24320.972004243147
-27637.71900490079
-28896.8630052183
-32443.557005964096
-33722.667004286974
-30685.2370055405
-23970.806004145557
-16077.506002530414
-10581.969001379119
-6035.608000442752
-3327.797000002526
-1389.1359999790361
-379.7440000002554
-109.94599999994661
0.0
0.0
0.0
0.0
-39.97600000000289
-459.62800000123076
-1488.9159999773633
-4576.569000117039
-8213.694000897605
-12640.278001823395
-17596.597002857307
-21522.9970036773
-24180.7330042207
-23840.920004161024
-21453.433003684968
-23441.601004044733
-25929.339004561756
-27298.119004904467
-31884.118005834192
-33172.8430053416
-28846.86400516675
-23271.550004002587
-15907.54200250483
-10901.801001460331
-6385.280000516169
-3307.688000012451
-1568.9979999746529
-519.6250000002071
-99.94099999998143
0.0
0.0
0.0
0.0
-69.94900000001147
-569.5369999992647
-1868.6899999681937
-4866.357000195426
-8563.534000961481
-12270.737001748246
-15987.555002520226
-18755.311003109982
-20154.13400339655
-19494.910003262703
-18895.605003116172
-20783.94200347466
-23071.80200398371
-26219.164004679653
-30805.259005594795
-31064.956005625376
-27647.875004907266
-22272.420003800897
-15827.68900249006
-10851.763001453817
-6764.973000587424
-3507.598000028092
-1838.7489999683899
-649.473999996658
-99.93299999998143
-19.9899999999998
0.0
0.0
0.0
-129.89699999992015
-769.3669999942842
-2328.1939999755887
-5176.067000292875
-9023.346001066602
-12770.169001837758
-15518.07500240612
-17006.864002738625
-16767.408002707332
-16457.775002625072
-17416.876002785808
-18885.652003094092
-21693.095003724047
-27278.0970048626
-30645.187005536794
-29196.250005240625
-25279.672004435728
-20793.491003507614
-15248.0360023657
-9522.70100120497
-6355.337000522958
-3647.3350000223804
-1708.7559999715174
-579.5579999986891
-109.94199999994662
19.9899999999998
0.0
0.0
0.0
-179.85900000017114
-949.2039999895592
-3027.5540000127453
-5925.380000460627
-9902.47800126979
-13009.902001907727
-14818.551002283637
-15248.476002406676
-16217.845002589738
-16247.974002582243
-17486.972002830662
-19595.093003286252
-24200.84000422917
-28107.417005021234
-29715.664005344
-27667.70100492939
-24130.58200420085
-19324.60000320256
-13269.671001969666
-9173.009001105205
-5316.108000313851
-3017.7729999948006
-1588.8139999749928
-449.60500000084767
-59.95400000002731
39.980000000002896
0.0
0.0
0.0
-139.8780000000438
-1208.880999984038
-3117.396000014311
-6484.9040005598645
-10291.863001357386
-13199.522001965028
-15517.876002436213
-17296.716002793146
-17886.449002924815
-19785.033003293956
-20754.290003521637
-23801.524004149134
-27038.37800480591
-28157.354005035428
-27777.509004960346
-26508.844004688315
-21872.433003734033
-16177.463002575216
-11910.750001670682
-7434.4090007426075
-4256.736000085396
-2388.1649999753276
-1089.1039999866114
-279.73200000056323
-29.98900000000073
0.0
0.0
0.0
0.0
-129.88199999997607
-909.1669999911855
-2887.5559999843754
-5735.431000398018
-9212.572001147431
-12210.423001777317
-14628.543002272045
-17246.636002798103
-20374.32300342341
-23401.80300403302
-24490.985004288905
-26339.330004669893
-27557.972004913696
-27038.275004803178
-26089.14500459347
-22642.16000388359
-16996.886002746145
-13329.907001967356
-9392.87500114249
-5765.587000389883
-3127.6140000031264
-1628.7579999737397
-649.4679999966582
-169.85600000014716
-19.997999999999795
0.0
0.0
0.0
0.0
-109.89399999994669
-559.4649999998537
-1688.5859999724626
-4186.612000054767
-7473.876000754776
-10381.804001379021
-12580.084001851277
-16027.587002543378
-19754.967003306443
-21234.062003637922
-23382.06500408014
-24191.297004238113
-23781.472004142917
-22612.43500389299
-20074.786003363857
-16677.357002667308
-13000.274001906955
-9613.021001189716
-6275.399000486612
-3627.3900000260423
-2198.326999968038
-899.3569999910209
-419.64500000025487
-99.89700000001434
-39.97600000000289
0.0
0.0
0.0
0.0
-39.964000000002876
-339.7090000007754
-989.2619999892439
-2178.3219999666917
-4846.214000169121
-7474.037000732729
-10002.264001275591
-12910.089001889459
-15698.139002488839
-18236.090003021654
-19525.374003291356
-19425.343003258953
-18186.229002993707
-16987.039002727797
-14389.1140021898
-12080.766001689763
-8873.393001025603
-5895.612000415777
-3637.22900002324
-2008.579999964436
-1079.2049999866401
-469.6990000004212
-219.82800000032154
-39.96600000000288
-19.983999999999803
0.0
0.0
0.0
0.0
0.0
-139.90999999993994
-469.7300000006643
-899.3899999910201
-2178.364999967109
-3966.9770000357535
-5845.478000427866
-8243.579000934877
-11121.22200150935
-12680.063001847602
-14228.766002148157
-13199.529001951143
-12490.228001784906
-11101.349001489078
-9023.024001068568
-7254.353000677939
-5155.977000244932
-3077.6310000044864
-1928.5289999658926
-1139.1769999847033
-579.5939999979731
-309.80100000056325
-59.9460000000273
0.0
0.0
0.0
0.0
0.0
0.0
0.0
-19.983999999999803
-69.97600000001142
-349.78900000048174
-969.3029999898339
-2108.373999965485
-3077.5550000148105
-4426.464000140659
-5065.852000305471
-6094.859000480616
-5955.048000457345
-6035.067000448718
-5895.155000414129
-4885.982000221442
-4026.6600000626026
-3117.355000006738
-2298.1239999703416
-1279.0079999813115
-959.2499999889806
-569.540999998537
-369.7260000008047
-129.8879999999201
-59.96200000002732
0.0
0.0
0.0
0.0
0.0
0.0
0.0
-19.999999999999794
-49.972000000006936
-129.92699999997632
-519.5740000004741
-859.2549999914155
-1438.6989999778832
-1838.3069999685504
-2247.9769999731743
-2587.627999986162
-2397.8369999795186
-2277.9309999714997
-2188.013999968798
-2138.0839999663085
-1598.582999974208
-1258.8769999823
-849.2769999921961
-409.66499999956807
-309.753000000338
-219.83100000045397
-109.92599999998949
-59.94200000002729
0.0
0.0
0.0
0.0
0.0
0.0
