0.2900000000000001
0.0
0.0
0.0
0.0
0.0
0.0
0.0
0.0
0.0
0.0
0.0
0.0
0.0
0.0
0.0
0.0
0.0
0.0
0.0
0.0
0.0
0.0
0.0
0.0
0.0
0.0
0.0
0.0
0.0
0.0
0.0
0.0
0.0
0.0
0.0
0.0
0.0
0.0
0.0
0.0
0.0
0.0
0.0
0.0
0.0
0.0
0.0
0.0
0.0
0.0
0.0
0.0
0.0
0.0
0.0
0.0
0.0
0.0
0.0
0.0
0.0
0.0
0.0
0.0
0.0
0.0
0.0
0.0
0.0
0.0
0.0
0.0
0.0
0.0
-0.02
-0.02
-0.02
0.0
0.0
0.0
0.0
0.0
0.0
0.0
0.0
0.0
0.0
0.0
0.0
0.0
0.0
0.0
0.0
0.0
-0.01
-0.01
-0.03
-0.15
-0.11999999999999998
-0.10999999999999999
0.17
0.05
0.22000000000000006
-0.09
-0.19000000000000003
-0.09
0.04000000000000001
0.05
0.10999999999999999
-0.01
-0.01
0.0
0.0
0.0
0.0
0.0
0.0
0.0
0.0
0.0
0.05
-0.02
-0.04
0.12999999999999998
0.0
0.060000000000000005
-3.469446951953614E-18
0.009999999999999997
0.17
-0.21000000000000005
-0.09
0.08
0.4000000000000002
-0.05
-0.009999999999999997
0.20000000000000004
0.04
-0.010000000000000004
-0.020000000000000004
0.07
0.08
0.0
0.0
0.0
0.0
0.0
0.0
0.01
0.01
0.0
-0.03
0.35000000000000014
0.25000000000000006
-0.26000000000000006
0.019999999999999997
-0.2700000000000001
-0.12999999999999998
-0.24000000000000005
0.060000000000000005
-0.24000000000000005
0.12999999999999998
-0.060000000000000005
-0.09
0.09999999999999999
0.38000000000000017
-0.010000000000000004
-0.060000000000000005
-0.2700000000000001
0.030000000000000006
0.04000000000000001
-0.02
-0.02
0.0
0.0
0.0
0.0
0.0
0.0
0.0
-0.04
0.13999999999999999
0.009999999999999997
-0.25000000000000006
0.07
0.19000000000000003
-0.3000000000000001
-0.12999999999999998
-0.03
0.010000000000000004
-0.09
-0.46000000000000024
-0.3000000000000001
0.17
0.12999999999999998
-0.11999999999999998
0.03
-0.03
-0.16
-0.009999999999999997
-0.060000000000000005
0.0
0.0
0.0
0.0
0.0
0.0
0.03
0.02
-0.11999999999999998
-0.03
0.07
-0.4200000000000002
-0.13999999999999999
-0.09
-0.3900000000000002
-0.26000000000000006
-0.46000000000000024
0.04000000000000001
-0.17
-0.38000000000000017
0.030000000000000006
0.21000000000000005
0.09
0.15
-3.469446951953614E-18
-0.060000000000000005
3.469446951953614E-18
-0.13999999999999999
0.0
0.0
0.0
0.0
0.0
0.0
0.0
0.03
0.02
-0.23000000000000007
-0.09
0.060000000000000005
0.16
-0.05
-0.15
0.19000000000000003
0.3200000000000001
-0.11999999999999998
0.2900000000000001
0.05
0.10999999999999999
-0.2700000000000001
0.4800000000000002
-0.11999999999999998
-0.25000000000000006
-0.03
0.10999999999999999
-0.15
-0.07
-0.01
0.0
0.0
0.0
0.0
-0.03
0.0
0.0
-0.060000000000000005
-0.23000000000000007
-0.12999999999999998
-0.2900000000000001
-0.009999999999999997
-0.019999999999999997
-0.23000000000000007
-0.04000000000000001
-0.24000000000000005
0.13999999999999999
0.019999999999999997
0.060000000000000005
0.15
-3.469446951953614E-18
-0.060000000000000005
-0.26000000000000006
-0.060000000000000005
-0.10999999999999999
-0.15
-0.23000000000000007
-0.13999999999999999
-0.07
0.0
0.0
0.0
0.0
0.0
0.0
0.0
-0.05
-0.12999999999999998
-0.18000000000000002
-0.13999999999999999
-0.11999999999999998
0.08
-0.09
0.11999999999999998
-0.08
0.04
0.3300000000000001
0.19000000000000003
0.35000000000000014
-0.04
-0.2900000000000001
-0.12999999999999998
0.08
-0.23000000000000007
-0.19000000000000003
-0.22000000000000006
-0.13999999999999999
0.04
-0.01
0.0
0.0
0.0
0.0
0.0
0.0
-0.05
-0.09999999999999999
0.08
0.060000000000000005
0.05
-0.12999999999999998
0.04
0.019999999999999997
-0.16
-0.09999999999999999
0.35000000000000014
0.13999999999999999
0.35000000000000014
-0.19000000000000003
3.469446951953614E-18
0.04000000000000001
-0.22000000000000006
-0.07
-0.08
-0.12999999999999998
-0.07
0.09
-0.01
0.0
0.0
0.0
0.0
0.0
0.0
0.0
-0.05
0.2800000000000001
0.09
0.009999999999999997
-0.05
-0.2700000000000001
-0.37000000000000016
-0.15
0.23000000000000004
0.23000000000000007
0.5100000000000002
-0.24000000000000005
0.060000000000000005
0.18000000000000002
0.05
-0.3200000000000001
-0.18000000000000002
-0.05
-0.04
-0.04
-0.02
0.0
0.0
0.0
0.0
0.0
0.0
0.0
0.0
0.060000000000000005
0.22000000000000006
0.18000000000000002
0.060000000000000005
-0.09
-0.2900000000000001
-0.3100000000000001
0.04
0.11999999999999998
0.25000000000000006
0.19000000000000003
0.21000000000000005
0.10999999999999999
0.020000000000000004
-0.34000000000000014
-0.2800000000000001
-0.23000000000000007
-0.09
-0.02
-0.02
-0.02
0.0
0.0
0.0
0.0
0.0
0.0
0.0
0.0
0.060000000000000005
-0.010000000000000004
-0.13999999999999999
-0.08
-0.24000000000000005
-0.13999999999999999
-0.18000000000000002
-0.030000000000000006
0.23000000000000004
0.24000000000000005
0.060000000000000005
-0.08
0.04
-0.08
-0.34000000000000014
-0.019999999999999997
-0.009999999999999997
-0.07
-0.03
-0.03
0.09999999999999999
0.09999999999999999
0.0
0.0
0.0
0.0
0.0
0.0
0.0
-0.04
-0.05
-0.09999999999999999
0.05000000000000001
-0.15
-0.3900000000000002
0.16
0.08
0.3300000000000001
0.47000000000000025
0.09
0.24000000000000005
-0.2900000000000001
0.15
-0.24000000000000007
-0.11999999999999998
-0.060000000000000005
-0.09999999999999999
-0.060000000000000005
-0.01
0.0
0.0
0.0
0.0
0.0
0.0
0.0
0.0
0.01
0.0
-0.060000000000000005
-0.10999999999999999
-0.019999999999999997
-0.08
-0.009999999999999997
0.010000000000000004
0.04000000000000001
0.12999999999999998
0.34000000000000014
0.20000000000000004
-0.3100000000000001
0.3100000000000001
-0.22000000000000006
-0.05
-0.3200000000000001
-0.16
-0.08
-0.10999999999999999
-0.01
0.0
0.0
0.0
0.0
0.0
0.0
0.0
0.0
0.01
0.0
-0.04
-0.11999999999999998
-0.04
-0.21000000000000005
-0.04
-0.2700000000000001
-0.24000000000000005
0.17
0.4300000000000002
-0.2700000000000001
-0.13999999999999999
-0.3300000000000001
-0.34000000000000014
3.469446951953614E-18
-0.17
-0.17
-0.09999999999999999
-0.15
-0.02
0.0
0.0
0.0
0.0
0.0
0.0
0.0
0.0
0.0
-0.08
0.020000000000000004
-0.26000000000000006
0.010000000000000004
-0.060000000000000005
-0.019999999999999997
-0.07
0.16
0.07
0.2900000000000001
-0.15
-0.24000000000000005
0.13999999999999999
-0.35000000000000014
0.060000000000000005
0.09999999999999999
-0.20000000000000004
-0.18000000000000002
-0.11999999999999998
-3.469446951953614E-18
0.0
0.0
0.060000000000000005
0.0
0.0
0.0
0.0
0.0
0.0
-0.05
-0.21000000000000005
-0.22000000000000006
-0.4100000000000002
0.060000000000000005
0.3900000000000002
-0.09999999999999999
0.07
-0.020000000000000004
0.04
0.20000000000000004
-0.17
-0.2800000000000001
0.35000000000000014
0.25000000000000006
0.2900000000000001
3.469446951953614E-18
-0.05
0.11999999999999998
0.17
0.11999999999999998
0.0
0.060000000000000005
0.0
0.0
0.0
0.0
0.10999999999999999
0.10999999999999999
-0.009999999999999997
0.17
0.12999999999999998
-0.04
-0.10999999999999999
0.22000000000000006
0.17
0.15
0.15
0.22000000000000003
-0.019999999999999997
0.5500000000000003
-0.13999999999999999
0.19000000000000003
0.16
-0.04
0.18000000000000002
-0.010000000000000004
0.060000000000000005
0.15
0.35000000000000014
0.0
0.0
0.0
0.0
0.0
0.0
0.10999999999999999
0.10999999999999999
-0.009999999999999997
0.5000000000000002
-0.10999999999999999
-0.04
0.4000000000000002
-0.10999999999999999
-0.21000000000000005
-0.08
0.11999999999999998
-0.19000000000000003
-0.15
0.009999999999999997
0.13999999999999999
-0.25000000000000006
3.469446951953614E-18
0.21000000000000005
0.21000000000000005
0.12999999999999998
0.07
0.3100000000000001
0.22000000000000006
0.0
0.0
0.0
0.0
0.0
0.0
0.10999999999999999
0.10999999999999999
-0.05
0.17
0.21000000000000005
-0.19000000000000003
-0.12999999999999998
-0.05
-0.24000000000000005
0.07
-0.09999999999999999
0.2700000000000001
3.469446951953614E-18
-0.3000000000000001
0.08
0.060000000000000005
-0.12999999999999998
-0.010000000000000004
0.26000000000000006
0.13999999999999999
0.15
0.22000000000000006
0.23000000000000007
0.0
0.0
0.0
0.0
0.0
0.0
0.0
-0.25000000000000006
-0.09999999999999999
-0.09
-0.05
0.019999999999999997
0.009999999999999997
3.469446951953614E-18
-0.24000000000000005
-0.18000000000000002
-0.21000000000000002
0.13999999999999999
0.009999999999999997
0.12999999999999998
0.2800000000000001
0.37000000000000016
0.16
0.09
-0.12999999999999998
-0.08
-0.07
0.0
0.0
0.0
0.0
0.0
0.0
0.0
0.0
0.0
-0.25000000000000006
-0.23000000000000007
-0.17
-0.23000000000000007
-0.16
-0.12999999999999998
0.11999999999999998
-0.13999999999999999
-0.21000000000000005
0.21000000000000005
-0.019999999999999997
0.009999999999999997
0.09
-0.07
0.04
0.03
0.019999999999999997
-0.20000000000000004
0.0
0.0
0.0
0.0
0.0
0.0
0.0
0.0
0.0
0.0
0.0
0.0
0.0
-0.03
-0.05
-0.09
-0.16
-0.24000000000000007
-0.12999999999999998
-0.07
-0.17
-0.16
-0.18000000000000002
-0.04
-0.02
-0.02
0.0
0.0
0.0
0.0
-0.01
-0.01
0.0
0.0
0.0
0.0
0.0
0.0
0.0
0.0
0.0
-0.01
-0.03
-0.02
-0.05
-0.05
-0.09
-0.09999999999999999
-0.09999999999999999
-0.03
-0.02
-0.02
0.0
0.0
0.0
0.0
0.0
0.0
0.0
0.0
0.0
0.0
0.0
0.0
0.0
0.0
