41.82000000000025
0.0
0.0
-7.39999999999993
-3.719999999999946
-0.5000000000000387
-5.039999999999441
0.01000000000000455
-0.41999999999999105
0.0
-0.6299999999999846
-0.6800000000000694
-0.3600000000000384
-0.7099999999996972
0.02999999999993408
-1.3600000000001031
-5.489999999999935
6.479999999999906
-3.6700000000002455
-0.7000000000001265
0.30000000000000365
0.5200000000002162
0.19000000000021938
-3.0000000000000204
2.669999999999849
5.3399999999998595
3.449999999999694
-2.63999999999998
0.4100000000000673
0.7799999999995546
-0.979999999999913
-0.20999999999998342
-3.7700000000000604
0.7700000000000004
-1.4100000000000008
-1.4099999999997657
-0.24000000000003435
-0.029999999999978474
0.2900000000000687
-0.7599999999999065
2.440000000000517
2.279999999999945
1.799999999999624
-1.14999999999997
-1.7999999999998078
-1.3099999999999956
-0.4599999999999309
-2.120000000000015
0.0
0.0
