0.33800000000000024
0.0
0.0
0.0
0.0
0.0
0.0
0.0
0.0
-0.1500000000000001
-0.07500000000000005
0.0
0.0
0.0
0.0
0.0
0.0
0.0
0.0
0.0
-0.024000000000000007
-0.19100000000000014
-0.25500000000000017
0.2840000000000002
-0.15100000000000002
0.2920000000000002
0.24900000000000017
0.07800000000000006
0.0
0.17700000000000013
0.0
0.0
0.002
0.006
0.5000000000000003
0.09699999999999986
-0.13200000000000012
-0.22400000000000023
0.2030000000000001
-0.07400000000000029
0.023000000000000437
0.24800000000000016
-0.39900000000000035
0.1470000000000001
-0.05100000000000003
-0.002
0.0
0.0
-0.10400000000000008
0.07800000000000012
-0.4200000000000003
0.004999999999999976
-0.25300000000000017
-0.35500000000000026
-0.46500000000000036
0.23800000000000016
-0.12899999999999998
-0.11800000000000034
-0.3000000000000002
-0.18100000000000013
-0.002
0.0
-0.008
-0.4090000000000003
-0.3070000000000002
0.017999999999999683
-0.16200000000000006
0.124
0.17000000000000007
-0.019999999999999858
-0.022000000000000505
-0.2880000000000002
0.060000000000000164
-0.5350000000000004
0.11500000000000009
-0.004
0.0
0.0
-0.3820000000000003
-0.6610000000000006
-0.2790000000000002
0.09399999999999985
-0.12600000000000003
0.19200000000000014
0.31900000000000023
-0.22800000000000017
0.17800000000000002
-0.6650000000000005
-0.04100000000000001
0.1440000000000001
0.0
0.0
0.0
-0.04000000000000003
0.6640000000000005
0.36900000000000027
-0.46100000000000035
-0.041999999999999954
0.3000000000000002
0.24600000000000016
0.2050000000000001
-0.22200000000000014
-0.02099999999999999
-0.04300000000000001
0.21400000000000016
0.23300000000000018
0.0
0.0
0.1450000000000001
-0.5530000000000004
-0.41300000000000037
-0.16200000000000012
0.020000000000000493
0.2940000000000002
0.08000000000000004
-0.05800000000000029
0.0180000000000004
-0.43900000000000033
-0.024999999999999998
-0.005
0.0
0.0
0.0
-0.018
-0.09100000000000015
0.1470000000000001
0.07299999999999968
-0.36500000000000027
0.2680000000000002
-0.09199999999999875
-0.22400000000000017
-0.18400000000000016
-0.07600000000000003
-0.05600000000000002
0.1360000000000001
0.1320000000000001
0.0
0.0
-0.18300000000000013
-0.5630000000000004
-0.5810000000000004
0.4350000000000004
-0.09399999999999975
0.3420000000000002
-0.12899999999999998
0.1200000000000001
0.5920000000000004
0.20300000000000015
-0.3080000000000002
0.7590000000000006
0.09600000000000007
0.0
0.07000000000000005
-0.08700000000000013
0.5810000000000004
-0.13300000000000006
0.06500000000000002
-0.18900000000000017
-0.1370000000000002
0.21600000000000022
-0.17200000000000024
-0.20900000000000005
0.13200000000000012
0.17000000000000012
1.0170000000000001
0.0
0.0
0.07000000000000005
-0.3040000000000002
-0.09400000000000006
0.041000000000000064
-0.016999999999999932
0.027999999999998942
0.12199999999999955
-0.007000000000000907
0.3850000000000003
0.46900000000000036
-0.5740000000000004
-0.3090000000000002
0.0
0.0
0.0
0.0
-0.003
-0.16100000000000012
-0.25200000000000017
-0.2930000000000002
-0.06300000000000003
-0.5120000000000003
-0.33800000000000024
-0.1230000000000001
-0.09500000000000004
-0.023000000000000013
-0.006
0.0
0.0
0.0
