-33927.283002235694
0.0
0.0
0.0
0.0
0.0
0.0
0.0
0.0
0.0
0.0
0.0
0.0
0.0
0.0
0.0
0.0
0.0
0.0
0.0
0.0
0.0
0.0
0.0
0.0
0.0
0.0
0.0
0.0
0.0
0.0
0.0
0.0
0.0
0.0
0.0
0.0
-19.983999999999803
-29.982000000000728
-19.987000000001444
-79.95799999999505
-39.98300000000021
-69.94100000001147
-59.947000000001864
-89.9389999999822
-159.8730000000808
-99.93100000001435
-79.93000000000076
-49.95900000000693
-59.9480000000273
-39.96500000000022
-29.973000000000727
-19.981999999999804
0.0
0.0
0.0
0.0
0.0
0.0
0.0
0.0
0.0
0.0
-19.983999999999803
0.0
-19.983999999999803
-79.94199999999509
-69.94699999999763
-129.9250000000323
-289.8270000004704
-399.70200000025045
-649.4989999972955
-1069.164999987314
-1378.903999979514
-1868.5109999679762
-2208.1959999705537
-2278.1669999727023
-1758.5779999701183
-1189.026999983558
-659.4629999963446
-299.75500000046867
-129.89399999992014
-29.97500000000073
-19.981999999999804
0.0
0.0
0.0
0.0
0.0
0.0
0.0
0.0
0.0
-59.952000000027304
-149.89400000006046
-249.80900000053754
-419.6999999998464
-939.2869999901419
-1329.0339999803696
-2198.3819999685343
-2967.7559999960713
-3777.114000040992
-5076.220000246702
-6155.29100046757
-6165.235000490944
-5775.6410004163035
-4506.605000152178
-3357.5020000140635
-1998.6009999651117
-859.3989999914121
-479.6730000003137
-199.88800000026274
-99.91999999994853
0.0
0.0
0.0
0.0
0.0
0.0
0.0
-19.983999999999803
-49.96000000000693
-409.7240000009352
-649.5169999977203
-1259.0669999831732
-2148.423999966206
-3527.5500000078828
-5106.286000243987
-6935.070000632853
-8553.989000967733
-9823.365001247588
-11342.24500155853
-11952.05200170617
-12191.777001758815
-11382.376001568542
-8864.27300103579
-6186.00300049172
-4507.019000109541
-2988.0209999867448
-1728.803999971305
-1169.2119999848169
-569.5819999995061
-99.94999999994846
0.0
0.0
0.0
0.0
0.0
19.983999999999803
-49.97600000000694
-319.7940000006177
-909.3369999908778
-1608.841999973848
-3147.7650000049994
-5216.380000270011
-8264.313000892083
-11232.476001519419
-14330.427002169628
-16868.828002697417
-18337.856003014163
-19247.53600322049
-19997.208003376785
-19517.528003282125
-17848.687002927833
-15350.125002393712
-12661.726001823165
-10263.153001309622
-7105.159000663572
-5146.503000235201
-3197.7369999970624
-1968.522999966257
-529.6380000006475
-99.93799999994849
0.0
0.0
0.0
0.0
-19.983999999999803
-239.83400000044742
-649.582999997081
-1509.0109999762637
-3417.641000006018
-5506.274000346648
-9193.886001100149
-13451.071001976214
-18028.049002924658
-21675.78300368731
-25153.174004400254
-27501.841004883732
-27272.03000486161
-26213.16100466715
-25903.494004588403
-23824.8530041564
-21935.823003743066
-18637.875003060326
-15379.794002377634
-11562.292001590702
-7964.503000844954
-5076.453000239528
-3067.6829999933034
-1309.0289999817614
-269.81300000055705
-79.96199999999504
0.0
-19.981999999999804
-39.96600000000288
-59.9500000000273
-399.6810000004364
-1409.034999979475
-2758.003999985559
-5386.21000029812
-8644.12100097984
-13950.605002063949
-20036.40300331889
-24643.12200428192
-29689.683005313746
-33477.17500506687
-33307.60600520962
-31868.710005784316
-30510.016005509322
-29071.0610052241
-29560.405005300778
-28011.253004971302
-24693.328004302002
-20446.150003426854
-15239.567002351758
-10333.018001333134
-6395.683000517363
-3717.3910000160786
-1838.6839999689923
-439.7010000002675
-69.98600000001142
0.0
-19.981999999999804
-29.973000000000727
-169.85700000014717
-759.4219999945926
-2008.4599999645077
-4037.098000041824
-6935.165000631551
-11531.940001574185
-16918.49300268993
-23064.215003960584
-28890.157005156238
-32507.495005910907
-32917.35600574775
-31039.12300562667
-28041.437005005864
-26612.57500469765
-25893.06500456635
-28241.262005037297
-28620.631005120882
-27191.418004827636
-22994.156003961813
-17348.215002791203
-11542.341001578958
-6625.707000565878
-3297.823000013139
-1568.918999975007
-519.6750000012693
-59.98800000002735
0.0
-19.981999999999804
-69.95300000001146
-309.75100000063827
-799.38999999302
-2338.2809999731785
-4856.579000194627
-7924.483000846761
-12461.439001788618
-18027.644002943398
-24713.144004312937
-30359.260005466214
-31997.95100581882
-31198.77500565218
-27151.9250048128
-22675.29100387413
-20327.288003382946
-23154.94400396827
-26912.116004760606
-28660.38000513669
-27780.84800495507
-23254.013004026372
-16259.149002580178
-10473.316001358897
-5946.236000394911
-2528.4419999762795
-1239.2069999838516
-209.8980000002915
-19.9919999999998
0.0
0.0
-39.96200000000022
-269.7790000005549
-749.4059999939831
-2148.4029999678332
-4596.861000158623
-7784.648000828033
-12761.317001851523
-18987.076003137074
-26631.660004692105
-30519.10200550224
-30828.943005571517
-27881.049004955
-21835.71200369751
-16609.974002590057
-16500.333002556596
-21196.43000355802
-26812.18400474439
-29479.934005306382
-28330.37000506565
-23394.137004036438
-15040.177002309667
-8624.614000966612
-4057.6749999998983
-1539.2269999765285
-419.7650000006633
-49.98200000000694
0.0
0.0
0.0
-49.955000000006926
-179.87100000025214
-699.4809999953085
-2148.528999966801
-3937.4470000644787
-7354.977000740471
-13730.67000203339
-19786.617003297524
-26181.966004611524
-29210.177005239464
-28830.58100515466
-24903.762004336102
-17479.39500281847
-13782.441002009118
-17019.89700265093
-24034.52300413748
-29789.714005358448
-32087.694005833786
-28430.305005089143
-22275.00300379113
-13531.112001978063
-6845.794000583654
-2738.5569999731692
-1009.5929999889236
-259.86700000053224
-39.9830000000029
-19.983999999999803
0.0
0.0
-29.973000000000727
-169.87000000014726
-639.527999997621
-1808.8099999696383
-3597.74900005158
-8094.6420008686555
-14080.477002112892
-20336.29900341513
-26332.149004652678
-28900.687005174976
-27071.78800480858
-22914.932003957954
-16240.515002600318
-16800.205002631505
-21566.490003608826
-28141.274005018295
-33337.23800505836
-33546.485004741015
-28290.364005052288
-20945.755003507296
-11952.189001642522
-5756.496000357197
-2288.8259999703564
-979.5629999891086
-369.819000000805
-29.99800000000073
-19.983999999999803
0.0
0.0
-29.97300000000073
-59.95100000000186
-489.6870000007132
-1479.069999977167
-3467.9610000310654
-8124.7260008827425
-14470.265002204093
-20945.949003551552
-26891.915004765502
-28780.599005152955
-29110.458005209464
-23654.563004128133
-20377.345003437975
-22725.520003871265
-27401.93200485273
-32038.22600586597
-36804.30499872053
-34945.535002546116
-28690.15000511104
-19326.92500317504
-11292.618001509773
-5576.701000333724
-2528.5979999803285
-1189.4159999837811
-419.78400000066324
-39.99000000000291
0.0
0.0
0.0
-19.981999999999804
-29.97900000000073
-349.8030000006133
-1379.1719999795077
-4187.449000037419
-8784.345001010412
-14800.15000227642
-21655.500003689704
-26911.91000477385
-29679.780005336965
-30679.02300553407
-26632.160004739027
-25183.467004418384
-28211.144005016253
-31858.361005800547
-36444.52499896709
-38542.9009954741
-35515.308001837046
-26911.37400475603
-17977.978002915694
-11292.522001525178
-6465.831000512503
-3098.2689999959152
-1429.2919999786238
-329.7970000003738
-19.983999999999803
0.0
0.0
0.0
0.0
-19.981999999999804
-319.7840000005271
-1289.260999981783
-4507.370000111646
-9074.156001077665
-15169.951002339845
-21105.97700357524
-25103.32700441952
-28890.33600518611
-30009.289005410523
-26771.839004776204
-27431.62500487545
-31048.40400559437
-32237.80900590076
-36414.53699891658
-37743.82699703244
-34376.277003649935
-26551.751004674992
-18087.920002939838
-11872.316001643316
-6845.638000606396
-3667.9180000127653
-1519.1969999760809
-419.7590000002547
-129.9479999999204
0.0
0.0
0.0
0.0
-59.96200000002732
-499.65700000113276
-1659.0049999732612
-5196.719000241784
-9433.863001145362
-14290.661002162637
-19777.117003303334
-24313.476004244163
-27271.354004848705
-26471.75400470012
-24143.881004231014
-26172.186004601375
-28900.08900516914
-30249.18300551165
-35904.87400033386
-37053.86899918711
-32367.72500588275
-25892.355004538244
-17848.04800289946
-12202.137001722822
-7025.542000648871
-3707.7650000230096
-1749.0379999705292
-629.6189999977285
-99.94999999998142
0.0
0.0
0.0
0.0
-89.9349999999822
-649.5479999975071
-2168.6719999666084
-5566.476000335964
-9673.788001190744
-13941.04600208808
-18217.942002974414
-21205.869003607648
-22754.61400392554
-21575.72400369117
-20996.303003544945
-23454.246004018103
-25702.502004526395
-29489.848005347652
-34905.76800248319
-34566.04400327407
-31008.746005590972
-24853.280004325625
-17628.3040028559
-12132.142001712853
-7535.184000742955
-3827.764000042742
-2018.8079999641693
-749.4659999943503
-119.91799999995304
-19.9919999999998
0.0
0.0
0.0
-149.90000000001194
-899.3629999913279
-2708.169999989414
-5866.227000431566
-10133.663001292678
-14430.472002177408
-17398.54900279279
-19057.451003160586
-18697.92300310238
-18348.31100300895
-19607.28000322995
-21405.927003607092
-24293.64900425841
-30848.538005588747
-34306.082003702955
-32647.179005943533
-28230.66200503667
-23094.352003977012
-16918.7490027057
-10533.096001414659
-7135.482000682682
-4097.415000035859
-1908.8059999669135
-649.568999997081
-109.93899999994662
19.993999999999797
0.0
0.0
0.0
-209.86300000032597
-1059.2359999866896
-3397.6410000322912
-6625.633000601843
-11092.885001512694
-14730.280002257741
-16698.968002668196
-17278.74400281782
-17878.49200293279
-18438.336003025615
-19607.382003264105
-21945.63300376608
-27381.3890048768
-31478.18700570982
-33326.63600516092
-30838.73500557567
-26961.482004776597
-21485.440003641877
-14740.209002270529
-10193.345001316573
-5926.237000442235
-3437.7970000080054
-1748.8499999711657
-499.6250000008703
-59.95400000002731
39.9860000000029
0.0
0.0
0.0
-169.87500000019008
-1358.9469999803678
-3457.510000035381
-7195.14400070763
-11642.144001632698
-14770.113002289594
-17438.318002830485
-19237.344003194936
-19986.99100335486
-22305.5080038076
-23324.720004045463
-26802.178004760048
-30359.09000548279
-31408.3330057003
-31198.253005656774
-29409.891005279063
-24323.381004232335
-17918.177002928645
-13241.256001943175
-8284.647000921375
-4826.775000209263
-2808.1459999905237
-1309.0589999814442
-329.6970000005839
-29.98300000000073
0.0
0.0
0.0
0.0
-149.8850000000604
-1059.184999987734
-3257.62299999272
-6365.675000531317
-10402.798001388235
-13950.744002131669
-16478.976002651976
-19537.080003263825
-22725.033003905057
-26192.46900460081
-27241.97000484951
-29430.162005300186
-30768.945005569534
-30229.221005454074
-29240.000005235135
-25153.015004397672
-19007.505003154543
-14890.275002282307
-10353.253001341407
-6555.650000549534
-3527.669000020955
-1908.7179999670602
-799.4179999931921
-219.8130000003877
-19.9909999999998
0.0
0.0
0.0
0.0
-109.91099999994665
-639.4859999980539
-1898.6399999675446
-4686.728000153714
-8374.135000935248
-11742.141001652333
-14310.50500220104
-17898.178002928373
-22015.628003767793
-23754.664004149494
-25743.17000456357
-26932.099004796877
-26582.323004713955
-25043.41100439101
-22655.299003886794
-18737.765003086566
-14470.792002207374
-10683.363001409612
-6925.580000623836
-4147.367000050134
-2418.4069999745234
-1059.3079999872095
-539.5959999997841
-119.88300000000413
-39.972000000002886
0.0
0.0
0.0
0.0
-39.96800000000288
-359.736000000846
-1089.310999986987
-2408.419999971506
-5366.3920002723125
-8314.428000902088
-10992.910001480528
-14630.430002233577
-17378.718002832207
-19986.949003381
-21516.175003699238
-21755.853003732427
-20266.779003417683
-18937.666003125323
-16199.46700255625
-13521.23700198395
-9953.649001246658
-6615.795000567525
-4127.317000051085
-2268.6389999718017
-1199.236999983853
-529.6920000001246
-219.84800000032163
-39.96800000000288
-19.983999999999803
0.0
0.0
0.0
0.0
0.0
-139.91999999994
-469.77500000066436
-979.4099999892532
-2398.4769999722685
-4397.11700010134
-6545.669000569413
-9263.855001139538
-12231.788001739356
-13990.635002115614
-15859.22900247735
-14710.096002258852
-13990.724002092038
-12371.737001748215
-10093.209001285923
-8084.584000851466
-5676.200000356813
-3427.787000021323
-2138.6479999681173
-1259.227999981853
-639.5769999967558
-309.82500000056325
-59.9500000000273
0.0
0.0
0.0
0.0
0.0
0.0
0.0
-19.9879999999998
-89.95799999998218
-389.8120000005159
-1119.328999986121
-2368.4509999736783
-3517.5760000384817
-5016.557000263518
-5695.903000434457
-6725.105000608682
-6725.078000604588
-6695.309000588932
-6705.261000580495
-5436.136000338403
-4566.68700016243
-3477.5210000248344
-2548.229999978282
-1379.0629999790096
-1009.3299999878349
-609.5809999977095
-369.76500000080483
-129.90999999992022
-59.970000000027326
0.0
0.0
0.0
0.0
0.0
0.0
0.0
-19.9879999999998
-49.972000000006936
-149.9110000000605
-589.5779999988277
-1069.1859999866676
-1758.6479999702738
-2218.235999969964
-2547.9989999883255
-2897.681999995407
-2667.9029999914
-2498.032999982232
-2478.056999980142
-2408.1379999733663
-1718.661999971254
-1388.9579999791395
-969.3099999894062
-449.7009999994768
-309.8070000003378
-219.85700000045406
-109.93899999998948
-59.9500000000273
0.0
0.0
0.0
0.0
0.0
0.0
