-0.036000000000000025
0.0
0.0
0.0
-0.08300000000000005
-0.35400000000000026
-0.16300000000000012
-0.029000000000000012
-0.07300000000000005
0.0
-0.1780000000000001
-0.13299999999999984
0.1299999999999999
0.34500000000000003
0.1569999999999998
0.08300000000000027
-0.07399999999999998
0.0
-0.096
-0.25100000000000033
0.056000000000000084
0.1330000000000005
-0.23699999999999977
0.3450000000000002
0.11500000000000007
-0.035000000000000024
0.07600000000000037
0.2880000000000001
-0.25600000000000034
-0.4220000000000002
-0.061000000000000526
0.12299999999999994
0.10599999999999997
-0.043000000000000024
-0.03000000000000007
0.3500000000000001
0.06399999999999961
-0.002999999999999982
-0.034999999999999615
-0.07399999999999998
-0.15500000000000008
-0.009000000000000001
-0.34800000000000025
0.08900000000000005
-0.149
0.06700000000000034
-0.10700000000000001
-0.22400000000000014
0.0
0.0
