-0.019999999999999997
0.0
0.0
0.0
0.0
0.0
0.0
0.0
0.0
0.0
0.0
0.0
0.0
0.0
0.0
0.0
0.0
0.0
0.0
0.0
0.0
0.0
-0.02
-0.12000000000000004
-0.19999999999999996
-0.06999999999999999
0.06
0.02
0.0
-0.01
0.0
0.0
0.0
0.0
0.0
0.0
-0.08
0.020000000000000004
0.48999999999999977
0.2099999999999999
-0.02000000000000004
-0.10999999999999996
-0.00999999999999995
-0.13
-0.15999999999999998
-0.05
0.0
0.0
0.0
-0.01
-0.09000000000000001
-0.05999999999999998
-0.13999999999999993
0.08999999999999997
0.3799999999999998
-0.020000000000000046
0.08999999999999996
0.07999999999999999
-0.16
-0.16
-0.07
0.0
0.0
0.0
-0.02000000000000001
-0.19999999999999998
-0.039999999999999994
-0.29999999999999993
0.04999999999999998
0.44999999999999984
-0.05000000000000002
-0.12999999999999998
0.26999999999999996
0.04999999999999999
-0.18000000000000002
-0.03
0.0
0.0
-0.019999999999999997
-0.12999999999999995
-0.1
0.11
0.1800000000000001
0.14999999999999997
-0.029999999999999853
0.07000000000000012
-0.12
0.20000000000000007
0.26
-0.009999999999999997
0.0
0.0
0.0
-0.020000000000000004
0.16999999999999996
0.23
0.009999999999999946
-0.07999999999999999
-0.5
-0.7400000000000001
-0.2699999999999998
-0.09999999999999995
0.08000000000000007
0.29000000000000004
0.06000000000000001
0.0
0.0
-0.03
-0.020000000000000004
0.2599999999999999
0.02999999999999994
0.2800000000000001
-0.11999999999999983
-0.7700000000000001
-0.5199999999999998
-0.14
-0.19000000000000003
0.13000000000000003
0.38
1.734723475976807E-18
0.0
0.0
-0.1
0.029999999999999992
0.47999999999999987
0.21000000000000013
-0.010000000000000026
0.09000000000000004
-0.5499999999999997
-0.14999999999999986
0.10999999999999993
0.13000000000000017
0.15000000000000002
0.15000000000000002
-0.009999999999999997
0.0
0.0
-0.05
-0.09000000000000002
0.020000000000000018
-0.040000000000000036
0.03999999999999984
0.29999999999999993
0.009999999999999972
-0.049999999999999975
0.08999999999999977
-0.06999999999999999
0.11000000000000001
0.03000000000000001
0.0
0.0
0.0
-0.01
-1.3877787807814457E-17
-0.030000000000000006
0.10999999999999997
0.21
0.5700000000000001
0.2899999999999997
0.21
-0.07000000000000005
-0.09999999999999998
0.009999999999999998
0.06
-0.01
0.0
0.0
-0.01
0.060000000000000005
0.04
0.13999999999999999
0.2700000000000001
0.3999999999999999
0.3399999999999999
0.09999999999999998
-0.14999999999999994
0.030000000000000006
-0.03
-0.04
-0.01
0.0
0.0
0.0
0.0
0.0
-0.03
-0.06
-0.04
-0.18
-0.12000000000000001
0.0
0.0
-0.01
-0.02
0.0
0.0
0.0
