-0.4990000000000004
0.0
0.0
0.0
0.0
0.0
0.0
0.0
0.0
0.0
0.0
0.0
0.0
0.0
0.0
0.0
0.0
0.0
0.0
0.0
0.0
0.0
0.0
0.0
0.0
0.0
0.0
0.0
0.0
0.0
0.0
0.0
0.0
0.0
0.0
0.0
0.0
0.0
0.0
0.0
0.0
0.0
0.0
0.0
0.0
0.0
0.0
0.0
0.0
0.0
0.0
0.0
0.0
0.0
0.0
0.0
0.0
0.0
0.0
0.0
0.0
0.0
0.0
0.0
0.0
0.0
0.0
0.0
0.0
-0.002
-0.006
-0.004
-0.008
-0.006
-0.010000000000000002
-0.009000000000000001
-0.019000000000000003
-0.013000000000000005
-0.007
-0.002
0.0
0.0
0.0
0.0
0.0
0.0
0.0
0.0
0.0
0.0
0.0
0.0
0.0
0.0
-0.002
0.0
0.0
-0.005
-0.008
-0.018000000000000002
-0.04000000000000002
-0.03800000000000002
-0.07200000000000005
-0.06900000000000005
-0.07200000000000005
-0.06500000000000004
-0.055000000000000035
-0.029000000000000012
-0.029000000000000012
-0.010000000000000002
-0.012
0.0
0.0
0.0
0.0
0.0
0.0
0.0
0.0
0.0
0.0
0.0
-0.002
-0.002
-0.005
-0.012000000000000002
-0.023000000000000007
-0.06800000000000005
-0.11200000000000009
-0.11700000000000009
-0.16400000000000012
-0.16600000000000012
-0.1380000000000001
-0.18100000000000013
-0.1430000000000001
-0.08600000000000006
-0.08200000000000006
-0.05900000000000004
-0.03500000000000002
-0.02600000000000001
-0.003
-0.006
0.0
0.0
0.0
0.0
0.0
0.0
0.0
0.0
-0.002
-0.004
-0.013000000000000001
-0.021000000000000005
-0.04000000000000002
-0.11400000000000009
-0.1430000000000001
-0.16000000000000011
-0.22100000000000017
-0.2490000000000002
-0.2580000000000002
-0.2980000000000002
-0.3090000000000002
-0.2410000000000002
-0.21700000000000016
-0.18400000000000014
-0.12500000000000008
-0.06600000000000004
-0.07800000000000006
-0.02800000000000001
-0.019000000000000003
-0.002
0.0
0.0
0.0
0.0
0.0
0.0
0.0
0.002
-0.014
-0.03600000000000002
-0.05100000000000003
-0.1210000000000001
-0.1570000000000001
-0.21700000000000016
-0.25600000000000017
-0.32800000000000024
-0.3750000000000003
-0.4190000000000003
-0.3700000000000003
-0.3980000000000003
-0.3710000000000003
-0.3170000000000002
-0.23200000000000018
-0.20800000000000016
-0.1590000000000001
-0.054000000000000034
-0.03500000000000002
-0.018000000000000002
-0.002
0.0
0.0
0.0
0.0
0.0
0.0
-0.002
-0.006
-0.034000000000000016
-0.05300000000000003
-0.12800000000000009
-0.17900000000000013
-0.17900000000000013
-0.25000000000000017
-0.35600000000000026
-0.4060000000000003
-0.5150000000000003
-0.45300000000000035
-0.43400000000000033
-0.3780000000000003
-0.35700000000000026
-0.35600000000000026
-0.3060000000000002
-0.21300000000000016
-0.1570000000000001
-0.08300000000000006
-0.044000000000000025
-0.02600000000000001
-0.006
0.0
0.0
0.0
0.0
0.0
0.0
-0.002
-0.022000000000000006
-0.03900000000000002
-0.06900000000000005
-0.1360000000000001
-0.19300000000000014
-0.2630000000000002
-0.33600000000000024
-0.35000000000000026
-0.36700000000000027
-0.46900000000000036
-0.4190000000000003
-0.45500000000000035
-0.3850000000000003
-0.3980000000000003
-0.3860000000000003
-0.2930000000000002
-0.20600000000000016
-0.19700000000000015
-0.09400000000000007
-0.06400000000000004
-0.034000000000000016
-0.021000000000000005
-0.002
0.0
0.0
0.0
0.0
-0.002
-0.01
-0.018000000000000002
-0.04200000000000002
-0.08400000000000006
-0.1450000000000001
-0.21200000000000016
-0.2760000000000002
-0.33500000000000024
-0.35500000000000026
-0.36500000000000027
-0.4130000000000003
-0.4010000000000003
-0.4070000000000003
-0.3720000000000003
-0.4120000000000003
-0.36900000000000027
-0.3060000000000002
-0.20700000000000016
-0.1530000000000001
-0.08200000000000006
-0.07700000000000005
-0.029000000000000012
-0.015000000000000001
-0.002
0.0
0.0
0.0
0.0
-0.001
-0.001
-0.024000000000000007
-0.03900000000000002
-0.06600000000000004
-0.1480000000000001
-0.21600000000000016
-0.2740000000000002
-0.33400000000000024
-0.35600000000000026
-0.3780000000000003
-0.2690000000000002
-0.32600000000000023
-0.36200000000000027
-0.4010000000000003
-0.44300000000000034
-0.3860000000000003
-0.31900000000000023
-0.21200000000000016
-0.1400000000000001
-0.055000000000000035
-0.07200000000000005
-0.02700000000000001
-0.016
0.0
0.0
0.0
0.0
0.0
-0.002
-0.003
-0.03600000000000002
-0.032000000000000015
-0.06800000000000005
-0.1470000000000001
-0.19600000000000015
-0.2850000000000002
-0.35900000000000026
-0.3160000000000002
-0.35600000000000026
-0.3040000000000002
-0.3170000000000002
-0.4040000000000003
-0.45600000000000035
-0.47700000000000037
-0.4300000000000003
-0.33300000000000024
-0.21500000000000016
-0.10300000000000008
-0.08600000000000006
-0.03500000000000002
-0.001
0.0
0.0
0.0
0.0
0.0
0.0
0.0
-0.002
-0.02700000000000001
-0.029000000000000012
-0.10000000000000007
-0.1510000000000001
-0.20300000000000015
-0.2710000000000002
-0.2790000000000002
-0.3030000000000002
-0.33100000000000024
-0.33200000000000024
-0.4050000000000003
-0.45600000000000035
-0.45200000000000035
-0.45800000000000035
-0.3930000000000003
-0.2920000000000002
-0.17100000000000012
-0.1220000000000001
-0.030000000000000013
-0.029000000000000012
-0.015000000000000001
0.0
0.0
0.0
0.0
0.0
0.0
0.0
0.0
-0.017
-0.04800000000000003
-0.08700000000000006
-0.1420000000000001
-0.2470000000000002
-0.23700000000000018
-0.2710000000000002
-0.34700000000000025
-0.36500000000000027
-0.4140000000000003
-0.44000000000000034
-0.4910000000000004
-0.4920000000000004
-0.47700000000000037
-0.3880000000000003
-0.3000000000000002
-0.18500000000000014
-0.06900000000000005
-0.03900000000000002
-0.018000000000000002
-0.007
-0.002
0.0
0.0
0.0
0.0
0.0
0.0
0.0
-0.008
-0.05100000000000003
-0.09400000000000007
-0.1360000000000001
-0.19200000000000014
-0.25400000000000017
-0.3140000000000002
-0.3700000000000003
-0.3880000000000003
-0.3830000000000003
-0.43300000000000033
-0.47600000000000037
-0.5320000000000004
-0.43200000000000033
-0.3830000000000003
-0.25000000000000017
-0.1540000000000001
-0.08000000000000006
-0.07100000000000005
-0.019000000000000003
-0.017
-0.001
0.0
0.0
0.0
0.0
0.0
0.0
0.0
-0.020000000000000004
-0.06600000000000004
-0.06100000000000004
-0.12600000000000008
-0.21600000000000016
-0.22600000000000017
-0.3010000000000002
-0.4120000000000003
-0.4240000000000003
-0.4300000000000003
-0.5240000000000004
-0.5030000000000003
-0.5350000000000004
-0.3920000000000003
-0.36100000000000027
-0.2680000000000002
-0.20700000000000016
-0.10700000000000008
-0.05900000000000004
-0.020000000000000004
-0.009000000000000001
-0.002
0.0
0.0
0.0
0.0
0.0
0.0
0.0
-0.021000000000000005
-0.05700000000000004
-0.08900000000000007
-0.08900000000000007
-0.20600000000000016
-0.23400000000000018
-0.34800000000000025
-0.35300000000000026
-0.3870000000000003
-0.47000000000000036
-0.4970000000000004
-0.47400000000000037
-0.4130000000000003
-0.44700000000000034
-0.3180000000000002
-0.2700000000000002
-0.18300000000000013
-0.12700000000000009
-0.05000000000000003
-0.031000000000000014
-0.012
0.0
0.0
0.0
0.0
0.0
0.0
0.0
0.0
-0.019000000000000003
-0.07000000000000005
-0.08400000000000006
-0.10800000000000008
-0.18700000000000014
-0.21700000000000016
-0.3080000000000002
-0.34700000000000025
-0.35900000000000026
-0.4050000000000003
-0.45300000000000035
-0.44300000000000034
-0.44600000000000034
-0.4300000000000003
-0.3180000000000002
-0.2590000000000002
-0.19600000000000015
-0.1210000000000001
-0.08600000000000006
-0.03800000000000002
-0.016
-0.001
-0.002
-0.002
0.0
0.0
0.0
-0.008
-0.006
-0.02500000000000001
-0.05700000000000004
-0.08300000000000006
-0.12500000000000008
-0.19800000000000015
-0.2590000000000002
-0.2720000000000002
-0.3100000000000002
-0.35300000000000026
-0.4260000000000003
-0.3860000000000003
-0.4180000000000003
-0.45400000000000035
-0.36600000000000027
-0.2710000000000002
-0.25100000000000017
-0.17800000000000013
-0.08200000000000006
-0.08100000000000006
-0.03600000000000002
-0.01
-0.002
-0.002
-0.002
0.0
0.0
0.0
-0.015000000000000003
-0.013000000000000001
-0.024000000000000007
-0.04900000000000003
-0.09500000000000007
-0.1240000000000001
-0.1440000000000001
-0.22600000000000017
-0.2850000000000002
-0.35400000000000026
-0.3720000000000003
-0.3970000000000003
-0.4090000000000003
-0.4200000000000003
-0.3780000000000003
-0.3120000000000002
-0.2920000000000002
-0.23500000000000018
-0.16500000000000012
-0.10700000000000008
-0.05000000000000003
-0.01
-0.003
0.0
0.0
0.0
0.0
0.0
0.0
-0.009000000000000001
-0.013000000000000005
-0.023000000000000007
-0.09500000000000007
-0.1460000000000001
-0.16600000000000012
-0.16900000000000012
-0.22500000000000017
-0.2830000000000002
-0.35500000000000026
-0.4000000000000003
-0.45900000000000035
-0.4080000000000003
-0.44400000000000034
-0.4180000000000003
-0.33100000000000024
-0.23500000000000018
-0.18300000000000013
-0.1570000000000001
-0.09700000000000007
-0.018000000000000002
-0.029000000000000012
-0.005
-0.002
0.0
0.0
0.0
0.0
0.0
-0.004
-0.009000000000000001
-0.04000000000000002
-0.06500000000000004
-0.12600000000000008
-0.18700000000000014
-0.21200000000000016
-0.2800000000000002
-0.2900000000000002
-0.35400000000000026
-0.4000000000000003
-0.43200000000000033
-0.3980000000000003
-0.3880000000000003
-0.33300000000000024
-0.32000000000000023
-0.23900000000000018
-0.19000000000000014
-0.1340000000000001
-0.08500000000000006
-0.04200000000000002
-0.02800000000000001
-0.003
0.0
0.0
0.0
0.0
0.0
0.0
0.0
-0.004
-0.02500000000000001
-0.045000000000000026
-0.09700000000000007
-0.11600000000000009
-0.16000000000000011
-0.2610000000000002
-0.2850000000000002
-0.32200000000000023
-0.3870000000000003
-0.32400000000000023
-0.3760000000000003
-0.36500000000000027
-0.2960000000000002
-0.25200000000000017
-0.19000000000000014
-0.16800000000000012
-0.11800000000000009
-0.06500000000000004
-0.023000000000000007
-0.008
-0.001
0.0
0.0
0.0
0.0
0.0
0.0
0.0
-0.002
-0.007
-0.033000000000000015
-0.07500000000000005
-0.11700000000000009
-0.10500000000000008
-0.17400000000000013
-0.21100000000000016
-0.2570000000000002
-0.25300000000000017
-0.3070000000000002
-0.2790000000000002
-0.22200000000000017
-0.23200000000000018
-0.16200000000000012
-0.1540000000000001
-0.12700000000000009
-0.07300000000000005
-0.03600000000000002
-0.016
-0.01
-0.002
0.0
0.0
0.0
0.0
0.0
0.0
0.0
0.0
-0.002
-0.008
-0.024000000000000007
-0.03700000000000002
-0.09400000000000007
-0.09300000000000007
-0.1380000000000001
-0.1430000000000001
-0.16800000000000012
-0.18800000000000014
-0.19400000000000014
-0.1490000000000001
-0.10400000000000008
-0.11100000000000008
-0.07800000000000006
-0.06600000000000004
-0.044000000000000025
-0.019000000000000003
-0.006
-0.002
0.0
0.0
0.0
0.0
0.0
0.0
0.0
0.0
0.0
0.0
-0.004
-0.004
-0.020000000000000004
-0.04900000000000003
-0.04600000000000003
-0.04000000000000002
-0.054000000000000034
-0.05900000000000004
-0.07100000000000005
-0.08600000000000006
-0.04800000000000003
-0.04000000000000002
-0.04000000000000002
-0.032000000000000015
-0.02800000000000001
-0.02600000000000001
-0.012
-0.004
0.0
0.0
0.0
0.0
0.0
0.0
0.0
0.0
0.0
0.0
0.0
0.0
-0.004
-0.013
-0.019000000000000003
-0.02500000000000001
-0.007
-0.004
-0.009000000000000001
-0.008
-0.019000000000000003
-0.015000000000000005
-0.011000000000000003
-0.018000000000000002
-0.009000000000000001
-0.01
-0.006
-0.004
0.0
0.0
0.0
0.0
0.0
0.0
0.0
0.0
