-0.15
0.0
0.0
0.0
0.0
0.0
0.0
0.0
0.0
0.0
0.0
0.0
0.0
0.0
0.0
0.0
0.0
0.0
0.0
-0.01
-0.01
-0.009999999999999997
-0.20999999999999994
-0.18999999999999997
-0.17999999999999997
-0.26999999999999996
-0.17000000000000007
-0.02
0.0
-0.02
0.0
0.0
0.0
0.0
-0.04
0.03
-2.0816681711721685E-17
0.10999999999999993
0.55
0.39
0.27000000000000013
0.12000000000000002
0.20999999999999996
0.03999999999999999
-0.060000000000000005
-0.01
0.0
0.0
-0.05
-0.22000000000000008
0.10999999999999997
0.17999999999999997
0.13999999999999993
0.34999999999999976
0.5699999999999997
-0.16
-0.09999999999999999
0.05999999999999993
-0.14999999999999974
-0.06000000000000002
-0.01
0.0
-0.02
-0.11999999999999998
-0.3999999999999999
-0.32999999999999985
-0.11999999999999986
-0.029999999999999923
0.03999999999999996
0.7699999999999998
0.1099999999999999
-0.16999999999999998
0.26999999999999996
0.38
0.09
0.0
0.0
0.0
-0.04
-0.04000000000000002
0.13999999999999993
-0.3700000000000001
0.30999999999999983
-0.2599999999999999
-0.4200000000000002
-0.3700000000000004
0.22000000000000017
0.3700000000000001
0.47999999999999976
0.22000000000000006
0.01
0.0
0.0
0.09999999999999999
0.2599999999999999
0.19000000000000006
-0.04999999999999999
-0.17999999999999983
-0.8800000000000003
-0.8100000000000005
-0.49999999999999983
-0.2599999999999997
0.019999999999999886
0.5599999999999999
0.13999999999999999
0.0
0.0
0.0
0.049999999999999954
0.46999999999999986
0.42000000000000004
0.3499999999999998
0.019999999999999966
-0.74
-0.6900000000000001
-0.27
-0.37000000000000005
-0.039999999999999966
0.5800000000000001
0.04000000000000001
0.0
0.0
-0.04
-0.029999999999999992
0.6900000000000001
0.2200000000000004
0.23999999999999974
0.5499999999999996
-0.3199999999999998
-0.5000000000000001
0.13999999999999999
0.019999999999999962
0.15999999999999995
0.13999999999999999
-0.08999999999999998
0.0
0.0
-0.05
-0.16999999999999996
0.5799999999999997
-0.10999999999999993
-0.20999999999999988
0.6399999999999998
0.07999999999999988
-0.16999999999999998
-0.3399999999999995
0.18000000000000013
-0.06999999999999992
-0.09
-0.01
0.01
0.0
-0.01
-0.2399999999999999
-0.009999999999999981
-0.06999999999999998
0.1800000000000003
0.7300000000000001
0.3299999999999999
0.15000000000000008
0.04999999999999985
-0.35000000000000003
-0.05
-0.059999999999999984
0.03
0.01
0.0
0.01
-0.12999999999999998
-0.13999999999999999
-0.3000000000000001
0.039999999999999994
0.5000000000000003
0.3099999999999998
0.09000000000000002
-0.5000000000000002
-0.11999999999999998
-0.06
0.0
0.0
0.0
0.0
0.0
0.0
0.0
-0.03
-0.24000000000000002
-0.3
-0.20999999999999996
-0.08
0.0
0.0
0.0
-0.02
0.0
0.0
0.0
