4.619999999999946
0.0
0.0
-2.0400000000000005
-1.3100000000000005
-2.0200000000001666
-3.4600000000002
-0.09
-4.130000000000559
0.0
-1.3900000000000001
-1.1899999999999906
0.4599999999999595
1.3600000000001295
0.550000000000006
1.509999999999889
-1.5499999999999992
-0.01
-5.03999999999992
-0.7800000000000389
0.8400000000000077
0.7200000000000859
-0.3100000000000136
0.7099999999999589
5.020000000000017
0.7400000000000004
2.1800000000000193
1.6299999999998933
-0.8100000000000643
-3.7599999999997493
-0.6600000000000193
-1.3200000000000347
-1.3199999999999883
-7.429999999999886
-1.3100000000000167
3.0099999999995615
1.1700000000000597
-1.0099999999998435
1.1399999999999848
0.1800000000000007
2.2500000000000027
-2.210000000000013
-2.6999999999998843
-1.1000000000000332
-0.81
-2.5200000000003966
-2.039999999999996
-2.08
0.0
0.0
