-1.5989999999999347
0.0
0.0
0.0
0.0
0.0
0.0
0.0
0.0
0.0
0.0
0.0
0.0
0.0
0.0
0.0
0.0
0.0
0.0
0.0
0.0
0.0
0.0
0.0
0.0
0.0
0.0
0.0
0.0
0.0
0.0
0.0
0.0
0.0
0.0
0.0
0.0
0.0
0.0
0.0
0.0
0.0
-0.006
-0.003
-0.006
0.0
0.0
0.0
0.0
0.0
0.0
0.0
0.0
0.0
0.0
0.0
0.0
0.0
0.0
0.0
0.0
0.0
0.0
0.0
0.0
0.0
0.0
0.0
-0.013000000000000005
-0.02600000000000001
-0.018000000000000002
-0.04600000000000003
-0.04200000000000002
-0.04600000000000003
-0.034000000000000016
-0.016000000000000004
-0.029000000000000012
-0.029000000000000012
-0.015000000000000001
-0.006
0.0
0.0
0.0
0.0
0.0
0.0
0.0
0.0
0.0
0.0
0.0
0.0
0.0
0.0
-0.002
0.0
-0.013000000000000005
-0.02000000000000001
-0.04100000000000002
-0.02800000000000001
-0.08100000000000006
-0.10900000000000008
-0.1480000000000001
-0.1480000000000001
-0.12800000000000009
-0.09700000000000007
-0.10700000000000008
-0.08200000000000006
-0.07900000000000006
-0.027000000000000017
-0.024000000000000007
0.0
0.0
0.0
0.0
0.0
0.0
0.0
0.0
0.0
0.0
0.0
-0.002
-0.002
-0.033000000000000015
-0.04800000000000003
-0.1440000000000001
-0.21800000000000017
-0.2910000000000002
-0.3140000000000002
-0.36200000000000027
-0.43800000000000033
-0.3840000000000003
-0.4310000000000003
-0.3730000000000003
-0.32900000000000024
-0.2460000000000002
-0.2470000000000002
-0.06900000000000005
-0.09800000000000007
-0.03700000000000002
-0.034000000000000016
-0.030000000000000013
0.0
0.0
0.0
0.0
0.0
0.0
0.0
-0.002
-0.004
-0.055000000000000035
-0.08900000000000007
-0.1570000000000001
-0.2670000000000002
-0.3930000000000003
-0.4870000000000004
-0.7390000000000005
-0.8640000000000007
-0.7890000000000006
-0.8610000000000007
-0.9510000000000007
-0.8620000000000007
-0.7300000000000005
-0.5480000000000004
-0.4890000000000004
-0.1350000000000001
-0.21700000000000016
-0.08200000000000006
-0.07100000000000005
-0.031000000000000014
-0.002
0.0
0.0
0.0
0.0
0.0
-0.008
0.002
-0.06000000000000004
-0.11400000000000009
-0.18800000000000014
-0.44300000000000034
-0.5960000000000004
-0.8160000000000006
-1.0230000000000001
-1.076999999999998
-1.231999999999991
-1.25199999999999
-1.1999999999999902
-1.2389999999999894
-1.1139999999999939
-1.0060000000000004
-0.8630000000000007
-0.6910000000000005
-0.48000000000000037
-0.18500000000000014
-0.11400000000000009
-0.054000000000000034
-0.018000000000000002
-0.002
-0.002
0.0
0.0
0.0
-0.008
-0.004
-0.032000000000000015
-0.08500000000000006
-0.17200000000000013
-0.4150000000000003
-0.5400000000000004
-0.6820000000000005
-0.8480000000000006
-1.087999999999996
-1.2899999999999872
-1.4869999999999832
-1.5369999999999813
-1.343999999999984
-1.2199999999999855
-1.3079999999999852
-1.2389999999999939
-0.8680000000000007
-0.6750000000000005
-0.4970000000000004
-0.3070000000000002
-0.12000000000000009
-0.06300000000000004
-0.024000000000000007
0.0
0.0
0.0
0.0
0.0
-0.008
-0.006
-0.04000000000000002
-0.17800000000000013
-0.2450000000000002
-0.45100000000000035
-0.6400000000000005
-0.9080000000000007
-1.1049999999999962
-1.1019999999999956
-1.2929999999999882
-1.3409999999999869
-1.3289999999999835
-1.4199999999999828
-1.2609999999999857
-1.3339999999999868
-1.2479999999999902
-0.9380000000000007
-0.6150000000000004
-0.6070000000000004
-0.3830000000000003
-0.17700000000000013
-0.07600000000000005
-0.034000000000000016
0.0
0.0
0.0
0.0
0.0
-0.008
-0.02500000000000001
-0.09400000000000007
-0.19600000000000015
-0.2830000000000002
-0.5030000000000003
-0.7180000000000005
-0.9070000000000007
-1.057999999999998
-1.1229999999999958
-1.2149999999999923
-1.2289999999999923
-1.242999999999991
-1.3229999999999877
-1.2759999999999867
-1.3759999999999837
-1.3069999999999864
-1.0040000000000004
-0.6370000000000005
-0.5100000000000003
-0.23500000000000018
-0.23100000000000018
-0.06000000000000004
-0.04100000000000002
0.0
0.0
0.0
0.0
0.0
-0.006
-0.007
-0.09000000000000007
-0.17600000000000013
-0.25600000000000017
-0.46900000000000036
-0.6850000000000005
-0.9130000000000007
-1.0599999999999985
-1.1399999999999977
-1.1579999999999957
-0.8970000000000007
-1.0140000000000002
-1.1719999999999935
-1.2799999999999856
-1.4639999999999773
-1.2579999999999876
-0.9320000000000007
-0.6720000000000005
-0.35200000000000026
-0.17700000000000013
-0.18600000000000014
-0.08100000000000006
-0.032000000000000015
0.0
0.0
0.0
0.0
0.0
-0.009000000000000001
-0.033000000000000015
-0.16200000000000012
-0.17500000000000013
-0.22200000000000017
-0.5300000000000004
-0.6930000000000005
-0.8280000000000006
-0.9990000000000007
-0.9180000000000007
-0.9790000000000008
-0.9580000000000007
-1.0679999999999983
-1.257999999999989
-1.5809999999999766
-1.517999999999971
-1.3659999999999848
-1.0459999999999987
-0.6600000000000005
-0.2470000000000002
-0.17800000000000013
-0.1210000000000001
-0.02700000000000001
-0.012
0.0
0.0
0.0
0.0
0.0
-0.001
-0.02500000000000001
-0.10400000000000008
-0.12600000000000008
-0.3010000000000002
-0.5440000000000004
-0.6480000000000005
-0.8930000000000007
-0.8410000000000006
-0.8870000000000007
-1.0679999999999985
-0.9470000000000007
-1.1479999999999935
-1.3869999999999807
-1.4949999999999692
-1.4879999999999696
-1.2539999999999898
-0.8740000000000007
-0.5450000000000004
-0.2610000000000002
-0.1460000000000001
-0.09500000000000007
-0.07400000000000005
-0.004
0.0
0.0
0.0
0.0
0.0
-0.002
-0.030000000000000013
-0.06200000000000004
-0.16900000000000012
-0.24000000000000019
-0.5160000000000003
-0.7800000000000006
-0.8120000000000006
-0.8900000000000007
-1.0559999999999983
-1.0339999999999991
-1.1629999999999918
-1.4129999999999805
-1.4959999999999685
-1.5559999999999627
-1.5939999999999717
-1.1589999999999931
-0.9550000000000007
-0.47100000000000036
-0.25500000000000017
-0.12600000000000008
-0.07900000000000006
-0.05100000000000003
-0.004
0.0
0.0
0.0
0.0
0.0
0.0
-0.02800000000000001
-0.044000000000000025
-0.19400000000000014
-0.32200000000000023
-0.4900000000000004
-0.5960000000000004
-0.8650000000000007
-0.9930000000000008
-1.1729999999999947
-1.2259999999999927
-1.2719999999999858
-1.3769999999999754
-1.444999999999968
-1.760999999999963
-1.3609999999999824
-1.1649999999999943
-0.7410000000000005
-0.5180000000000003
-0.32100000000000023
-0.18800000000000014
-0.07700000000000005
-0.07100000000000005
-0.003
0.0
0.0
0.0
0.0
0.0
0.0
-0.030000000000000013
-0.08900000000000007
-0.20900000000000016
-0.2460000000000002
-0.4300000000000003
-0.5970000000000004
-0.7180000000000005
-1.0429999999999993
-1.2209999999999939
-1.2719999999999894
-1.4319999999999793
-1.533999999999968
-1.512999999999967
-1.6379999999999675
-1.359999999999983
-1.1089999999999967
-0.8130000000000006
-0.5720000000000004
-0.34100000000000025
-0.18100000000000013
-0.12800000000000009
-0.08500000000000006
-0.01
-0.01
0.0
0.0
0.0
0.0
0.0
-0.002
-0.08500000000000006
-0.16500000000000012
-0.2850000000000002
-0.3910000000000003
-0.7040000000000005
-0.7680000000000006
-1.131999999999996
-1.132999999999994
-1.2709999999999857
-1.435999999999978
-1.5889999999999658
-1.5229999999999668
-1.3929999999999765
-1.5389999999999808
-1.0669999999999977
-0.9420000000000007
-0.5770000000000004
-0.46200000000000035
-0.20900000000000016
-0.10400000000000008
-0.06600000000000004
-0.030000000000000013
0.0
0.0
0.0
0.0
0.0
0.0
-0.024000000000000007
-0.10600000000000008
-0.20100000000000015
-0.2710000000000002
-0.4010000000000003
-0.6400000000000005
-0.6780000000000005
-0.9720000000000008
-1.1059999999999952
-1.0949999999999944
-1.2379999999999876
-1.3739999999999815
-1.4959999999999756
-1.4579999999999804
-1.3699999999999875
-1.0849999999999969
-0.8940000000000007
-0.5880000000000004
-0.3900000000000003
-0.2630000000000002
-0.17200000000000013
-0.08800000000000006
-0.008
-0.006
-0.006
0.0
0.0
0.0
-0.012
-0.034000000000000016
-0.09800000000000007
-0.22300000000000017
-0.2680000000000002
-0.43300000000000033
-0.6000000000000004
-0.7750000000000006
-0.9250000000000007
-1.0229999999999997
-1.1799999999999946
-1.3019999999999898
-1.3449999999999835
-1.257999999999986
-1.426999999999985
-1.2229999999999916
-0.9350000000000007
-0.7900000000000006
-0.5780000000000004
-0.34800000000000025
-0.2440000000000002
-0.1440000000000001
-0.031000000000000014
-0.024000000000000007
-0.006
-0.006
0.0
0.0
0.0
-0.024000000000000007
-0.04200000000000002
-0.08600000000000006
-0.1570000000000001
-0.2430000000000002
-0.3930000000000003
-0.4850000000000004
-0.7540000000000006
-0.9090000000000007
-1.1159999999999966
-1.0749999999999973
-1.1409999999999931
-1.3269999999999875
-1.2849999999999882
-1.1879999999999933
-1.075999999999998
-0.8990000000000007
-0.7410000000000005
-0.5590000000000004
-0.3730000000000003
-0.16100000000000012
-0.09400000000000007
-0.022000000000000006
-0.018000000000000002
0.0
0.0
0.0
0.0
0.0
-0.012000000000000004
-0.02700000000000001
-0.08600000000000006
-0.2460000000000002
-0.3040000000000002
-0.47000000000000036
-0.5750000000000004
-0.7370000000000005
-0.7620000000000006
-1.0569999999999982
-1.0749999999999966
-1.2849999999999882
-1.2729999999999915
-1.1879999999999926
-1.2929999999999893
-1.0819999999999974
-0.7720000000000006
-0.7330000000000005
-0.5610000000000004
-0.23100000000000018
-0.11400000000000009
-0.10900000000000008
-0.013000000000000001
-0.002
0.0
0.0
0.0
0.0
0.0
-0.002
-0.020000000000000004
-0.06900000000000005
-0.1470000000000001
-0.35700000000000026
-0.4850000000000004
-0.5800000000000004
-0.8050000000000006
-0.9620000000000007
-1.1499999999999935
-1.1929999999999907
-1.2689999999999864
-1.1839999999999922
-1.1289999999999931
-1.0879999999999963
-1.057999999999998
-0.8220000000000006
-0.6970000000000005
-0.4100000000000003
-0.23800000000000018
-0.10900000000000008
-0.07700000000000005
-0.004
-0.002
-0.002
0.0
0.0
0.0
0.0
0.0
-0.006
-0.04600000000000003
-0.07300000000000005
-0.23700000000000018
-0.3700000000000003
-0.45000000000000034
-0.7370000000000005
-0.8800000000000007
-0.9890000000000008
-1.066999999999997
-0.9820000000000008
-1.0079999999999998
-1.0489999999999982
-1.0619999999999985
-0.8840000000000007
-0.6460000000000005
-0.5340000000000004
-0.35200000000000026
-0.20300000000000015
-0.09300000000000007
-0.03500000000000002
-0.001
0.0
0.0
0.0
0.0
0.0
0.0
0.0
-0.002
-0.014
-0.03500000000000002
-0.22300000000000017
-0.36600000000000027
-0.3080000000000002
-0.5950000000000004
-0.7490000000000006
-0.7490000000000006
-0.8350000000000006
-0.9110000000000007
-0.8430000000000006
-0.8200000000000006
-0.8250000000000006
-0.6470000000000005
-0.5420000000000004
-0.45600000000000035
-0.2900000000000002
-0.1390000000000001
-0.05000000000000003
-0.03600000000000002
-0.002
0.0
0.0
0.0
0.0
0.0
0.0
0.0
0.0
-0.003
-0.015000000000000001
-0.12800000000000009
-0.1490000000000001
-0.2480000000000002
-0.2730000000000002
-0.4950000000000004
-0.46100000000000035
-0.6000000000000004
-0.5480000000000004
-0.6060000000000004
-0.5320000000000004
-0.45900000000000035
-0.4300000000000003
-0.3110000000000002
-0.2730000000000002
-0.16500000000000012
-0.04700000000000003
-0.022000000000000006
-0.022000000000000006
0.0
0.0
0.0
0.0
0.0
0.0
0.0
0.0
0.0
0.0
-0.002
-0.04800000000000003
-0.11800000000000009
-0.1580000000000001
-0.16800000000000012
-0.11300000000000009
-0.1500000000000001
-0.1520000000000001
-0.21500000000000016
-0.2600000000000002
-0.19000000000000014
-0.16900000000000012
-0.1500000000000001
-0.1430000000000001
-0.1340000000000001
-0.1240000000000001
-0.029000000000000012
-0.030000000000000013
0.0
0.0
0.0
0.0
0.0
0.0
0.0
0.0
0.0
0.0
0.0
-0.006
-0.019000000000000003
-0.031000000000000014
-0.04000000000000002
-0.054000000000000034
-0.016
-0.024000000000000007
-0.022000000000000006
-0.029000000000000012
-0.054000000000000034
-0.07300000000000005
-0.06600000000000004
-0.05300000000000003
-0.056000000000000036
-0.03800000000000002
-0.02800000000000001
-0.005
0.0
0.0
0.0
0.0
0.0
0.0
0.0
0.0
