0.010000000000000002
0.0
0.0
-0.2620000000000002
-0.6640000000000005
0.14000000000000043
0.7180000000000005
-0.023000000000000013
0.25700000000000023
-0.002
-0.005
-0.1500000000000001
0.020000000000001537
0.08200000000000046
-0.02699999999999993
0.2630000000000011
-0.5970000000000005
-0.10700000000000008
0.042
-0.3570000000000002
0.17900000000000377
0.029000000000000598
-0.5180000000000003
0.5010000000000002
0.6370000000000005
-0.08600000000000006
0.26000000000000023
0.20300000000000007
0.03000000000000219
-0.20900000000000002
-0.23000000000000032
0.06600000000000064
0.5930000000000009
-0.48100000000000037
-0.032000000000001416
0.25000000000000006
0.16600000000000087
0.050000000000000766
0.16699999999999726
-0.22500000000000092
-0.8380000000000006
-0.04500000000000003
0.23299999999999993
-0.4910000000000004
0.2430000000000001
0.3210000000000002
0.2149999999999999
-0.10600000000000004
-0.004
0.0
