-0.15
0.0
0.0
0.0
0.0
0.0
0.0
0.0
-0.02
-0.01
0.0
0.0
0.0
0.0
0.0
0.0
0.0
0.0
0.0
0.0
0.0
-0.02
-0.08
-0.15
-0.18
-0.13
-0.27999999999999997
-0.09
-0.02
0.0
0.0
0.0
0.0
-0.18
-0.24000000000000002
-0.41999999999999993
-0.02000000000000004
-0.13999999999999996
0.5299999999999997
-0.09000000000000005
0.6299999999999999
0.3099999999999999
0.3
0.4500000000000002
-0.060000000000000005
0.0
0.0
0.0
-0.18
-0.34
-0.2299999999999999
0.9900000000000002
0.24
-0.029999999999999985
0.3299999999999996
0.4599999999999996
0.5700000000000003
0.22999999999999995
0.5400000000000001
-0.07000000000000002
-0.04
0.0
0.0
-0.2
-0.37
-0.5400000000000003
0.17999999999999974
0.6100000000000002
-0.18999999999999984
0.14999999999999997
0.14999999999999986
0.42
0.9600000000000002
1.2200000000000004
0.21000000000000008
-0.02
0.0
0.0
0.030000000000000058
-0.15999999999999992
-0.40999999999999975
0.3399999999999991
0.3599999999999998
-0.5799999999999996
-0.029999999999999954
-0.6800000000000002
0.10999999999999976
0.41000000000000064
1.0800000000000005
0.18000000000000002
0.0
0.0
0.0
-0.12000000000000001
0.27999999999999986
0.07999999999999995
0.3699999999999998
0.23000000000000007
-0.7799999999999998
-1.560000000000001
-0.3300000000000003
-0.3999999999999992
0.6399999999999996
0.9500000000000003
0.07999999999999995
0.0
0.0
0.0
0.15000000000000002
0.0700000000000002
-0.14
0.41999999999999993
0.029999999999999964
-1.3600000000000005
-1.5200000000000007
0.010000000000000068
0.15000000000000002
0.44000000000000006
0.4499999999999995
0.19000000000000003
0.0
0.0
0.0
-0.19000000000000003
0.38999999999999974
0.049999999999999836
0.01999999999999988
0.23999999999999969
-1.0800000000000007
-1.1100000000000005
0.050000000000000065
0.11999999999999987
0.8400000000000003
-0.19999999999999987
-0.15
0.0
0.0
0.0
-0.17
0.03000000000000003
0.31999999999999984
0.54
0.37999999999999895
-0.6100000000000002
0.36
-0.03999999999999988
-0.32999999999999974
0.02000000000000006
-0.5700000000000003
-0.17
0.0
0.0
-0.05
-0.3
0.19999999999999998
0.3399999999999997
0.09999999999999987
0.5099999999999999
-0.20999999999999988
-0.00999999999999995
-0.02000000000000003
-0.6300000000000002
0.27
-0.7500000000000004
-0.17
0.0
0.0
-0.03
-0.15999999999999998
0.2099999999999999
-4.85722573273506E-17
0.4600000000000003
0.24000000000000016
-0.28
-0.19999999999999968
0.11000000000000004
0.4800000000000002
-0.05
-0.35000000000000003
0.0
0.0
0.0
0.0
0.0
0.0
-0.08
-0.18
-0.25999999999999995
-0.33
-0.16999999999999998
0.0
0.0
0.0
0.0
0.0
0.0
0.0
