-13421.870002275644
0.0
0.0
0.0
0.0
0.0
0.0
0.0
0.0
0.0
0.0
0.0
0.0
0.0
0.0
0.0
0.0
0.0
0.0
0.0
0.0
0.0
0.0
0.0
0.0
0.0
0.0
0.0
0.0
0.0
0.0
0.0
0.0
0.0
0.0
0.0
0.0
0.0
0.0
0.0
0.0
0.0
0.0
0.0
0.0
-39.70800000000256
-19.85400000000128
-9.92199999999994
-19.84399999999988
0.0
-19.84599999999988
-9.92299999999994
-19.84599999999988
0.0
0.0
0.0
0.0
0.0
0.0
0.0
0.0
0.0
0.0
0.0
0.0
0.0
0.0
0.0
0.0
0.0
-39.692000000002544
-109.20499999994786
-168.73100000014182
-317.60300000061505
-486.30600000045854
-565.6579999979014
-555.7529999987071
-387.0430000003445
-208.401000000423
-208.41600000035373
-99.247000000014
-49.63000000000676
-19.847999999999878
0.0
0.0
0.0
0.0
0.0
0.0
0.0
0.0
0.0
0.0
-19.849999999999877
-9.924999999999939
-29.77300000000072
-89.31399999998317
-198.4960000002925
-287.8070000004785
-446.64499999994433
-804.0069999935315
-1082.0029999867795
-1518.8029999762375
-1846.3889999683047
-1766.9049999695571
-1856.2049999678236
-1478.961999977042
-1032.3449999872855
-744.4989999950207
-317.6360000003549
-198.51300000029258
-69.49400000001206
-39.70800000000256
0.0
0.0
0.0
0.0
0.0
0.0
0.0
0.0
-19.86399999999987
-119.13599999990375
-148.9490000000074
-297.867000000584
-526.1069999999484
-933.1939999901392
-1419.5799999785636
-2055.104999963716
-2859.056999996754
-3593.4950000411422
-4665.522000171593
-4943.475000251748
-5003.180000269262
-4834.226000226559
-4060.0220000687414
-3156.7600000224497
-2313.009999973553
-1399.6679999793043
-694.7909999956169
-377.1950000004244
-198.54500000025632
0.0
0.0
0.0
0.0
0.0
0.0
0.0
-9.925999999999938
-69.49400000001206
-278.00000000056195
-466.74600000042324
-824.0659999925883
-1201.2519999831902
-2214.0489999693514
-2988.2500000153263
-4378.226000137783
-5321.431000341218
-6690.896000630748
-7455.428000807229
-8110.595000942041
-8289.280000973979
-7603.753000837607
-6770.284000660895
-6025.558000480117
-4854.404000209381
-3067.3570000016903
-2035.2049999643152
-1181.37899998432
-704.8159999964755
-129.14399999991656
-39.800000000002676
0.0
0.0
0.0
0.0
0.0
-19.851999999999876
-148.95200000005596
-297.8360000003641
-992.8039999889647
-1280.767999981234
-2432.6589999802995
-3693.2500000390114
-5401.305000332998
-7108.574000692166
-8200.635000933133
-9897.832001280705
-10582.725001445051
-10443.92900144743
-10691.996001476708
-9967.732001331604
-9064.112001130592
-7505.4350008081665
-6085.516000495156
-4467.2890001496025
-3027.880000009467
-1895.9859999674338
-1002.6319999884039
-476.58700000056325
-168.8160000000994
-39.82600000000271
0.0
0.0
0.0
0.0
-39.710000000002566
-446.7350000010679
-625.3329999967328
-1340.2939999801335
-2412.5379999777224
-4080.5990000358497
-5718.385000394032
-7366.533000756373
-9679.480001217738
-10751.348001452017
-11565.60300163522
-11555.516001650285
-11863.35300170246
-11505.817001644638
-11763.792001669186
-10691.771001450248
-9659.170001222423
-7177.727000734514
-5728.201000412475
-3613.6510000511244
-2184.096999968731
-1250.8709999824891
-675.1699999964351
-198.6210000003295
-59.71400000002701
0.0
0.0
0.0
-9.930999999999935
-218.41900000034792
-496.39100000008966
-1062.2499999870902
-1826.4969999686043
-3435.0540000164
-4884.599000226809
-6770.679000635415
-8974.519001088465
-10106.244001347804
-10652.091001471088
-11029.400001541317
-10999.515001529586
-10910.051001494265
-10949.91700151501
-10761.09200149404
-10592.394001448978
-9639.277001235734
-7505.078000814162
-5986.308000473246
-4129.878000062817
-2193.9879999694344
-1082.1839999865215
-486.55999999995316
-218.54800000031543
-39.76000000000263
0.0
0.0
-39.70600000000256
-89.37499999998306
-218.38600000041396
-605.5399999982583
-1369.872999979928
-2203.6279999712065
-3464.7350000520196
-5261.402000330964
-7644.1870008209435
-9123.513001145373
-9828.215001306267
-10543.265001431739
-10295.269001366165
-9570.245001215908
-9401.46900118046
-10056.707001321975
-10165.545001372118
-10334.211001398939
-9639.251001238565
-7365.887000789628
-5211.888000332172
-3424.8570000295626
-1896.1389999673577
-804.2479999931845
-456.78500000122074
-39.74400000000261
-19.871999999999865
0.0
0.0
-19.85300000000128
-99.27099999998204
-208.46700000038865
-565.8119999986252
-1290.4489999811822
-2154.2159999694763
-3792.2320000669642
-5996.176000465101
-8229.738000932326
-9371.18200119674
-9947.302001304985
-9758.450001247431
-8835.5160010516
-8606.959000988885
-8865.702001051532
-9451.391001199785
-10165.684001359601
-10393.935001403768
-9431.083001199922
-7376.315000767396
-4576.270000177012
-2620.7459999864172
-1270.7219999825872
-496.477000000866
-188.77300000019244
0.0
0.0
0.0
0.0
-39.70600000000256
-59.56200000000185
-129.0440000000281
-595.6329999985869
-1082.0389999855104
-2143.9569999685077
-4318.420000106759
-5996.129000489396
-7921.616000888352
-9341.533001182092
-9232.649001161739
-9064.252001089417
-8051.513000902121
-8270.317000937557
-8836.290001067222
-10067.29900132802
-11009.471001518601
-10642.225001449171
-8805.519001090022
-6810.03200063841
-3970.4410000597513
-2163.943999966578
-784.2899999943153
-268.0730000005542
-79.51000000000097
-19.84499999999988
-19.847999999999878
0.0
0.0
-19.849999999999877
-49.617000000006755
-99.29099999998202
-516.2990000005516
-1091.8319999856178
-2491.568999982978
-4467.109000143449
-5966.052000491064
-8130.282000929865
-8676.537001067447
-8547.540001036456
-8687.21400103739
-8667.055001035811
-9054.882001131446
-9958.09700132117
-11446.901001621833
-12012.48300172919
-10384.04100141554
-8289.285000984968
-6382.676000541925
-3623.292000025344
-1598.0969999743595
-535.9599999991021
-287.8300000005903
-148.98400000000754
-29.838000000000722
-19.847999999999878
0.0
0.0
-9.924999999999939
-9.916999999999943
-109.30299999994769
-337.6300000000786
-1062.0909999865771
-2392.519999981253
-4188.954000114186
-6234.108000546868
-8329.104000970188
-8795.62200108255
-9570.239001210195
-9252.726001164418
-10454.24100141228
-9968.244001370087
-12151.852001780788
-13312.733002008474
-12330.18500182719
-10691.456001471484
-8338.654000976823
-6204.139000482242
-3206.4070000134384
-1657.7889999728427
-734.5489999951465
-317.58700000044166
-119.1690000000041
-39.766000000002634
0.0
0.0
0.0
-19.849999999999877
-9.924999999999939
-129.1109999999164
-357.428000000139
-1459.1809999779553
-2571.156999992389
-4347.915000150531
-6859.466000654561
-8497.788001009878
-8954.448001124438
-10205.688001347316
-11248.193001559908
-11734.534001692815
-12032.915001782983
-13789.199002117306
-14067.403002170822
-12121.233001804028
-10621.950001465135
-8259.079000954775
-5519.16100036862
-3315.4650000213237
-1885.8769999674828
-952.9669999898491
-357.38800000055875
-79.4620000000058
-19.851999999999876
0.0
0.0
0.0
0.0
-19.849999999999877
-109.16999999998977
-446.63600000016896
-1548.5089999755228
-2848.8460000056625
-4705.329000215311
-6482.402000596336
-7921.897000918307
-9292.200001187302
-10930.113001493843
-11555.6570016511
-12042.134001777473
-13015.103001975125
-13908.289002141604
-12757.112001928153
-12161.345001799391
-10711.331001465789
-7831.986000872866
-5499.531000365204
-3305.572000028666
-1747.0479999701554
-1121.7999999856454
-436.74600000048946
-89.3750000000229
-49.651000000006775
0.0
0.0
0.0
0.0
-19.867999999999867
-287.8360000006276
-665.085999996549
-1637.701999973296
-2948.0170000100206
-4506.852000176488
-5896.716000492344
-7812.551000878729
-9222.849001156499
-10443.419001408083
-10840.311001512771
-11407.064001647175
-12032.386001783634
-12826.07800192347
-12439.37800184336
-11456.33200163749
-9887.10900130127
-7851.996000859052
-5350.577000345335
-3553.7870000403595
-1776.738999969377
-1042.3689999870028
-456.789999999827
-228.3760000004415
-59.59400000002687
0.0
0.0
0.0
0.0
-19.867999999999867
-178.6520000002463
-813.9249999930597
-1875.974999967671
-2948.1170000060324
-4457.234000150968
-5727.831000436253
-6810.277000670555
-8319.178000963468
-8914.969001101019
-9798.525001288344
-11039.613001536183
-11535.600001652905
-11257.804001617933
-11674.72600167707
-10522.989001433187
-9241.981001158005
-7167.26700073201
-5330.584000335068
-3504.06200002922
-1945.6469999658407
-1141.5619999849662
-615.4349999979329
-188.6530000002685
0.0
0.0
0.0
0.0
0.0
-39.702000000002556
-258.10500000057453
-972.7479999888466
-1995.0609999642743
-3315.640000019646
-4507.0420001482335
-5916.847000434167
-6740.788000622661
-7485.322000794856
-8239.960000952438
-8885.442001091065
-10294.791001368721
-10662.096001478476
-11148.164001570594
-11058.98700154718
-10463.48900140135
-8289.09500097394
-6909.478000668113
-5003.1270002601495
-3017.8150000225596
-1816.45399996834
-1161.5019999845267
-565.7379999986271
-238.24100000047017
-19.84399999999988
0.0
0.0
0.0
0.0
-69.47300000001209
-317.66400000035475
-1320.1869999805788
-2124.1429999678726
-3782.384000061664
-4735.2640002270455
-5410.5710003708045
-6601.823000608901
-7127.868000744204
-8041.716000921306
-9153.15800114428
-10393.969001396765
-11188.168001564949
-10979.619001540012
-10840.55000149434
-9410.949001205912
-7872.134000890476
-6423.107000559105
-4189.389000099054
-2908.6220000023827
-1598.1609999736713
-1012.6019999885236
-595.5159999988201
-178.6700000001655
0.0
0.0
0.0
0.0
0.0
-79.39400000000103
-496.2750000006072
-1171.178999983786
-2312.8029999772057
-3851.709000076544
-4705.397000252102
-6393.397000565941
-7633.867000814901
-8159.893000953617
-9103.421001139723
-10314.496001384738
-10959.611001528852
-11167.944001584028
-10592.335001475623
-10493.33900142296
-9371.483001184168
-6700.942000665825
-5301.500000353277
-3901.5510000513036
-2273.4369999734267
-1290.477999981075
-754.4609999943461
-367.2530000004961
-99.22499999998207
0.006
0.0
0.0
0.0
0.0
-59.546000000001854
-406.9380000007362
-1022.3169999877033
-1945.4859999654918
-3365.3760000473226
-4655.879000229591
-6174.6340005425245
-7515.071000827444
-8785.487001093681
-10572.414001431514
-11346.802001596838
-11574.875001656215
-11118.614001577853
-10264.827001394666
-9887.956001283022
-7793.286000860131
-5599.516000436378
-4457.9410001552
-3038.0440000090116
-1786.9639999695708
-1042.361999987398
-545.9929999995304
-158.81700000021226
-99.22999999998207
-19.84499999999988
0.0
0.0
0.0
0.0
-29.769000000000723
-228.2670000003777
-635.2189999975069
-1399.4989999790146
-2640.619999989828
-4189.320000096866
-5539.341000406679
-6959.019000718159
-8825.096001089403
-9689.15600127548
-10543.028001451565
-10780.98000149769
-10175.469001369005
-9073.957001134888
-7614.600000834166
-6096.119000511227
-4696.326000208997
-3524.7700000184814
-1926.1819999662805
-1280.5899999823096
-605.5339999975786
-287.8850000005157
-148.8610000000555
-29.76200000000072
-39.702000000002556
0.0
0.0
0.0
0.0
0.0
-119.10199999990382
-297.7840000005291
-744.4889999948366
-1558.684999975249
-2849.3349999922534
-4616.553000158175
-5628.865000424241
-7157.585000734754
-8011.194000923222
-8905.066001094623
-8567.312001037864
-8041.122000922312
-6750.664000662879
-6126.011000493365
-4795.902000197274
-3127.628000010301
-1995.7299999646023
-1251.0209999824858
-635.4449999972855
-327.6590000003802
-188.56700000022977
-119.08399999990387
-19.85999999999987
-19.85999999999987
0.0
0.0
0.0
0.0
0.0
0.0
-69.4670000000121
-218.42800000038105
-695.0109999962041
-1310.5519999806343
-2144.6549999682684
-3325.756000032542
-4209.043000095799
-4784.858000228623
-5181.909000312203
-4993.665000283161
-4894.425000236885
-4209.667000091597
-3514.7350000303477
-2740.477999983928
-1707.6609999718357
-1032.687999987809
-655.4689999968579
-347.4320000004839
-168.75900000018478
-69.45599999999726
-39.684000000002534
0.0
0.0
0.0
0.0
0.0
0.0
0.0
0.0
0.0
-59.64600000002693
-387.238000000862
-575.9269999978216
-1072.389999986417
-1469.5819999770179
-1588.4439999732383
-2035.111999963171
-1896.1559999661993
-2164.2879999678407
-1876.4859999670737
-1697.6559999713756
-1300.5459999805903
-1032.5899999874125
-615.6079999974829
-347.540000000356
-218.52100000038152
-119.08899999995397
-49.62700000000676
-49.64500000000677
-59.58200000002685
0.0
0.0
0.0
0.0
0.0
0.0
0.0
0.0
0.0
-39.73000000000259
-248.14600000050044
-317.6220000001815
-595.48899999836
-635.1969999970754
-704.7469999945303
-853.6089999915491
-813.8809999923866
-744.5559999944664
-605.5489999973515
-625.4299999973888
-446.66899999994433
-377.21800000042435
-268.0120000005541
-99.30400000001403
-59.559000000001845
-29.771000000000722
-9.926999999999937
0.0
0.0
0.0
0.0
0.0
0.0
0.0
