-0.014000000000000005
0.0
0.0
0.0
0.0
0.0
0.0
0.0
0.0
0.0
0.0
0.0
0.0
0.0
0.0
0.0
0.0
0.0
0.0
0.0
-0.02600000000000001
-0.045000000000000005
-0.06200000000000004
-0.012
-0.03200000000000001
0.1570000000000001
-0.010000000000000002
-0.017
-0.007
0.010000000000000002
0.0
0.0
0.0
0.0
-0.004
-0.04300000000000002
0.12600000000000006
-0.051000000000000004
0.1380000000000001
0.04400000000000001
0.031
0.03499999999999999
0.1290000000000001
0.04600000000000001
-0.006
-0.003
0.0
-0.008
0.029000000000000012
-0.03800000000000002
-0.02
-0.03300000000000006
0.005000000000000008
0.029000000000000015
0.10600000000000007
-0.009000000000000018
0.08700000000000005
0.03999999999999998
0.07300000000000005
0.013000000000000017
0.0
0.0
-0.008
-0.012
-0.07000000000000003
-0.07400000000000004
-0.06300000000000006
0.04199999999999998
0.09100000000000007
0.07600000000000004
0.09300000000000004
0.07500000000000001
-0.03299999999999999
0.08500000000000005
-0.012000000000000004
0.0
0.0
0.0
-0.005
0.04800000000000003
-0.09000000000000004
-0.07000000000000003
0.002000000000000021
-0.08300000000000006
-0.07400000000000001
0.06300000000000003
8.066464163292153E-17
0.013000000000000022
0.16500000000000012
0.02400000000000002
0.001
0.0
0.0
-0.05600000000000001
0.04600000000000001
-0.014000000000000005
-0.012
-0.059
-0.10700000000000007
-0.2800000000000002
-0.10500000000000005
-0.027000000000000007
0.04800000000000004
0.1360000000000001
9.999999999999896E-4
0.0
0.0
-0.026000000000000016
-0.0029999999999999844
0.11500000000000007
0.03400000000000006
0.07900000000000004
-0.017999999999999985
-0.17900000000000013
-0.10400000000000006
9.999999999999966E-4
-0.07800000000000003
0.03900000000000002
0.051000000000000004
-0.016
0.0
0.0
-0.005
-0.029000000000000026
0.04500000000000001
0.053000000000000005
-0.051000000000000045
0.08000000000000003
-0.1300000000000001
-0.1340000000000001
0.04700000000000003
0.04100000000000005
0.05700000000000004
0.036000000000000004
-0.034999999999999996
0.0
0.0
-0.022000000000000002
-0.060000000000000026
0.10900000000000004
0.01500000000000007
0.07500000000000004
0.1320000000000001
0.049
-0.021000000000000026
-0.04400000000000004
-0.09100000000000001
-0.035
0.05200000000000002
-0.004
0.001
0.0
-0.018000000000000002
-0.051000000000000024
0.01100000000000001
-0.061000000000000026
-0.11200000000000006
0.10500000000000005
0.007999999999999995
0.09100000000000001
-0.05299999999999998
-0.19800000000000015
0.07800000000000006
0.007
0.003
0.001
0.0
-0.001
0.04400000000000002
0.03899999999999999
-0.03200000000000001
0.016000000000000007
0.08900000000000002
0.1130000000000001
0.07500000000000004
0.08900000000000005
-0.1400000000000001
-0.02900000000000002
0.0
0.0
0.0
0.0
0.0
0.0
-0.001
-0.014000000000000002
-0.033000000000000015
-0.04100000000000002
-0.05700000000000004
-0.04100000000000002
-0.032000000000000015
-0.032000000000000015
-0.001
-0.014000000000000005
0.0
0.0
0.0
