0.2860000000000002
0.0
0.0
-0.09000000000000007
-0.41300000000000026
-0.8840000000000007
0.8280000000000007
-0.7850000000000006
0.6380000000000005
-0.001
-0.23400000000000018
-0.21300000000000002
0.07299999999999919
0.1960000000000005
-0.16699999999999954
0.20800000000000135
0.04100000000000058
-0.2980000000000002
0.009000000000000043
-0.05999999999999949
-0.12899999999999578
0.23300000000000026
-0.4630000000000003
0.21900000000000341
0.5860000000000004
-0.001
-0.38900000000000035
0.2490000000000006
-0.08600000000000697
-0.44800000000000023
-0.05700000000000721
0.13500000000000306
-0.06300000000000079
-0.3080000000000002
0.09599999999998748
0.246
0.2500000000000025
-0.054000000000003136
-0.022000000000000353
0.07199999999998945
0.2090000000000004
-0.36200000000000027
-0.1140000000000001
-0.21700000000000014
0.3640000000000003
0.1760000000000005
-0.6630000000000005
-0.21100000000000013
-0.009000000000000001
0.0
