-18239.912003257206
0.0
0.0
0.0
0.0
0.0
0.0
0.0
0.0
0.0
0.0
0.0
0.0
0.0
0.0
0.0
0.0
0.0
0.0
0.0
0.0
0.0
0.0
0.0
0.0
0.0
0.0
0.0
0.0
0.0
0.0
0.0
0.0
0.0
0.0
0.0
0.0
-19.95199999999982
-29.930000000000728
-19.953000000001403
-39.906000000002805
0.0
0.0
0.0
-19.993999999999797
-49.8910000000069
-49.9160000000069
-29.919000000000725
-19.94999999999982
0.0
0.0
0.0
0.0
0.0
0.0
0.0
0.0
0.0
0.0
0.0
0.0
0.0
0.0
0.0
0.0
-19.94999999999982
-59.85600000002719
-19.953000000001403
-69.87799999999758
-109.80499999998952
-149.64700000001073
-189.57300000023457
-419.0090000004594
-548.677999998713
-827.9509999926629
-937.6459999892985
-957.6199999890192
-857.8759999917696
-498.76599999930056
-259.3590000005723
-109.72699999998956
-49.878000000006885
-29.929000000000727
-19.95399999999982
0.0
0.0
0.0
0.0
0.0
0.0
0.0
0.0
0.0
-39.9020000000028
-39.89700000000026
-59.85300000000186
-229.49800000044686
-399.063000000437
-468.92299999993776
-877.9319999918068
-1097.375999985738
-1556.3989999748046
-2304.7839999742523
-2803.590999992711
-2603.8049999920727
-2424.2029999840024
-1985.3289999648973
-1287.001999981515
-718.4109999952997
-359.25500000041603
-159.6690000001253
-99.84099999998152
-59.89200000002723
0.0
0.0
0.0
0.0
0.0
0.0
0.0
-19.94999999999982
-29.929000000000727
-129.6809999999751
-239.45900000047595
-558.7610000001172
-977.7899999895736
-1406.8509999790367
-2155.048999966576
-3123.107000001444
-3921.313000050111
-5357.945000321848
-6186.131000507045
-6545.187000585165
-6335.941000541628
-6006.53100045098
-4948.96000023502
-3621.9210000393614
-2723.9749999865094
-1596.6239999745999
-858.1519999916023
-598.6809999985148
-249.54700000050715
-39.922000000002825
0.0
0.0
0.0
0.0
0.0
0.0
-19.94999999999982
-89.78499999998243
-329.2430000004796
-738.4389999948675
-1187.4789999835946
-2085.6029999649677
-3562.1040000118046
-4989.227000231061
-6127.126000498122
-8132.63500089976
-9798.835001254438
-10207.935001376933
-11025.883001540915
-11245.379001570089
-10456.980001406348
-8860.686001074675
-7383.59200074916
-5318.4950003097565
-3362.5650000218197
-2325.0659999730456
-1367.06599997963
-918.0389999913638
-149.71600000005958
-59.904000000027246
0.0
0.0
0.0
0.0
-19.94999999999982
-69.84800000001161
-199.55300000029754
-648.6409999971031
-1417.0329999788553
-2045.633999963192
-3662.159000040065
-5527.958000361061
-7504.133000777224
-9599.526001212715
-11016.5220015205
-13311.153001987599
-13869.877002128627
-14099.215002185723
-14508.495002245874
-12991.790001948435
-11395.440001616162
-9858.62800127391
-7403.9250007528635
-5757.553000381887
-3532.408000021818
-2235.058999970195
-1367.0469999800343
-538.8109999995467
-119.73699999995324
-39.954000000002864
0.0
-19.945999999999824
-39.9000000000028
-39.91600000000282
-149.68300000010797
-538.8140000003145
-957.8199999893023
-1905.7849999667674
-3512.297000019686
-5727.435000380406
-7992.6180008671645
-9808.526001265103
-12382.901001785252
-14438.360002203106
-15336.699002409057
-16174.448002583977
-16444.028002633575
-16014.883002555243
-15815.335002501035
-14019.187002140041
-12283.109001771607
-9389.395001166493
-6605.475000593144
-4430.256000131782
-2893.6629999914203
-1546.6589999756895
-718.4129999956834
-149.66800000010792
-19.999999999999794
0.0
-19.945999999999824
-29.921000000000728
-109.75499999998955
-289.32000000055285
-668.4309999960574
-1736.0029999714222
-2773.909999993737
-4759.477000187741
-6506.146000586695
-9169.904001128867
-11794.1040016708
-13869.658002104161
-14148.872002188235
-14548.158002269747
-14538.057002265012
-15366.028002411964
-14887.259002334973
-14847.707002326886
-14468.054002237575
-12881.593001904046
-9858.344001286854
-7373.887000756714
-4789.451000205423
-2753.843999992107
-1386.9949999791859
-588.7449999983788
-189.61800000019647
-19.959999999999816
0.0
-19.945999999999824
-29.920000000000726
-129.6979999999192
-299.27000000046996
-808.21799999292
-1975.612999965501
-3093.2800000195816
-5078.858000285741
-7174.275000733588
-9918.106001298767
-12482.542001826117
-13510.532002049764
-13719.999002092827
-13910.133002109213
-13460.468002012134
-13909.67800209596
-14139.006002160158
-14358.724002217848
-14188.648002178286
-12751.831001875662
-9778.391001274975
-6535.744000598208
-4160.77800007648
-2524.3379999729677
-1037.6899999878237
-499.0370000011312
-89.8069999999824
0.0
0.0
0.0
0.0
-39.9020000000028
-279.3110000005416
-818.1559999922855
-1785.909999969469
-3392.553000032031
-5018.964000286491
-7443.702000788385
-10955.959001493346
-12312.691001802084
-13510.357002026689
-12832.236001877276
-11694.642001641152
-11564.66300161071
-12233.92400174925
-12852.232001901013
-13719.976002092153
-14098.822002156423
-12143.369001757343
-9389.271001180115
-6066.375000470797
-3152.9100000165818
-1736.0089999716604
-648.6359999977412
-169.77200000010396
-19.97399999999981
0.0
0.0
0.0
0.0
-29.921000000000728
-319.28900000061714
-898.0429999907446
-1606.3969999734763
-2983.3370000196614
-5437.9830003561865
-7772.703000859757
-10576.499001431104
-11903.671001714862
-12223.654001763405
-11226.096001551832
-10776.737001455562
-10956.682001495165
-11725.152001669174
-14089.66900213878
-14837.634002302464
-14368.088002205908
-11444.597001626453
-8840.300001050233
-5188.352000278896
-2544.360999984819
-1177.3839999846937
-528.9200000004037
-139.7539999999392
0.0
0.0
0.0
0.0
-19.945999999999824
-49.89300000000689
-289.34900000059315
-848.2309999925461
-1516.5469999756888
-3282.825000020266
-5617.545000397245
-8291.81600096222
-10346.789001401432
-11724.15800167522
-11295.745001586374
-11026.724001517006
-11884.382001678152
-11865.25500171313
-14070.39300214293
-15935.756002523516
-16185.06400258064
-13859.268002123652
-11104.972001554677
-8600.515000978348
-4449.984000124855
-2314.812999972061
-997.6109999885746
-478.91600000031457
-229.5660000003839
-19.999999999999794
0.0
0.0
0.0
-9.972999999999912
-19.949000000001398
-239.51500000047625
-539.0069999987741
-1606.5229999743322
-3242.9450000275747
-5767.107000432027
-8331.6020009848
-10915.949001504297
-12143.57500174985
-12313.556001777722
-12842.739001876776
-14189.381002161661
-14050.165002182086
-16155.387002602452
-17591.650002886785
-16224.989002628348
-14298.433002211563
-11374.481001583288
-7443.048000759964
-4569.737000137683
-2255.08199996974
-997.6969999881578
-568.6629999983153
-249.4220000005357
-39.95000000000286
0.0
0.0
0.0
-19.945999999999824
-29.94500000000073
-179.66300000021067
-578.9479999982268
-1746.1839999712286
-3462.202000027162
-5817.255000450976
-8810.646001062938
-11135.420001545932
-12003.552001739587
-13580.516002043707
-15107.338002350558
-15685.981002502276
-15975.788002597665
-18819.161003146084
-18729.077003124676
-16683.624002719007
-14607.564002271534
-10825.760001477836
-7353.682000748084
-4619.684000155431
-2474.313999977819
-1247.281999982726
-548.8199999987096
-199.59300000033414
-39.95000000000286
0.0
0.0
0.0
0.0
-19.945999999999824
-209.5750000003246
-548.8619999987085
-1895.8529999673922
-3631.824000042445
-6236.109000515177
-8331.803000976048
-10656.756001464044
-12063.541001759866
-14159.081002165907
-15376.297002431491
-16214.663002630623
-17651.415002917405
-19137.81300321052
-17901.202002963688
-15685.81400253259
-13849.186002118786
-10895.536001484537
-7563.195000783103
-4699.628000175327
-2653.963999990425
-1526.6619999760517
-688.4259999954411
-179.63900000029145
-69.88100000001157
0.0
0.0
0.0
0.0
0.0
-209.56300000032454
-678.5419999961521
-2085.182999964848
-3731.704000050217
-5926.794000455222
-8052.581000919146
-10097.724001352733
-12393.127001803814
-13909.270002111669
-14288.44600221705
-15665.873002511902
-16843.245002756343
-17421.874002867222
-16514.267002684453
-15505.666002458694
-12881.171001922434
-10696.400001438813
-7333.6520007519475
-4849.310000219576
-2763.9099999974205
-1626.407999973541
-748.3089999936404
-339.27200000053847
-49.90800000000691
0.0
0.0
0.0
0.0
-19.95199999999982
-289.3930000005528
-927.9519999904685
-2135.1849999669544
-4120.790000060863
-5387.904000373857
-7613.341000815721
-9020.429001126235
-11255.626001562656
-12143.772001755919
-12921.883001927936
-15037.419002350896
-15645.845002493501
-15705.611002514737
-15516.240002463363
-14228.622002192933
-12262.573001780418
-9988.114001305707
-7154.016000722314
-4919.062000238182
-3163.1149999989334
-1656.4869999726548
-888.0919999907263
-309.3860000004887
-109.76199999994691
0.0
0.0
0.0
0.0
-59.85800000002719
-309.2990000004146
-1157.3949999846677
-2384.577999980447
-4250.526000094902
-5767.051000424079
-7563.8280007796
-8621.577001026906
-9629.447001255827
-11176.100001550245
-12582.696001836202
-13939.87300212898
-14538.144002273211
-14936.95900234528
-14996.79300233645
-13589.847002050512
-11304.81600159412
-9459.40500119449
-6914.726000663994
-4230.6270001348175
-2983.5630000072865
-1716.3089999713095
-898.0219999908987
-329.2910000005838
-89.83699999998235
-19.959999999999816
0.0
0.0
0.0
-59.87900000000186
-349.30399999995933
-1257.1589999813532
-2693.855000000915
-4539.610000171685
-6196.365000522899
-7663.474000812202
-8730.970001054693
-9798.57000128802
-11185.804001565555
-12762.052001893733
-14338.348002213987
-14677.472002298166
-15036.55100235498
-14607.534002248964
-12621.987001863185
-11185.183001561336
-8940.126001077922
-6266.187000530029
-4190.910000097956
-2574.389999991414
-1646.3289999732597
-718.4929999952977
-229.49200000041517
-19.94999999999982
-19.959999999999816
0.0
0.0
0.0
-69.8540000000116
-468.90700000017983
-1476.5839999772259
-2793.7630000058502
-4569.885000201816
-6555.604000598898
-8082.374000917129
-9648.899001243222
-10696.663001469678
-12492.780001832805
-13909.292002135371
-15106.430002378855
-15455.655002442394
-14418.032002243028
-13799.68300210052
-12352.764001801414
-10017.966001326298
-7304.221000772366
-5747.50200040315
-3492.5520000414785
-2035.5369999633858
-1386.8699999794871
-488.9439999999466
-169.63900000010332
0.0
0.0
0.0
0.0
0.0
-49.875000000006885
-389.08300000069147
-1286.9919999821582
-2613.912999988263
-4260.514000123451
-6136.441000519888
-8182.002000938489
-9898.32900130623
-11833.986001696088
-14218.45600217459
-15126.359002375366
-15864.6920025223
-15136.21600238177
-13968.778002145895
-13689.882002050046
-10866.377001485416
-7753.411000872857
-6276.72000052242
-4370.8240001174945
-2644.316999990625
-1486.72199997658
-858.1369999919242
-359.2060000004161
-89.797000000003
-19.95199999999982
0.0
0.0
0.0
0.0
-39.9000000000028
-189.5370000002344
-718.3189999956859
-1885.6959999677335
-3352.7270000207777
-5438.111000347797
-7533.4330008025845
-9479.368001214587
-11564.590001647905
-12851.854001920881
-14078.97500216502
-13759.698002109606
-13420.744002026433
-11804.43200170493
-10507.592001410076
-8372.368000964787
-6177.290000522554
-4391.091000131391
-3053.538999999584
-1866.110999968033
-1037.803999987688
-469.02500000017966
-249.46400000053586
-99.80299999998155
0.0
0.0
0.0
0.0
0.0
-19.94999999999982
-139.65999999993875
-409.1540000005445
-947.9259999897349
-2185.198999967141
-4151.214000042902
-5867.344000432314
-8142.153000918932
-10197.83500134591
-10915.894001518544
-11883.813001701918
-11414.779001614115
-10007.966001342304
-9249.777001163395
-8042.870000883831
-6157.077000481851
-4171.4020000750015
-2873.929999993598
-1726.447999970961
-928.1189999894241
-578.7659999987078
-179.56000000025062
-119.72799999990237
-19.95199999999982
0.0
0.0
0.0
0.0
0.0
0.0
-39.91000000000281
-209.5560000003245
-518.9980000004878
-1217.482999983788
-1965.9289999651955
-3203.0110000169448
-4679.836000189479
-5797.13200044277
-6864.8200006530815
-7323.6900007320355
-6854.906000649309
-6655.403000590381
-5807.637000394944
-4490.64700013601
-3572.635000016652
-2414.894999976953
-1506.8459999762233
-898.1499999896669
-678.5769999957446
-339.27300000042067
-129.74499999997545
-39.89600000000279
0.0
0.0
0.0
0.0
0.0
0.0
0.0
-19.95599999999982
-9.97799999999991
-169.6920000001464
-409.2210000001552
-1017.8989999881272
-1586.5579999742636
-1975.7979999643796
-2404.5539999886587
-2933.35100000529
-2773.708999999416
-2414.707999985163
-2624.1009999862126
-2085.400999965036
-1706.3449999710895
-1356.9549999797032
-1037.711999987956
-588.684999998146
-369.1720000000324
-249.43500000053572
-129.68799999991916
-29.92500000000073
-19.95399999999982
0.0
0.0
0.0
0.0
0.0
0.0
0.0
0.0
-19.94999999999982
-59.89400000000187
-209.5540000003245
-458.9170000002885
-708.3339999948348
-1017.5719999879998
-1117.338999984934
-1207.073999983281
-1117.3159999853046
-997.6389999881592
-937.7709999897367
-857.939999991768
-658.4149999963693
-458.94799999981853
-309.28800000063734
-109.74700000003216
-79.85300000000628
-99.77700000001428
-59.90200000002724
-19.94999999999982
0.0
0.0
0.0
0.0
0.0
0.0
