-1.3079999999999667
0.0
0.0
-0.014
-0.5060000000000003
-0.22300000000000014
0.2960000000000002
-0.47500000000000037
0.46000000000000035
-0.004
0.1250000000000001
-0.018000000000000668
0.08199999999999034
0.2400000000000002
-0.13000000000000353
0.10300000000001265
0.17900000000000024
-0.6230000000000004
0.11399999999999999
-0.10700000000000494
0.0020000000000012542
0.14300000000000118
-0.3390000000000002
0.11300000000002194
0.4090000000000003
-0.16400000000000012
0.20700000000000018
0.20300000000000007
-0.08300000000001068
-0.29500000000000015
-0.08900000000001594
0.02899999999999575
0.17500000000000004
-0.09300000000000007
0.03399999999999986
0.266
0.10800000000000512
-0.07200000000000088
-0.04399999999999471
-0.13400000000000012
-0.16000000000000006
0.12700000000000009
0.026999999999998716
0.18300000000000013
0.19100000000000011
0.13200000000000134
-0.27300000000000013
0.2360000000000002
0.0
0.0
