-0.08500000000000006
0.0
0.0
0.0
0.0
0.0
0.0
0.0
-0.002
-0.001
0.0
0.0
0.0
0.0
0.0
0.0
0.0
0.0
0.0
-0.002
-0.008
-0.02600000000000001
-0.08400000000000005
-0.03700000000000002
0.017000000000000005
0.013000000000000001
-0.032000000000000015
-0.009000000000000001
0.0
-0.002
0.0
0.0
0.0
-0.001
-0.009000000000000001
-0.020000000000000004
-0.05
-0.029000000000000012
0.1500000000000001
-0.07900000000000008
0.10500000000000005
0.05500000000000001
0.10000000000000007
0.1460000000000001
-0.005
-0.001
0.0
0.0
0.005
-0.06200000000000004
-0.10400000000000006
0.10900000000000007
-0.09800000000000005
0.01699999999999999
0.1880000000000001
0.035999999999999935
-0.024999999999999953
-0.05200000000000003
-0.005000000000000022
-0.07500000000000004
-0.02800000000000001
0.0
-0.002
0.001
-0.056000000000000036
-0.047000000000000014
-0.01299999999999998
-0.024
0.026999999999999975
0.018000000000000016
0.14500000000000005
0.11700000000000006
-0.006000000000000007
0.09700000000000006
-0.06100000000000001
-0.015000000000000006
0.0
0.0
0.009000000000000005
0.05000000000000003
-0.035999999999999976
0.011999999999999924
0.059000000000000025
-0.08500000000000003
0.002000000000000028
-0.05399999999999998
0.07400000000000004
0.2620000000000002
0.22400000000000014
-0.002
0.0
0.0
0.0
-0.07700000000000003
0.10400000000000005
0.10200000000000006
0.06600000000000007
-0.030999999999999972
-0.1360000000000001
-0.22100000000000014
-0.09700000000000004
-0.06700000000000002
0.009000000000000011
0.13000000000000006
0.05000000000000004
0.0
0.0
-0.03400000000000002
-0.14700000000000008
0.09800000000000006
-0.03699999999999991
0.1270000000000001
0.013000000000000015
-0.21200000000000016
-0.2940000000000002
0.069
-0.01400000000000002
0.004999999999999975
0.12100000000000008
0.02600000000000007
0.0
0.0
-0.016000000000000007
-0.022000000000000013
0.008999999999999918
0.06400000000000002
0.05700000000000002
0.11900000000000005
-0.2960000000000002
-0.10800000000000007
-0.014000000000000056
0.007000000000000001
0.23100000000000015
0.008000000000000004
-0.01699999999999998
0.0
0.0
0.0
0.037999999999999985
0.032999999999999974
0.003000000000000007
0.04400000000000001
0.1690000000000001
-0.054000000000000006
-0.06500000000000003
-0.005000000000000001
0.016999999999999987
-0.04600000000000001
-0.028999999999999953
-0.060000000000000046
0.0
0.0
-0.02000000000000001
0.05500000000000002
0.020000000000000004
-0.10200000000000008
0.051000000000000045
0.048999999999999974
-0.04100000000000002
-0.06500000000000002
-0.05799999999999997
-0.17100000000000012
0.009999999999999995
-0.20900000000000016
-0.08200000000000006
0.0
0.0
-0.01900000000000001
0.014000000000000026
-0.028999999999999998
-0.01899999999999997
0.16700000000000015
0.06800000000000002
0.1460000000000001
-0.09600000000000003
-0.08200000000000003
-0.07400000000000002
-0.04600000000000001
-0.18500000000000014
0.0
0.0
0.0
0.0
0.0
0.0
-0.03000000000000002
-0.04900000000000003
0.004
0.015999999999999997
0.016000000000000035
-0.006
-0.01
-0.008
-0.002
0.0
0.0
0.0
