-22638.56100415333
0.0
0.0
0.0
0.0
0.0
0.0
0.0
0.0
0.0
0.0
0.0
0.0
0.0
0.0
0.0
0.0
0.0
0.0
0.0
0.0
0.0
0.0
0.0
0.0
0.0
0.0
0.0
0.0
0.0
0.0
0.0
0.0
0.0
0.0
0.0
0.0
0.0
0.0
0.0
-19.959999999999816
-19.95900000000141
-49.8970000000069
-49.89300000000689
-69.89800000001154
-79.85500000000079
-49.92400000000691
-19.959999999999816
0.0
-19.957999999999817
-29.937000000000726
-29.93700000000073
-19.957999999999817
0.0
0.0
0.0
0.0
0.0
0.0
0.0
0.0
0.0
0.0
0.0
0.0
-19.959999999999816
-19.959999999999816
-39.92400000000283
-69.90000000001153
-159.71500000012554
-239.52800000050664
-389.2540000003405
-598.8359999982808
-678.6599999957427
-958.1249999898712
-1137.6749999852238
-1227.5439999828295
-1027.8979999875712
-698.5629999955275
-329.32400000027116
-179.63600000021054
-69.8570000000116
-19.957999999999817
0.0
0.0
0.0
0.0
0.0
0.0
0.0
0.0
0.0
0.0
-59.87600000002721
-69.85799999999756
-119.76000000000413
-229.59700000044734
-439.15300000048853
-758.566999994431
-1067.9539999865676
-1407.2819999786343
-2016.114999964233
-2734.9479999894675
-3283.792000006983
-3223.8550000174173
-2894.4230000093594
-2425.217999979516
-1547.0669999752338
-948.2699999897268
-439.26799999982785
-229.6110000005107
-149.76000000001127
-59.878000000027214
0.0
0.0
0.0
0.0
0.0
0.0
0.0
-19.957999999999817
-49.92700000000691
-179.68100000017031
-299.42100000052756
-568.9599999992782
-1008.0919999884115
-1906.5489999672563
-2705.0169999861355
-3862.8730000388555
-5120.748000260766
-6448.153000548132
-7466.229000761804
-8074.801000889169
-7974.931000878882
-7476.075000774011
-6427.947000547338
-4980.686000230506
-3463.5560000090695
-2046.2829999637838
-1197.7859999838872
-698.7249999961163
-379.3230000009178
-59.936000000027285
0.0
0.0
0.0
0.0
0.0
-19.957999999999817
-59.896000000027236
-69.89699999999759
-419.21200000045934
-818.5819999926125
-1756.8309999707878
-2745.0599999913543
-4521.668000128248
-6009.295000459164
-7796.2270008405585
-9393.048001180885
-11349.327001588736
-12257.724001793407
-13615.038002060066
-13535.41100204843
-12926.250001911112
-11498.86800159955
-9242.869001123065
-6677.778000593119
-4461.77200011977
-2934.7839999854878
-1676.9329999727709
-1078.019999987564
-249.59400000050738
-59.91800000002726
0.0
0.0
0.0
0.0
-19.957999999999817
-119.76999999990227
-299.4740000005275
-718.7559999950996
-1906.5419999674011
-2964.6670000054633
-4851.479000225682
-6737.87500063121
-9493.403001185878
-11120.457001546523
-13755.48100207928
-16100.929002554098
-17148.550002787604
-16969.170002775427
-17048.883002778744
-16020.789002569594
-14643.137002268648
-11988.473001720064
-9502.962001175601
-6548.263000557819
-4102.480000053344
-2495.3139999806012
-1527.1399999758596
-688.7359999962351
-149.72700000005963
-39.95800000000287
0.0
0.0
0.0
-19.957999999999817
-249.55300000050718
-708.7949999959922
-1437.343999978203
-2714.9709999900647
-4332.180000110951
-7286.995000705309
-9782.395001240213
-12347.732001775707
-15302.286002375646
-17857.44100289927
-19154.99900317972
-20053.236003366772
-20103.18800338078
-19783.801003323155
-19164.66500319568
-17567.584002860625
-15281.867002386096
-11828.4480016599
-8045.285000874078
-5260.360000290846
-3184.11700001025
-1906.443999967114
-908.3179999909017
-239.5510000004764
-29.979000000000728
0.0
0.0
-19.95599999999982
-79.8250000000008
-409.2730000005446
-1127.896999985379
-2125.98999996665
-3493.5170000304984
-5749.345000398748
-8514.595000977957
-11469.292001595177
-14134.22100215187
-16559.92000266
-17438.229002854925
-18176.92200300152
-18086.842002983987
-18615.91400307848
-18995.031003156964
-18116.693002999065
-18166.29600299419
-16289.81500259738
-12586.704001832652
-9073.430001087956
-6069.072000442676
-3184.225000014982
-1587.0869999743381
-858.5049999920763
-239.59000000044628
-19.983999999999803
0.0
0.0
-29.932000000000727
-159.6670000000798
-399.22500000006613
-1257.7139999821081
-2525.268999985032
-3952.6680000537986
-6388.202000541644
-8753.947001056844
-12217.798001765737
-15272.166002388743
-16360.059002632403
-17308.39100280975
-16709.864002687897
-16549.8660026423
-16889.3190027028
-17078.55100276
-17428.10200284852
-17647.42200288637
-15830.67100250895
-12127.549001752945
-8005.467000895327
-5310.300000291977
-2685.148999985715
-1157.8429999848952
-668.9309999974898
-99.84399999994871
0.0
0.0
0.0
-29.933000000000728
-99.80099999998156
-369.24900000018624
-1177.7699999838646
-2455.3559999850295
-3783.202000070619
-6228.361000523418
-9063.497001120963
-13196.025001952023
-15102.300002367549
-16390.21100261831
-15731.345002469036
-15272.095002354552
-14493.6530022008
-15193.128002350757
-15521.97900245096
-17178.54300279148
-17328.359002818866
-15221.958002384266
-11918.169001696513
-7526.085000775172
-4172.420000062038
-2046.340999964052
-748.6009999947394
-329.5320000006884
-29.943000000000726
0.0
0.0
0.0
-19.95399999999982
-89.8139999999824
-309.38900000041434
-1237.7689999829938
-2126.160999967473
-3683.2550000681376
-6717.801000607194
-9532.573001206598
-12975.850001917292
-14613.236002267673
-14962.828002321492
-14913.420002278592
-13805.34900206452
-13436.098002012697
-14564.322002252447
-17189.166002776736
-18815.794003108287
-17976.793002938695
-14363.479002218177
-11199.190001537436
-6837.158000619401
-3353.732000012191
-1557.3449999759341
-618.9499999982957
-159.79000000003487
-19.95499999999982
0.0
0.0
0.0
0.0
-79.83999999999533
-309.42600000063766
-988.2469999887095
-1936.5259999651807
-4122.525000063439
-6937.213000654877
-9801.883001265336
-12766.555001893936
-14563.54100225292
-14034.72900214796
-13815.544002086694
-14394.14100220331
-14963.550002340617
-16930.021002743124
-20023.891003353547
-20103.87900337865
-17517.836002865963
-14143.689002169529
-10130.942001315936
-6068.836000445645
-2834.864999990393
-1147.8739999850575
-499.0569999998225
-179.75100000017065
0.014
0.0
0.0
0.0
0.0
0.004
-259.5680000005517
-868.4609999914602
-1886.6599999668333
-4062.6490000651875
-7126.6650007053
-10181.236001357282
-13365.650002006556
-14723.05800228383
-15581.961002440052
-15372.47500240553
-18017.547002938943
-17349.0480028598
-20183.81700342454
-22309.71200384167
-20562.774003501952
-17457.97900286132
-13904.336002103231
-9601.973001190325
-5639.514000357272
-2814.948999990019
-1297.5159999812277
-648.7499999966751
-219.6530000003538
0.014
0.0
0.0
0.0
0.0
0.0
-169.7560000001467
-718.7019999949088
-2186.0469999678303
-4461.743000130027
-7306.4980007477625
-10690.468001453615
-13086.17300196231
-15002.647002343136
-16650.141002659402
-18526.37500304516
-19943.630003365513
-20283.70800347356
-22638.995003939013
-22988.463003994344
-20253.204003454844
-18096.583002976997
-13414.883002001841
-8733.939001035378
-5579.667000362843
-3064.2890000005077
-1627.0189999736115
-698.6769999957224
-159.74200000012564
0.0
0.0
0.0
0.0
0.0
0.0
-199.645000000298
-698.8119999957192
-2325.7869999716213
-4661.315000172611
-7226.46600072961
-10251.254001364372
-12147.68500178763
-14683.274002286256
-17198.732002774585
-19304.493003216965
-20153.243003430693
-21710.486003749116
-23017.98600400305
-21710.968003739516
-19534.794003310042
-17418.270002837966
-13335.221001982607
-9213.018001125944
-5989.092000440263
-3503.6660000223774
-1966.5139999656728
-778.4609999936433
-159.74300000012568
-89.86499999998232
0.0
0.0
0.0
0.0
-39.938000000002845
-329.4440000006883
-938.4299999901623
-2585.200999978942
-4821.253000194841
-6897.161000655602
-9532.638001218138
-12018.020001740455
-14633.652002262163
-16420.008002626535
-17777.351002922394
-19524.458003293752
-20732.35200354809
-21560.41000370006
-20203.543003428334
-19214.924003211338
-16339.945002620725
-13026.090001924333
-9073.008001114113
-6049.023000476852
-3583.440000032988
-2026.3619999641703
-838.4529999918576
-219.59900000038664
-49.923000000006915
0.0
0.0
0.0
0.0
-59.89800000002724
-379.2770000005871
-1088.0939999865086
-2665.110999987275
-4481.786000141666
-6827.51200063039
-9123.492001117876
-10700.500001470458
-13475.399002015378
-14653.414002265295
-16040.642002558516
-18765.94500311158
-19454.551003265984
-19434.621003265926
-19015.70500317348
-17478.137002851552
-15721.123002474931
-12546.862001823667
-9272.965001143992
-6368.30100053377
-3833.037000039547
-2156.2569999677535
-988.234999988291
-289.46000000051237
-49.895000000006895
0.0
0.0
0.0
0.0
-69.86000000001158
-349.3340000003514
-1357.5109999800966
-2724.979000002701
-5090.774000256352
-7136.8490006885295
-9033.621001081552
-10760.748001453489
-12118.231001747054
-13296.050001992398
-15840.996002496184
-16939.324002743542
-18306.508003031147
-18585.948003080346
-19035.232003154622
-16440.005002637048
-14043.94000214806
-11638.575001640864
-8394.691000972185
-5390.322000367554
-3563.657000045908
-2285.989999971103
-948.2929999897262
-229.60900000047906
-49.8980000000069
0.0
0.0
0.0
0.0
-129.76599999997552
-409.22399999957116
-1517.1429999754928
-3234.0110000249356
-5459.92300035502
-7336.512000751283
-9123.564001111865
-10860.499001486503
-12068.03100175016
-13854.939002110044
-15381.830002427258
-17278.510002815936
-18376.293003046278
-18356.349003037958
-18286.459003005264
-15920.94500252592
-13754.700002078454
-10820.251001471392
-7466.465000786383
-5190.745000295263
-2894.7430000144973
-1876.673999967902
-948.2349999901642
-199.67900000029815
-39.93600000000284
0.0
0.0
0.0
0.0
-119.78200000000413
-638.7839999972066
-1497.1589999757482
-3224.0970000319458
-5769.501000424576
-7755.683000853244
-10311.115001355904
-12217.724001754477
-13625.205002063667
-15591.788002462788
-16848.923002730862
-18825.21100312737
-19204.26300321142
-18186.799003014243
-17408.23300283578
-15411.865002414843
-11888.162001707426
-8933.847001107079
-6747.859000617375
-4272.405000094389
-2295.8639999763027
-1337.6259999799238
-698.7259999955238
-229.6220000004158
-9.97599999999991
0.0
0.0
0.0
0.0
-99.80699999998154
-409.21200000034986
-1487.1739999772187
-2844.6660000046318
-5310.282000333362
-7755.871000855645
-9742.124001278744
-12297.734001798637
-15002.539002347998
-17447.573002837544
-18864.81500313597
-19653.31700329959
-18924.881003163508
-17497.707002874664
-16389.805002613197
-13475.641002007953
-9792.39000127622
-7786.152000827548
-5250.719000295246
-3264.2970000133196
-1577.0829999743435
-998.2319999888364
-399.2980000000658
-109.80199999998953
-59.89100000002723
0.0
0.0
0.0
0.0
-69.85800000001159
-259.5180000005517
-868.3479999920984
-2225.760999969457
-4372.128000098907
-6937.367000660188
-9212.94800115972
-12387.646001803225
-14693.129002290925
-16020.521002574113
-17837.28100293079
-17857.150002939215
-16599.727002691885
-15461.823002437131
-13066.424001927768
-9992.296001304725
-7626.727000804399
-5610.377000370783
-3473.870000022853
-2136.318999966508
-1207.858999983948
-499.20300000034587
-259.54800000055167
-49.92300000000691
-39.906000000002805
0.0
0.0
0.0
0.0
-39.92000000000282
-159.72000000003453
-489.1210000007129
-1217.8459999838924
-2844.997999982633
-5150.669000247407
-7875.599000834075
-10560.52600140914
-12646.72700185269
-13524.99700205966
-14643.13900227428
-14712.651002283403
-13435.073002023395
-11868.415001679057
-9593.063001201554
-7496.8180007496885
-5260.836000283978
-3274.239000027585
-2156.215999968242
-1108.1369999854405
-609.0129999981762
-239.62800000047676
-99.79799999994881
-19.961999999999815
-19.961999999999815
0.0
0.0
0.0
0.0
0.0
-39.964000000002876
-209.66500000032502
-449.3420000001631
-1178.1389999844416
-2595.610999980489
-4072.87600004867
-5410.05300036919
-7036.9280007054695
-8115.1170009191555
-9073.28300108086
-8664.049001009324
-8125.128000885464
-6987.401000639714
-5190.5830002917
-4082.661000040962
-2944.7319999942706
-1896.7119999670808
-1218.0019999826425
-698.8699999951253
-389.3320000005161
-179.6790000001703
-39.914000000002815
0.0
0.0
0.0
0.0
0.0
0.0
0.0
-19.963999999999814
-49.92000000000691
-109.8950000000323
-489.25100000071285
-1227.8569999834965
-1826.7269999684747
-2535.4409999906907
-3074.390000030826
-3343.7540000369554
-3423.5800000247145
-3403.7280000155224
-3254.031000017233
-2684.867999998009
-2185.9479999705086
-1647.0009999730764
-1167.8539999847308
-658.9239999961478
-479.2349999995666
-309.46800000033954
-239.58700000044624
-69.8520000000116
-39.92600000000283
0.0
0.0
0.0
0.0
0.0
0.0
0.0
-19.96999999999981
-29.953000000000728
-29.95400000000073
-199.63800000026154
-608.8199999979541
-858.2759999909565
-1257.4779999823331
-1327.3849999800968
-1317.3869999805775
-1257.5859999823306
-1157.702999984541
-1277.4509999817801
-1287.5089999817171
-918.186999990008
-658.677999996363
-449.1180000003914
-189.66200000034996
-189.68600000027345
-119.78600000005507
-89.868000000003
-39.91200000000281
0.0
0.0
0.0
0.0
0.0
0.0
