-0.40000000000000013
0.0
0.0
0.0
0.0
0.0
0.0
0.0
0.0
0.0
0.0
0.0
0.0
0.0
0.0
0.0
0.0
0.0
0.0
0.0
-0.03
-0.4500000000000001
-0.16999999999999973
0.6100000000000003
-1.4099999999999997
1.4700000000000013
-0.009999999999999882
0.07
0.0
3.469446951953614E-18
0.0
0.0
0.0
0.0
0.06000000000000003
-0.37
0.1099999999999996
-0.9299999999999999
1.0599999999999998
0.10999999999999924
0.7799999999999998
-0.2799999999999997
1.7400000000000013
0.40000000000000036
-1.0500000000000007
-0.02
0.0
-0.02
0.35000000000000003
-0.8400000000000012
0.18999999999999978
0.47000000000000003
-0.05999999999999962
0.6499999999999997
0.07999999999999916
0.30999999999999933
0.32999999999999874
0.12000000000000043
-1.13
-0.7800000000000004
0.0
0.0
-0.04
-0.5300000000000002
-3.0799999999999916
-2.230000000000004
-0.26000000000000134
-0.17999999999999786
1.7399999999999998
-0.19999999999999996
2.3699999999999624
0.9200000000000002
1.300000000000001
2.2899999999999943
-0.07000000000000002
0.0
0.0
-0.03
-0.00999999999999983
1.6200000000000006
-0.6599999999999997
0.8000000000000007
-0.010000000000001875
-0.2999999999999998
-0.039999999999998835
1.2400000000000009
2.369999999999978
0.8600000000000005
0.7100000000000001
0.3500000000000002
0.01
0.0
-0.02
0.030000000000000242
1.1500000000000004
0.24000000000000024
-0.8600000000000012
-0.34999999999999853
-1.6400000000000008
-5.020000000000025
-0.9200000000000002
-0.9000000000000014
-0.8000000000000002
2.0299999999999963
-0.41000000000000025
0.0
0.0
-0.02
0.07000000000000006
2.6600000000000064
0.41000000000000175
0.8500000000000001
1.6399999999999997
-3.3300000000000223
-3.430000000000006
1.090000000000003
-0.33999999999999975
0.4100000000000003
0.97
0.7500000000000004
0.0
0.0
-0.05
-2.520000000000002
0.5899999999999997
0.4400000000000009
1.7300000000000013
3.4700000000000073
-3.1499999999999955
-1.1100000000000003
1.2000000000000002
-0.9800000000000002
0.7700000000000002
-0.9000000000000016
-0.5000000000000002
0.0
0.0
0.05
-1.9300000000000013
0.6899999999999988
-0.48999999999999905
2.0599999999999876
1.0199999999999987
-0.4300000000000054
-1.8300000000000012
-0.4099999999999985
0.3200000000000025
0.56
-0.4299999999999994
-0.8900000000000006
0.01
0.0
0.060000000000000005
1.3200000000000007
-0.4600000000000005
0.0900000000000017
0.7800000000000002
1.1200000000000008
-0.07000000000000006
0.5299999999999985
-0.9899999999999995
-1.5200000000000007
-0.08000000000000106
-2.270000000000001
-0.6300000000000003
0.01
0.0
0.11999999999999998
0.4500000000000003
-0.2299999999999992
-0.6199999999999982
0.3400000000000003
1.2600000000000005
0.19999999999999934
-0.8300000000000007
-0.9700000000000004
0.19999999999999998
-0.15999999999999986
-1.3200000000000007
0.0
0.0
0.0
0.0
0.0
-0.03
-0.43000000000000027
-1.6400000000000008
-0.20999999999999974
0.45999999999999996
0.28
-0.02
-0.08
-0.11
-0.06999999999999999
0.0
0.0
0.0
