2.7399999999999856
0.0
0.0
-0.6700000000000004
-11.459999999999845
-0.9599999999999911
-3.680000000000039
-2.160000000000001
-0.319999999999985
-0.2900000000000001
2.0200000000000027
-0.5400000000000121
0.02000000000000404
1.3900000000004367
0.2599999999999901
1.1300000000001416
-1.4400000000000006
-0.09
-1.2400000000000004
-0.47000000000002157
0.15999999999997866
0.7499999999998035
-1.8799999999998758
0.3700000000000597
2.8000000000000442
-0.08
0.7399999999999932
0.9299999999999211
-0.6499999999999527
-2.519999999999867
-0.040000000000023905
0.1699999999999854
1.7800000000000011
-4.559999999999947
0.6899999999998916
2.0899999999997747
1.0500000000001573
0.2300000000000036
-0.07999999999996771
-1.1100000000001127
-1.7699999999999998
-1.380000000000001
-3.310000000000117
0.08999999999999928
0.5600000000000414
0.10000000000000679
-0.029999999999996203
-3.8300000000000822
-0.5600000000000003
0.0
