-27170.250005076556
0.0
0.0
0.0
0.0
0.0
0.0
0.0
0.0
0.0
0.0
0.0
0.0
0.0
0.0
0.0
0.0
0.0
0.0
0.0
0.0
0.0
0.0
0.0
0.0
0.0
0.0
0.0
0.0
0.0
0.0
0.0
0.0
0.0
0.0
0.0
0.0
0.0
-19.96799999999981
-9.983999999999906
-39.93400000000284
-19.96600000000142
-69.88300000001155
-59.89700000000186
-69.91000000001152
-69.90700000001152
-49.95000000000692
-19.965999999999813
-9.982999999999906
-39.93400000000284
-29.95200000000073
-9.983999999999906
-19.96799999999981
0.0
0.0
0.0
0.0
0.0
0.0
0.0
0.0
0.0
0.0
-19.96799999999981
0.0
-19.96799999999981
-39.93600000000284
-49.926000000006916
-69.94499999999763
-169.79700000018974
-229.65000000044762
-389.4340000003403
-738.8729999952309
-958.4989999894302
-1248.0059999827088
-1277.8849999813378
-1377.734999979642
-978.3699999887136
-728.7949999942232
-479.20500000006507
-189.68600000031176
-129.78399999991962
-29.952000000000726
-19.96799999999981
0.0
0.0
0.0
0.0
0.0
0.0
0.0
0.0
0.0
-39.93400000000284
-99.83299999998154
-159.73200000012562
-279.6100000004974
-619.0629999976242
-878.6919999910034
-1377.9279999796374
-1867.1549999680822
-2556.1009999830803
-3155.212000016694
-3993.8380000413276
-3983.7070000531685
-3664.2320000480245
-2955.3000000086054
-2226.5889999706906
-1348.004999980463
-609.2039999970385
-349.50200000048204
-129.8419999999199
-59.90000000002724
0.0
0.0
0.0
0.0
0.0
0.0
0.0
-19.965999999999813
-49.94700000000692
-199.71700000026195
-339.48800000065654
-838.7679999931667
-1447.8929999782033
-2156.909999967447
-3285.2580000070334
-4613.175000151415
-6190.800000479879
-8027.71700086403
-9205.93200111821
-9695.208001227287
-9605.331001214854
-9166.013001110776
-7658.431000798834
-6090.903000455744
-4023.8960000339252
-2466.381999975859
-1268.147999982149
-778.8989999941647
-329.5200000006884
-59.96200000002732
0.0
0.0
0.0
0.0
0.0
0.0
-49.93300000000691
-179.74700000021107
-529.215999999875
-1058.5449999870973
-2037.0949999637558
-3285.365000015379
-5052.596000247846
-7279.508000707119
-9666.07900121287
-11902.82300167984
-14129.32300215522
-15667.281002479303
-16775.400002703802
-16755.318002697226
-15507.136002438157
-13839.807002084084
-11313.496001553776
-8308.086000917336
-5312.147000283727
-3185.4909999976803
-1907.2359999672399
-1098.3449999867205
-349.5430000007442
-79.89999999999519
0.0
0.0
0.0
0.0
0.0
-209.69000000029047
-379.4770000002561
-968.7079999891355
-2147.0319999667554
-3395.312000030408
-5482.2320003573095
-8377.786000942926
-11403.831001576087
-14339.568002185948
-16676.04500268039
-19621.630003282364
-21198.84900361368
-20759.697003546367
-21438.647003665297
-19022.2100031907
-17674.495002892687
-14768.75600228391
-11393.624001567328
-8108.441000872259
-4913.045000212093
-3035.438999995015
-1777.2639999700887
-858.7149999923927
-119.87099999995309
-59.96200000002732
0.0
0.0
-19.96799999999981
-39.93400000000284
-309.5370000004885
-878.7979999916292
-1677.5989999723436
-3295.2110000147104
-5332.361000308017
-8777.336001003763
-12192.168001722293
-15018.200002320857
-18742.66000307954
-22227.59300378768
-23515.603004070206
-24144.648004205173
-24074.884004194788
-23565.459004101907
-23455.406004062737
-21508.594003657334
-18393.216003016976
-14169.588002138951
-9655.906001205745
-6270.891000498843
-3814.428000031089
-2246.6709999707305
-1158.3559999851213
-279.6310000005412
-69.97300000001144
0.0
0.0
-19.965999999999813
-99.84299999998152
-439.35700000026804
-1168.2319999842493
-2396.4709999776455
-4263.837000076858
-7259.477000689549
-10095.522001301224
-13919.810002094728
-17644.232002860135
-20640.019003481615
-21578.58800369284
-21888.133003760195
-22147.62900380181
-22956.276003955856
-22496.98400387648
-21918.052003766617
-21408.667003654136
-19121.760003176703
-15008.054002328367
-11013.920001489783
-6959.991000641945
-3974.364000036823
-1907.2709999665879
-958.6899999892818
-349.6000000008755
-39.9840000000029
0.0
0.0
-29.95700000000073
-169.76900000010394
-469.2970000004216
-1308.1069999812555
-2716.0199999879746
-4783.176000193916
-7509.052000775788
-10554.571001422411
-14758.587002284767
-18153.506002977174
-20070.872003377342
-20670.10200349656
-20121.017003380897
-19621.562003272542
-19901.029003322627
-20390.090003438247
-20889.494003548767
-20999.17200356805
-18702.436003094754
-14408.849002226836
-10055.330001311899
-6300.942000510849
-3644.7980000066727
-1587.709999974845
-738.9739999956021
-109.89999999994669
-19.9899999999998
0.0
0.0
-39.938000000002845
-169.7390000001466
-339.473000000184
-1138.283999984603
-2506.2409999836273
-4223.768000117602
-7519.013000778208
-11363.425001579748
-15657.375002457231
-18482.808003042494
-19212.299003197793
-19032.252003146656
-18123.639002944878
-17714.296002855852
-18144.05000295743
-18992.616003149582
-20629.928003490095
-20390.393003443707
-18363.188003019397
-14239.185002171918
-9446.205001166007
-5442.098000309889
-2616.3159999724967
-978.6009999898366
-309.67500000063814
-19.983999999999803
0.0
0.0
0.0
0.0
-139.8070000000435
-279.5930000004755
-1088.4619999862462
-2216.7269999713226
-4153.739000083116
-8218.04000090222
-11523.076001616897
-15417.236002417127
-17734.27800289537
-18033.899002954113
-17744.547002871794
-17115.381002734768
-16576.215002643574
-17485.268002846715
-20920.075003531696
-22077.882003778916
-21638.248003681532
-17114.88100278177
-13330.244001969702
-8427.379000930921
-4044.130000023034
-1667.6069999732727
-579.2709999989343
-179.7640000001707
-19.964999999999815
-19.96799999999981
0.0
0.0
0.0
-129.79699999991968
-329.5580000005839
-888.8059999913307
-1897.1899999664147
-4613.219000155394
-8387.653000949667
-11732.775001670729
-16096.414002555859
-17394.796002834853
-17045.131002762788
-17365.469002803125
-18004.04200293182
-18424.05600304409
-20660.63200349894
-23655.977004106542
-24284.954004232208
-20859.543003555045
-16874.808002729915
-12780.686001838947
-7359.067000698138
-3345.0270000043593
-1397.9389999790883
-639.0899999971994
-229.7160000003846
-9.97799999999991
-19.96799999999981
0.0
0.0
0.0
-19.965999999999813
-239.71000000047718
-748.9489999947311
-1977.251999965113
-4753.021000189602
-8387.603000961672
-12381.88400180184
-16455.97200263044
-17504.43000285615
-18683.02400307925
-18893.08700312114
-21179.1530035943
-20580.72500352887
-24125.261004233675
-26271.905004658507
-25073.661004420694
-21478.54200367686
-17184.56700276765
-11682.445001615446
-6759.723000582287
-3175.245000007755
-1477.7119999769193
-778.8139999934579
-239.66900000044663
0.006
0.0
0.0
0.0
0.0
0.0
-179.83600000017105
-758.8819999946054
-2316.6249999697825
-5082.557000245034
-8557.366000998767
-12751.196001869583
-16435.967002634403
-18343.203003024526
-20210.7860033872
-22127.80300377933
-23376.000004066846
-24095.338004244408
-27230.39200486642
-27549.863004923438
-24514.41700432023
-21418.45800366138
-16285.728002590198
-11033.474001490153
-6600.074000570774
-3904.023000020238
-1777.4219999699296
-928.6179999904529
-259.68800000057166
-19.999999999999794
0.0
0.0
0.0
0.0
0.0
-189.76000000023546
-689.0019999960284
-2536.320999979262
-5202.4170002841365
-8856.939001050847
-12571.574001832774
-14668.520002302903
-17464.676002857963
-20370.31900342677
-22956.47200396468
-24204.895004252903
-25802.839004583162
-27659.51800494703
-26012.602004614244
-23695.659004148303
-20479.94000346573
-16066.0250025372
-10644.0530014257
-7239.418000701003
-4153.786000063275
-2196.82399996873
-938.5659999895709
-289.624000000512
-109.90399999994668
0.0
0.0
0.0
0.0
-39.95200000000286
-259.6330000005517
-1038.6539999879337
-2985.5519999894436
-5711.628000377644
-8577.281000996012
-11772.853001671996
-14408.864002231294
-17464.85200284016
-19921.083003337568
-21219.024003625364
-22747.220003962004
-24414.697004305413
-26141.642004631853
-24504.667004297215
-22347.317003859087
-19601.039003282112
-15637.141002450417
-10833.74900146763
-7668.69100079176
-4393.589000117302
-2306.54799997343
-1118.3249999855275
-339.5390000004201
-59.94300000000187
0.0
0.0
0.0
0.0
-79.88799999999522
-439.34800000070874
-1427.940999978849
-3205.1830000090663
-5871.436000412862
-8078.047000898899
-11153.639001527703
-13719.908002067927
-16016.609002534276
-17904.065002924744
-19361.954003234543
-22048.200003782495
-23575.545004101732
-23575.894004110734
-23166.528004014515
-21009.495003575936
-19051.859003152855
-15227.732002362583
-10853.935001473104
-7279.168000730964
-4653.2710001584755
-2406.5589999776603
-1248.2409999823715
-519.2390000002163
-99.8529999999815
0.0
0.0
0.0
0.0
-129.8419999999199
-579.1539999989369
-1587.606999974413
-3434.9470000348156
-6181.023000480329
-8627.293000991966
-10474.736001383102
-12491.789001815532
-14489.129002231928
-16346.487002609725
-18363.45500302095
-20500.600003464377
-22027.942003787706
-22367.247003855573
-22716.87100390795
-19900.860003351598
-17284.491002807616
-14189.296002162098
-10584.700001410269
-6420.527000581026
-4403.723000124252
-2356.6339999757897
-1058.4569999865778
-359.49800000041563
-99.87399999994864
-39.96600000000288
0.0
0.0
0.0
-179.76500000017072
-649.0479999962428
-1937.086999965524
-3824.2850000736803
-6650.071000602616
-8876.9150010659
-10734.465001444789
-13121.191001939977
-14519.149002248685
-16126.666002586377
-18732.686003107196
-20589.88600349435
-22347.176003851266
-22726.590003921734
-21937.622003754117
-19141.939003194973
-17074.960002752137
-13110.668001939024
-9246.38300114954
-6260.848000516776
-3654.7120000370796
-2037.08299996423
-1028.516999988362
-309.5660000007127
-19.965999999999813
-39.96600000000288
0.0
0.0
0.0
-139.79900000004346
-868.6659999920909
-2096.8219999655557
-4293.710000115137
-7199.428000724194
-9695.748001244401
-12461.757001796266
-14818.463002285662
-16226.395002599702
-18473.06100305872
-20719.303003516925
-22836.282003945285
-23035.92600399606
-22027.689003794723
-21298.89200362963
-18712.560003098424
-15397.348002407374
-10974.316001514873
-8018.52500088005
-5032.832000260741
-2726.136999997373
-1587.7749999747564
-679.0349999961404
-219.693000000354
-19.959999999999816
0.0
0.0
0.0
0.0
-129.8049999999757
-698.9299999965064
-1906.9989999671732
-3834.1350000541493
-6550.318000601595
-9256.502001172681
-12042.143001741979
-15118.10900236972
-18273.226003010303
-20948.97100355285
-22526.66100388286
-23834.714004149482
-22716.551003931683
-21118.87000360991
-20429.99000343253
-16256.396002586544
-12122.823001742698
-9106.94900110282
-6101.221000482404
-4004.3370000469026
-2037.0909999636879
-1028.568999987958
-419.4450000000515
-119.80900000000413
-39.93100000000284
0.0
0.0
0.0
0.0
-69.88600000001155
-349.463000000613
-1168.1939999850774
-3035.3089999907174
-5691.726000369221
-8747.25600102585
-11173.556001562607
-14748.570002290004
-17873.642002935016
-19671.11600331079
-21098.96600359998
-21388.320003656612
-20110.59900339778
-18403.230003040073
-16056.90000253859
-12072.762001730629
-8757.746001050295
-6391.161000536513
-4134.217000048859
-2596.4379999787006
-1328.2169999807006
-599.2139999980415
-309.5800000004884
-89.876000000003
-19.959999999999816
0.0
0.0
0.0
0.0
-19.96799999999981
-209.68900000029046
-639.1149999974148
-1447.7909999781104
-3684.697000000926
-6440.682000511996
-9406.517001151777
-12741.351001849389
-14897.874002321147
-16535.52800266897
-17873.95400292893
-17584.004002866724
-16116.279002563646
-14189.34300215953
-11553.558001610336
-9047.496001066487
-6391.1360005107035
-4014.388000041535
-2406.7159999751875
-1228.4119999832585
-539.2769999990236
-239.66400000053767
-179.72600000013006
0.0
0.0
0.0
0.0
0.0
0.0
0.0
-99.86999999994865
-379.5130000005872
-788.9239999938559
-1647.7309999731426
-3215.5540000052374
-5052.986000255176
-7159.677000704274
-9146.806001112223
-10255.041001346382
-11073.848001497801
-10345.082001356568
-9636.216001203009
-8747.567000995537
-6850.283000611832
-5002.980000218032
-3395.2580000057505
-1877.4359999675166
-1028.620999986749
-629.1789999970806
-259.6840000005916
-139.8310000000436
-59.90600000002725
0.0
0.0
0.0
0.0
0.0
0.0
0.0
-19.96799999999981
-69.9260000000115
-249.70800000053703
-669.1469999966595
-1617.736999974204
-2346.6639999778
-3285.2590000237146
-3365.049000063598
-4153.742000080912
-3894.1560000657087
-3934.2490000471703
-3774.499000049038
-3215.24800001807
-2626.035999991969
-1927.029999966214
-1477.7949999774776
-748.8829999938112
-519.3149999988852
-309.56500000048845
-139.86399999993972
-9.986999999999904
-39.94800000000286
0.0
0.0
0.0
0.0
0.0
0.0
0.0
0.0
-39.94200000000285
-89.879000000003
-409.43000000054445
-758.8439999940607
-1178.2029999838544
-1487.5969999767449
-1607.479999973365
-1767.1929999702
-1487.653999976558
-1287.9639999811707
-1307.9019999807329
-1407.757999979015
-948.5419999892838
-788.7859999936841
-509.27900000049755
-219.7130000004534
-149.82400000010864
-109.8639999999895
-49.967000000006934
-19.96799999999981
0.0
0.0
0.0
0.0
0.0
0.0
