-0.20000000000000004
0.0
0.0
0.0
0.0
0.0
0.0
0.0
0.0
0.0
0.0
0.0
0.0
0.0
0.0
0.0
0.0
0.0
0.0
0.0
0.0
0.0
0.0
0.0
0.0
0.0
0.0
0.0
0.0
0.0
0.0
0.0
0.0
0.0
0.0
0.0
0.0
0.0
0.0
0.0
0.0
0.0
0.0
0.0
0.0
0.0
0.0
0.0
0.0
0.0
0.0
0.0
0.0
0.0
0.0
0.0
0.0
0.0
0.0
0.0
0.0
0.0
0.0
0.0
0.0
0.0
0.0
0.0
0.0
0.0
0.0
-0.01
-0.01
-0.01
0.0
-0.02
-0.02
-0.02
-0.01
0.0
0.0
0.0
0.0
0.0
0.0
0.0
0.0
0.0
0.0
0.0
0.0
0.0
0.0
0.0
-0.01
-0.07
-0.01
-0.04
-0.02
-0.07
-0.09999999999999999
-0.060000000000000005
0.019999999999999997
-0.019999999999999997
0.010000000000000004
0.09
0.030000000000000006
-0.060000000000000005
-0.060000000000000005
-0.07
-0.04
0.0
0.0
0.0
0.0
0.0
0.0
0.0
0.0
0.0
0.0
0.0
-0.01
-0.07
-0.09999999999999999
-0.02
-0.12999999999999998
-0.04
0.05000000000000001
-0.09999999999999999
0.07
0.03
0.15
-0.020000000000000004
-0.060000000000000005
-0.010000000000000004
0.09999999999999999
-0.09
-0.04
-0.04
0.060000000000000005
0.01
-0.03
0.0
0.0
0.0
0.0
0.0
0.0
0.0
0.0
-0.01
-0.08
-0.08
0.009999999999999997
-0.15
0.05000000000000001
-0.15
-0.10999999999999999
0.19000000000000003
0.07
0.009999999999999997
0.04
0.13999999999999999
-0.09
0.07
0.07
0.09
-0.07
0.019999999999999997
-0.01
-0.03
0.0
0.0
0.0
0.0
0.0
0.0
0.0
0.02
0.0
-0.03
-0.08
-0.010000000000000004
0.05
0.010000000000000004
-0.07
-0.24000000000000007
0.060000000000000005
-0.08
-0.010000000000000004
0.16
0.09999999999999999
-0.18000000000000002
-0.019999999999999997
0.04
-0.010000000000000004
0.19000000000000003
-0.060000000000000005
-0.009999999999999997
-0.060000000000000005
0.0
0.0
0.0
0.0
0.0
0.0
0.0
0.01
-0.05
-0.07
-0.09
0.08
-0.03
0.08
-0.010000000000000004
0.04000000000000001
0.22000000000000006
0.23000000000000007
0.24000000000000007
0.24000000000000007
0.38000000000000017
0.3000000000000001
0.16
-0.04
0.009999999999999997
0.15
0.08
-0.03
-0.09
0.0
0.0
0.0
0.0
0.0
0.0
0.0
0.01
-0.04
-0.10999999999999999
-0.13999999999999999
-0.15
-0.13999999999999999
0.010000000000000004
-0.060000000000000005
-0.03
0.09
0.20000000000000004
0.10999999999999999
0.04
0.15
0.03
0.08
-0.060000000000000005
-0.09
-0.05000000000000001
-0.05
0.09
-0.060000000000000005
-0.04
0.0
0.0
0.0
0.0
0.0
0.0
0.01
-0.10999999999999999
-0.19000000000000003
-0.07
-0.10999999999999999
-0.060000000000000005
0.10999999999999999
-0.009999999999999997
0.019999999999999997
-3.469446951953614E-18
-0.060000000000000005
-0.020000000000000004
0.060000000000000005
0.08
0.21000000000000005
0.03
-0.020000000000000004
-0.08
0.12999999999999998
0.09
0.16
-0.02
-0.04
0.0
0.0
0.0
0.0
0.0
0.0
0.01
-0.05
-0.16
0.10999999999999999
-0.17
-0.13999999999999999
-0.05
-0.010000000000000004
0.009999999999999997
0.019999999999999997
0.04000000000000001
-0.13999999999999999
-0.18000000000000002
0.13999999999999999
0.10999999999999999
0.019999999999999997
-0.020000000000000004
0.13999999999999999
0.22000000000000006
0.12999999999999998
0.23000000000000007
-0.01
-0.01
0.0
0.0
0.0
0.0
0.0
0.0
-0.02
-0.019999999999999997
-0.010000000000000004
0.060000000000000005
0.030000000000000006
-0.07
0.26000000000000006
0.10999999999999999
0.08
0.05
-0.03
-0.08
-0.05
0.13999999999999999
0.10999999999999999
-0.030000000000000006
0.12999999999999998
0.10999999999999999
0.3000000000000001
0.2900000000000001
0.16
0.060000000000000005
0.0
0.0
0.0
0.0
0.0
0.0
-0.01
-0.060000000000000005
0.04
0.10999999999999999
0.060000000000000005
0.03
-0.08
-0.12999999999999998
0.009999999999999997
-0.060000000000000005
-0.13999999999999999
-0.09999999999999999
-0.09999999999999999
-0.23000000000000007
-0.10999999999999999
-0.010000000000000004
0.18000000000000002
0.10999999999999999
-0.07
0.2900000000000001
0.04
0.11999999999999998
0.060000000000000005
0.0
0.0
0.0
0.0
0.0
0.03
-0.05
-0.09
0.08
0.18000000000000002
-0.030000000000000006
-0.09999999999999999
0.08
0.09999999999999999
0.04
-0.10999999999999999
-0.13999999999999999
-0.17
-0.23000000000000007
-0.2800000000000001
-0.12999999999999998
-0.060000000000000005
-0.08
-0.08
0.060000000000000005
0.17
0.15
0.09999999999999999
0.07
0.0
0.0
0.0
0.0
0.0
0.0
-0.05
-0.04
0.22000000000000006
0.12999999999999998
0.019999999999999997
0.09
-0.15
0.10999999999999999
0.030000000000000006
0.04000000000000001
-0.04
-0.26000000000000006
-0.3300000000000001
-0.34000000000000014
-0.11999999999999998
0.10999999999999999
-0.060000000000000005
-0.030000000000000006
-3.469446951953614E-18
0.15
0.13999999999999999
0.09
0.07
0.0
0.0
0.0
0.0
0.0
0.0
0.0
-0.05
0.12999999999999998
0.09999999999999999
0.3200000000000001
-0.030000000000000006
0.12999999999999998
3.469446951953614E-18
-0.019999999999999997
0.030000000000000006
0.020000000000000004
-0.5700000000000003
-0.37000000000000016
-0.23000000000000004
-0.10999999999999999
-0.11999999999999998
-0.09
-0.07
0.16
0.11999999999999998
0.07
0.12999999999999998
0.010000000000000004
0.0
0.0
0.0
0.0
0.0
-0.01
-0.01
-0.15
0.09999999999999999
0.16
0.2900000000000001
0.019999999999999997
0.08
-0.03
-0.07
0.09
-0.5600000000000003
-0.38000000000000017
-0.17
-0.16
0.04
-0.05
-0.07
-3.469446951953614E-18
0.019999999999999997
0.18000000000000002
0.09
0.04
3.469446951953614E-18
0.0
0.0
0.0
0.0
0.0
-0.01
-0.02
-0.09
0.009999999999999997
0.15
0.17
-0.03
0.11999999999999998
0.10999999999999999
0.11999999999999998
-0.04000000000000001
-0.3200000000000001
-0.2900000000000001
-0.21000000000000005
0.010000000000000004
0.08
0.15
0.009999999999999997
0.05
0.019999999999999997
0.21000000000000005
-0.04000000000000001
0.04
-0.07
0.0
0.0
0.0
0.0
0.0
-0.01
-0.02
-0.12999999999999998
0.03
0.23000000000000007
0.17
0.22000000000000006
0.15
0.17
0.05
-0.04
-0.2900000000000001
-0.26000000000000006
0.09
-0.05
0.060000000000000005
0.09
0.04
0.11999999999999998
0.12999999999999998
0.04
-0.04
0.05
-0.07
0.0
0.0
0.0
0.0
0.0
0.0
-0.05
0.010000000000000004
-0.030000000000000006
0.2700000000000001
0.17
-0.09
0.08
0.17
-0.07
0.060000000000000005
-0.10999999999999999
-0.020000000000000004
0.010000000000000004
-0.07
-0.07
3.469446951953614E-18
-0.010000000000000004
-0.04000000000000001
-0.060000000000000005
0.09
-0.019999999999999997
-0.07
-0.060000000000000005
0.0
0.0
0.0
0.0
0.0
0.0
-0.02
0.07
0.09
-0.09
-0.019999999999999997
-0.08
0.009999999999999997
0.4200000000000002
-3.469446951953614E-18
0.13999999999999999
-3.469446951953614E-18
-0.03
-0.09999999999999999
3.469446951953614E-18
-0.04
-0.09999999999999999
-0.13999999999999999
-0.22000000000000006
0.030000000000000006
-0.05
-0.019999999999999997
-0.09999999999999999
-0.01
0.0
0.0
0.0
0.0
0.0
0.0
-0.02
0.02
0.09999999999999999
-0.09999999999999999
-0.10999999999999999
-0.09
-0.04000000000000001
0.18000000000000002
0.23000000000000004
0.08
-0.060000000000000005
-0.05
-0.07
-0.03
-0.15
-0.08
-0.10999999999999999
-0.19000000000000003
0.07
0.05000000000000001
-0.09
-0.05
0.0
0.0
0.0
0.0
0.0
0.0
0.0
0.0
-0.009999999999999997
0.12999999999999998
0.04000000000000001
-0.060000000000000005
-0.05
-3.469446951953614E-18
0.060000000000000005
0.15
0.08
0.13999999999999999
0.060000000000000005
0.03
0.13999999999999999
-0.22000000000000006
-0.13999999999999999
-0.2700000000000001
0.09999999999999999
0.010000000000000004
-0.09999999999999999
-0.04
-0.04
0.0
0.0
0.0
0.0
0.0
0.0
0.0
0.0
-0.08
0.030000000000000006
0.09
-3.469446951953614E-18
0.09
0.16
0.3000000000000001
0.2700000000000001
0.25000000000000006
0.25000000000000006
0.19000000000000003
0.09
-0.19000000000000003
-0.07
-0.03
0.060000000000000005
-0.009999999999999997
-0.08
-0.05
-0.04
-0.04
0.0
0.0
0.0
0.0
0.0
0.0
0.0
0.0
-0.07
-0.09
-0.08
-0.13999999999999999
-0.07
-0.09999999999999999
0.020000000000000004
0.030000000000000006
0.08
0.019999999999999997
0.12999999999999998
3.469446951953614E-18
-0.060000000000000005
-0.19000000000000003
-0.019999999999999997
-0.11999999999999998
-0.07
-0.060000000000000005
-0.05
0.0
0.0
0.0
0.0
0.0
0.0
0.0
0.0
0.0
0.0
0.0
0.0
0.0
-0.01
-0.05
-0.09999999999999999
-0.060000000000000005
-3.469446951953614E-18
0.05
-0.05
0.020000000000000004
0.09999999999999999
-0.09
-0.02
-0.02
-0.02
-0.01
-0.01
0.0
0.0
-0.04
0.0
0.0
0.0
0.0
0.0
0.0
0.0
0.0
0.0
0.0
0.0
0.0
0.0
0.0
0.0
0.0
0.0
0.0
0.0
0.0
0.0
0.0
-0.01
-0.01
0.0
0.0
0.0
0.0
0.0
0.0
0.0
0.0
0.0
0.0
