-0.029999999999999916
0.0
0.0
0.0
0.0
0.0
0.0
0.0
0.0
0.0
0.0
0.0
0.0
0.0
0.0
0.0
0.0
0.0
0.0
0.0
-0.17999999999999997
-0.7200000000000003
-4.359999999999984
-0.47999999999999987
-3.2900000000000076
1.120000000000001
-0.040000000000000285
-0.11000000000000001
-0.03
-0.7800000000000005
0.0
0.0
0.0
-0.06
-1.1000000000000008
-1.6900000000000013
-1.2300000000000002
0.4200000000000028
2.079999999999999
2.7799999999999536
-0.8999999999999997
-2.1600000000000086
2.4700000000000126
-1.36
-2.5399999999999983
-0.02
0.0
-0.32
0.15999999999999967
-1.1700000000000008
-2.0199999999999783
0.0400000000000007
-3.7800000000000775
0.42000000000000165
1.5900000000000003
-2.059999999999999
0.2500000000000001
0.49999999999999994
-0.5200000000000009
-2.96999999999999
-0.3
0.0
-0.32
0.4600000000000004
-1.700000000000001
-4.2200000000000175
0.22000000000000022
0.6100000000000064
-0.08000000000000518
2.2200000000000006
3.3799999999998653
-0.34999999999999803
0.2200000000000022
0.7399999999999991
-0.039999999999999744
-0.36000000000000015
0.0
-0.01
-0.8799999999999998
3.1400000000000157
0.22999999999999857
-0.24999999999999592
-0.38000000000000755
-1.0900000000000003
0.2099999999999997
0.23999999999999974
3.339999999999804
1.8699999999999983
0.21000000000000069
-0.44000000000000006
0.0
0.0
0.10999999999999999
-1.2800000000000007
2.7900000000000587
-0.9999999999999991
-1.42
0.4400000000000014
-1.7699999999999998
-2.4100000000001383
-3.1200000000001022
-2.850000000000118
0.20000000000000243
1.6399999999999948
-2.1400000000000023
0.0
0.0
-0.4100000000000002
-0.489999999999998
1.8600000000000052
3.1599999999999504
2.3699999999999872
0.5899999999999986
-3.4399999999999817
-3.180000000000095
0.009999999999998739
-0.5500000000000027
-0.1299999999999975
2.150000000000003
1.2300000000000009
0.0
0.0
-0.3300000000000001
-2.760000000000074
1.6400000000000015
-0.2599999999999977
0.10999999999999978
2.5799999999999743
-1.7900000000000016
-1.3299999999999983
2.3199999999999985
0.3300000000000063
-0.5900000000000009
-1.34
-1.830000000000001
0.0
0.0
-1.5500000000000012
-1.6000000000000012
1.700000000000005
-0.6699999999999989
1.65
2.9499999999999824
-0.3199999999999984
-1.3600000000000003
-1.3100000000000045
-1.6699999999999995
1.1600000000000001
-0.48000000000001825
-1.270000000000001
0.0
0.0
-0.10000000000000002
0.3500000000000003
-0.9799999999999991
-1.3300000000000014
2.299999999999974
2.2799999999999914
-1.2199999999999984
3.0000000000000053
-0.30999999999999883
-0.6499999999999999
1.2499999999999996
-2.749999999999985
-0.9600000000000006
0.0
0.0
0.5500000000000003
-0.17000000000000004
0.28999999999999954
-0.9899999999999995
2.6399999999999024
1.3000000000000003
0.9700000000000024
-0.6200000000000011
-1.0700000000000012
0.6200000000000001
-0.9900000000000005
-2.010000000000001
0.0
0.0
0.0
0.0
0.0
-0.03
-0.7700000000000005
-2.8600000000000025
-1.8000000000000014
-1.1000000000000005
0.8800000000000006
-0.5499999999999999
-0.4500000000000002
-0.19999999999999998
0.0
0.0
0.0
0.0
