5.769999999999921
0.0
0.0
-4.109999999999957
-6.359999999999941
-2.3799999999999364
-2.9200000000003214
-9.45999999999985
-0.9399999999999324
0.0
0.800000000000003
-0.6599999999999917
0.21999999999987035
1.7700000000009195
0.16999999999998477
1.1900000000004367
-1.5099999999999953
-0.9200000000000006
-1.8899999999999926
-0.4299999999999976
-0.009999999999993833
1.0599999999997765
-2.0799999999997403
0.6600000000001504
2.5000000000004556
-4.979999999999938
1.1700000000000352
1.230000000000343
-0.8899999999999545
-2.080000000000244
-0.5000000000001579
-0.6299999999999327
1.120000000000004
-7.759999999999879
-0.2600000000000414
2.129999999999802
1.0200000000002163
-0.15999999999996925
-0.3499999999999523
-0.9300000000000935
-3.219999999999841
-0.20000000000000004
-2.649999999999883
-0.640000000000001
-0.4999999999999317
-0.27999999999991443
-1.5400000000000043
1.2100000000000024
-0.38000000000000017
0.0
