-31505.752005959814
0.0
0.0
0.0
0.0
0.0
0.0
0.0
0.0
0.0
0.0
0.0
0.0
0.0
0.0
0.0
0.0
0.0
0.0
0.0
0.0
0.0
0.0
0.0
0.0
0.0
0.0
0.0
0.0
0.0
0.0
0.0
0.0
0.0
0.0
0.0
0.0
-19.97399999999981
-29.965000000000728
-19.97600000000143
-79.92599999999513
-29.98700000000073
-59.92200000002727
-19.97400000000143
-79.91399999999516
-79.90700000000076
-59.94200000000186
-39.94900000000023
-39.95000000000286
-19.975999999999807
-9.987999999999904
0.0
0.0
0.0
0.0
0.0
0.0
0.0
0.0
0.0
0.0
0.0
0.0
0.0
0.0
-19.975999999999807
-79.90399999999518
-69.9159999999976
-119.88000000000415
-229.7720000005115
-319.623000000437
-409.5330000005445
-709.1749999961778
-868.973999991607
-1188.56099998415
-1318.3519999802404
-1528.1369999756555
-1248.4599999821453
-878.9339999908406
-519.3629999996816
-229.72300000047957
-109.87499999994672
-29.962000000000728
-19.975999999999807
0.0
0.0
0.0
0.0
0.0
0.0
0.0
0.0
0.0
-39.95600000000287
-99.89599999998147
-189.7830000002356
-329.6450000003743
-599.2949999980395
-968.8689999891316
-1648.1709999732998
-2187.5099999681
-2946.694999995675
-3855.6580000336216
-4684.723000165042
-4664.61100017721
-4404.923000126577
-3505.8580000335623
-2577.061999984526
-1568.3019999751095
-719.2559999947036
-399.58600000062233
-139.8499999999917
-99.88199999994862
0.0
0.0
0.0
0.0
0.0
0.0
0.0
0.0
-79.94199999999509
-279.7120000005853
-479.4640000013118
-729.1769999955395
-1408.3879999792946
-2487.2859999770367
-3975.6350000260313
-5364.272000318015
-7422.00500072731
-9389.450001144722
-10937.880001473812
-11606.814001617668
-11587.021001617095
-11387.269001560946
-9299.667001133292
-6982.236000651324
-5054.385000215572
-2726.993999980131
-1378.4969999797243
-759.18899999478
-369.57900000064956
-79.9379999999951
0.0
0.0
0.0
0.0
0.0
-19.975999999999807
-49.96500000000693
-169.84800000014715
-709.2319999959819
-998.8939999882678
-2187.646999968331
-3636.1050000193063
-5793.67900038938
-8131.35400088786
-10738.770001437986
-13595.557002024523
-16002.89700253172
-17481.356002855206
-19019.34000316446
-19239.061003206374
-17920.344002934344
-15902.751002506162
-13415.276001969609
-9399.839001136437
-6043.281000434245
-3935.7520000172226
-2257.522999969451
-1428.3709999792256
-439.5420000009295
-139.86399999993972
0.0
0.0
0.0
0.0
-19.97399999999981
-99.90399999994857
-449.5290000006193
-1008.9849999881168
-2467.3539999737404
-3915.8040000469873
-6453.183000542056
-9360.110001144607
-13086.481001911758
-15873.609002504325
-18989.929003146965
-22366.23600383395
-24273.63500423535
-23884.307004183407
-24893.029004366315
-22735.49200393484
-20068.472003385403
-17161.69300276625
-13235.776001933746
-9190.270001091434
-5723.739000390287
-3745.7990000172513
-2117.5669999658503
-938.9359999904444
-249.7480000005081
-79.94399999999509
0.0
-19.97399999999981
-39.95000000000286
-39.946000000002854
-299.6880000005858
-1048.944999988164
-1927.9219999664797
-3855.813000025251
-6063.6120004591485
-9799.524001217815
-14154.904002120014
-17201.612002771282
-21476.770003634567
-25212.63800439275
-26711.035004720863
-27739.913004937873
-28189.40400503157
-27539.960004907945
-27350.009004853815
-24443.225004261523
-21036.978003558677
-16342.209002581216
-11038.0650014969
-7621.773000776552
-4615.007000151787
-2706.9919999851477
-1408.4639999793906
-339.6530000004199
-69.97900000001142
0.0
-19.97399999999981
-29.959000000000728
-109.8559999999895
-609.344999998395
-1558.2169999752045
-2966.6279999987523
-5144.347000259706
-7911.371000844861
-11987.227001679064
-15903.047002505644
-20427.986003429298
-23594.406004085475
-24603.472004308893
-25552.348004499097
-25522.296004494485
-26371.34100465523
-26051.42500460271
-25722.00900453993
-25022.515004391415
-22325.391003825982
-17251.188002785897
-12756.303001847631
-8391.077000937259
-4854.849000209379
-2457.2829999809305
-1228.7399999832508
-389.6540000010444
-59.978000000027336
0.0
-19.97399999999981
-69.90400000001152
-239.72100000044688
-679.2039999959331
-1787.9699999698062
-3575.956000022475
-5623.792000382221
-8510.588000992944
-12596.269001836057
-17131.533002769258
-21166.945003592868
-23005.35700397468
-23514.712004076144
-23105.205003986594
-23045.032003963715
-23374.823004028076
-23753.939004122833
-24782.881004342787
-24023.505004192848
-22055.588003774857
-17151.26500277091
-11527.562001617016
-7571.776000772747
-4565.113000107899
-2037.7629999644173
-929.0919999911848
-189.8560000001976
-19.981999999999804
0.0
0.0
-39.94400000000023
-179.78600000021126
-569.3059999978151
-1538.2369999751156
-3236.280000023429
-5593.870000382685
-8720.343001035108
-13125.877001943727
-18360.074003006637
-20787.19200352132
-21836.583003728876
-21546.72200365314
-20487.806003422153
-20308.18000338522
-20818.278003507774
-22695.777003904113
-24243.647004231578
-24203.71200421887
-21416.311003640716
-16412.060002612314
-10568.48500140642
-6393.053000511093
-3046.7479999771526
-1058.914999987871
-349.7480000006132
-49.96500000000693
0.0
0.0
0.0
-39.94400000000285
-119.86200000000413
-539.3559999992777
-1618.2739999738503
-2766.9850000032197
-5134.221000290919
-9339.805001142764
-13785.107002069744
-18230.097002988252
-20048.159003370503
-20338.166003416547
-19499.484003226626
-19339.52900318456
-19189.873003177065
-20798.316003515774
-24294.120004224642
-26221.628004620106
-24912.72500435287
-20207.90300340552
-15203.193002358235
-9439.503001154613
-5014.451000208257
-1858.0149999687728
-769.2359999948259
-219.81000000035456
-39.943000000002854
-19.975999999999807
0.0
0.0
-19.97399999999981
-99.87799999998148
-489.431000000969
-1388.571999979646
-2517.1859999915146
-5653.834000372125
-9639.435001207466
-14064.728002136186
-18300.104003014556
-19978.50100335313
-19169.499003189365
-19020.27500314055
-20268.481003390116
-20718.540003518865
-23365.425004056644
-27800.48600494319
-28079.978005005025
-24513.37000429338
-19858.156003327513
-14214.211002145632
-8540.52600094745
-3995.5310000152413
-1558.1529999753834
-679.2209999959329
-249.78500000050826
-29.96600000000073
-19.975999999999807
0.0
0.0
-9.986999999999904
-39.95100000000023
-369.61300000064955
-1068.967999986802
-2427.411999981568
-5533.918000355648
-10029.005001293826
-14604.108002257315
-18539.966003063746
-19828.611003325266
-20748.05600349563
-21607.35100366753
-24194.141004205452
-24024.974004221756
-27650.823004951384
-30826.99100558131
-28719.26200516523
-24723.024004338884
-19928.10500332244
-13145.469001921632
-8130.824000857318
-3735.8140000202025
-1767.925999970339
-848.99699999204
-249.77000000053732
-39.954000000002864
0.0
0.0
0.0
-19.97399999999981
-29.97100000000073
-239.79900000047758
-949.0879999895619
-2846.943999987582
-6023.418000447334
-10208.714001339147
-14684.002002273126
-18579.918003071944
-20767.50700351221
-22755.912003903763
-25243.057004414535
-27480.44400489829
-27990.403005038013
-31865.77700580997
-32105.402005850752
-28269.63000508883
-24812.688004352844
-18719.214003085577
-12386.424001776868
-7811.218000813474
-4225.178000061495
-2197.5629999680177
-998.8769999888211
-279.7780000005187
-59.976000000027334
0.0
0.0
0.0
0.0
-19.97399999999981
-179.8180000002114
-839.1729999923343
-3236.494999995806
-6262.9520005054965
-10518.528001387907
-14613.994002248217
-17540.899002870796
-20547.92600347808
-23984.209004157692
-26930.842004769816
-27760.085004983113
-29877.891005418056
-32304.955005895386
-30157.69500546424
-27380.703004905874
-23903.914004158836
-18030.119002942527
-12705.943001834055
-8350.882000919888
-4734.763000178724
-2637.2149999813028
-1028.8419999874147
-309.72800000041315
-109.93399999994662
0.0
0.0
0.0
0.0
-39.962000000002874
-349.6280000007444
-1148.8149999855161
-3735.8220000040783
-6572.698000565156
-9889.027001265835
-13555.23900203642
-16961.46500274442
-20428.04000344187
-23075.138003980926
-24533.104004303572
-27210.692004859804
-28988.75300523236
-30356.869005493892
-28669.215005151444
-26111.516004626752
-22285.450003829297
-17900.446002904915
-12296.362001761632
-8261.055000924702
-4994.570000235819
-2886.906999989448
-1278.6749999816432
-399.61700000025047
-79.94400000000074
0.0
0.0
0.0
0.0
-59.93800000002729
-389.58300000051594
-1438.4379999785613
-4035.4560000307424
-6852.328000621612
-9689.249001222934
-12776.026001865019
-15253.503002389834
-18899.569003116645
-20428.07700344277
-22335.81100384258
-25642.6060045155
-27290.400004863266
-27310.423004876913
-27830.100004959713
-23973.84800418835
-21586.34700366682
-17071.540002733032
-11857.027001679353
-8081.1480008949975
-5254.449000287284
-2837.0330000001845
-1558.430999975111
-489.47999999968914
-119.8699999999531
-19.975999999999807
0.0
0.0
0.0
-119.87799999990202
-649.2669999975136
-1857.8879999681071
-4195.247000090102
-7321.991000722514
-10178.758001312404
-12536.40200179478
-14993.949002312904
-17131.850002767187
-18760.07200310718
-21506.82800366196
-24183.9900042135
-25951.750004587466
-26950.652004782216
-26611.05800470295
-23414.422004060103
-19758.247003304456
-15922.73400251173
-11857.181001667015
-7392.024000765755
-5064.684000259991
-2897.0079999979484
-1478.3959999771832
-509.4670000007657
-139.8599999999397
-59.952000000027304
0.0
0.0
0.0
-169.82400000014704
-829.1009999923027
-2397.255999980698
-4744.695000218135
-7911.16400086567
-10468.463001390302
-12636.224001827646
-14993.9510023288
-17121.689002781015
-18999.62100316693
-21256.917003630406
-24813.020004347007
-26191.450004637103
-26451.05500468507
-25581.917004495386
-22505.410003871275
-19199.117003186733
-14574.229002240003
-10548.683001410529
-7062.439000678984
-4105.667000076318
-2457.415999977433
-1308.5339999814564
-389.571000000868
-19.97399999999981
-39.97600000000289
0.0
0.0
0.0
-119.86200000000414
-1028.8059999882207
-2317.3589999791666
-5024.502000265731
-8440.769000976383
-10998.090001515187
-14204.4140021544
-17041.568002744167
-18969.402003159903
-21486.8400036713
-23993.54700418377
-27030.11900479812
-26970.19700479963
-25881.584004575707
-24213.657004226297
-21626.449003683538
-16901.542002723178
-12286.962001787088
-9609.805001192875
-5813.776000422992
-3476.3440000302635
-2047.7899999636134
-988.9229999889727
-369.5660000008043
-19.95199999999982
0.0
0.0
0.0
0.0
-99.87399999998148
-759.1159999947818
-2277.358999969892
-4325.09000011938
-7771.63900084033
-10778.403001478602
-14064.495002148517
-17591.110002874946
-20787.239003532355
-24403.148004256687
-26640.47400471371
-27489.70200489893
-26271.17900466245
-24613.053004317277
-22725.318003904427
-18480.26700303043
-13715.612002063512
-10269.208001340621
-7182.403000698239
-4854.9730001943
-2647.2339999819715
-1258.6429999821958
-619.3399999973947
-139.8120000000955
-39.93900000000285
0.0
0.0
0.0
0.0
-79.89799999999519
-429.49600000100406
-1388.447999979947
-3356.2120000036352
-6293.2630005015035
-9739.47800122996
-13075.672001940167
-16542.137002659787
-20467.549003463864
-22275.761003846128
-24543.124004299356
-24632.88400432262
-23304.744004051125
-21227.05000361232
-17921.002002919646
-14115.304002133162
-10519.396001386342
-7172.797000698411
-5024.791000229311
-2897.0739999953835
-1678.2389999724933
-789.1619999936753
-399.56500000043644
-119.85200000000414
-19.95199999999982
0.0
0.0
0.0
0.0
-39.95000000000286
-189.76700000019719
-759.1999999951436
-1858.009999968773
-3985.8000000141374
-7022.5470006326
-10269.110001330782
-14344.417002174157
-17381.10900281438
-18819.29100312931
-20557.518003472127
-20407.57900343924
-18719.290003094895
-16212.401002566017
-12836.561001871514
-10279.461001317139
-7232.69100067765
-4485.434000136278
-2897.0429999979488
-1618.4489999736754
-889.0699999913244
-339.6440000004199
-159.81000000003496
-19.977999999999806
0.0
0.0
0.0
0.0
0.0
0.0
-59.936000000027285
-279.7650000005855
-719.3769999956609
-1798.2309999698423
-3336.6400000137273
-5144.745000281163
-7591.89700078853
-10049.146001293035
-11397.666001581014
-12886.021001865623
-12027.070001708007
-11557.54300158894
-9709.663001202209
-7711.975000799818
-6033.680000434765
-4045.6730000230805
-2237.754999972231
-1468.5229999766998
-859.1729999910959
-479.52600000006436
-229.76100000041646
-59.93000000002728
0.0
0.0
0.0
0.0
0.0
0.0
0.0
-19.981999999999804
-29.98100000000073
-299.77800000058596
-719.3539999952774
-1588.4629999747401
-2257.6859999734243
-3386.4740000381516
-4145.40100012048
-4934.419000249359
-5074.3790002680025
-5054.536000251866
-4874.66800020533
-3765.85200004792
-3166.4510000240134
-2367.340999979188
-1877.8829999681677
-859.0909999910979
-679.3399999955233
-419.5590000002551
-229.7710000004165
-109.87499999994672
-59.9480000000273
0.0
0.0
0.0
0.0
0.0
0.0
0.0
0.0
-39.96600000000288
-119.90299999995307
-349.6380000006132
-669.237999996451
-1028.8209999874152
-1388.3879999790536
-1817.8589999686344
-2067.535999964205
-2027.6219999638681
-1677.9719999719234
-1638.0249999733196
-1658.041999973284
-1178.5439999837292
-1018.7839999875645
-779.1239999943365
-309.6790000003384
-229.75800000047977
-159.82800000017158
-69.94699999999763
-59.920000000027265
0.0
0.0
0.0
0.0
0.0
0.0
