0.9800000000000008
0.0
0.0
0.0
0.0
0.0
0.0
0.0
0.0
0.0
0.0
-0.02
-0.01
0.0
0.0
0.0
0.0
0.0
0.0
0.0
-0.3100000000000001
-0.17999999999999997
-1.9500000000000015
-0.6200000000000001
-5.810000000000048
2.289999999999997
0.6799999999999998
-1.0600000000000005
-0.11999999999999998
0.11999999999999998
0.0
0.0
0.0
-0.2
-1.2500000000000009
-0.4299999999999997
-0.2699999999999976
-3.2100000000000946
4.159999999999952
-0.00999999999999706
-0.10000000000000146
-0.15000000000000152
3.000000000000015
0.5800000000000007
-1.3300000000000007
-0.16
0.0
-0.01
-0.5800000000000002
-0.6900000000000001
-1.6600000000000004
0.66
-1.9500000000000004
1.0300000000000005
0.7299999999999998
-0.849999999999999
0.23000000000000134
-0.6600000000000008
-0.15999999999999873
-1.31
-0.8700000000000004
0.0
0.0
0.3700000000000001
-3.53000000000003
-2.1899999999999924
-0.2599999999999987
-0.32999999999999546
1.94
1.26
2.7299999999999094
0.13000000000000167
1.580000000000005
1.39
-0.5700000000000003
-0.4200000000000002
0.0
0.0
0.4300000000000011
1.360000000000001
0.1600000000000003
0.18000000000000158
-0.6300000000000007
-0.890000000000003
-0.2300000000000039
1.3000000000000025
0.6200000000000041
1.2400000000000035
1.579999999999978
0.1399999999999999
0.060000000000000005
0.0
-0.01
-0.03999999999999944
0.7899999999999983
-0.6300000000000001
-2.079999999999997
-0.37999999999999884
-2.490000000000033
-3.540000000000094
-0.7699999999999966
-0.5599999999999953
0.9200000000000055
0.8900000000000006
-2.589999999999992
0.0
0.0
-0.10999999999999999
-1.570000000000001
2.9099999999999926
0.7700000000000036
1.7200000000000009
2.01
-5.630000000000142
-4.110000000000009
0.43000000000001015
-2.039999999999998
0.48000000000000165
2.3900000000000134
-0.5299999999999999
0.0
0.0
-0.05
-2.0199999999999996
0.29000000000000004
0.33000000000000673
0.8799999999999999
2.9500000000000095
-2.490000000000038
-1.5700000000000016
3.0999999999999908
0.8100000000000057
2.2099999999999693
1.2600000000000002
-1.1300000000000006
0.0
0.0
-0.22000000000000006
-3.330000000000028
1.490000000000001
-0.569999999999998
1.1599999999999984
1.459999999999999
1.7699999999999994
-2.520000000000002
-1.1500000000000015
-2.300000000000007
-1.1700000000000008
-1.4299999999999997
-2.6500000000000017
0.060000000000000005
0.0
-0.05
0.5800000000000004
-0.7499999999999998
-0.48000000000000487
1.6599999999999988
2.0899999999999914
-1.0099999999999991
2.6000000000000068
0.280000000000005
-2.730000000000047
2.600000000000002
-3.2900000000000005
-0.7600000000000005
0.060000000000000005
0.0
0.15
2.679999999999995
1.1600000000000006
-0.4799999999999994
-0.7699999999999975
2.1399999999999952
0.8900000000000003
0.649999999999996
-0.33999999999999786
1.7400000000000018
-0.7500000000000007
-1.9600000000000013
0.0
0.0
0.0
0.0
0.0
-0.27
-1.1300000000000008
-1.740000000000001
0.16999999999999904
-1.360000000000001
-0.15999999999999814
-0.8100000000000005
-0.5300000000000001
-0.09
-0.04
0.0
0.0
0.0
