12.339999999999781
0.0
0.0
-5.419999999999929
-4.080000000000014
-2.0799999999999623
-2.659999999999991
-3.9699999999999793
-0.5199999999999805
-1.1000000000000008
0.720000000000013
-0.2800000000000026
0.3399999999999902
1.610000000001442
-0.17999999999995986
0.9400000000002434
-0.2899999999999512
-0.20000000000000004
-1.8399999999999763
-0.24999999999998662
-0.060000000000029766
0.900000000000118
-1.539999999999184
0.9300000000003179
1.5800000000000005
4.479999999999949
0.6700000000000155
1.0199999999997786
-0.7100000000001827
-2.069999999999602
-0.7500000000002628
-0.1599999999999971
0.9500000000000066
-3.2199999999999753
-0.16000000000005274
1.6400000000001802
0.690000000000012
-0.24999999999998668
-0.29999999999989674
-1.3000000000001872
-0.6399999999999999
-4.799999999999987
-1.9499999999996909
-0.49999999999995126
-0.31999999999997003
0.17000000000002358
-0.10000000000000192
-2.609999999999953
0.0
0.0
