-36216.27099437473
0.0
0.0
0.0
0.0
0.0
0.0
0.0
0.0
0.0
0.0
0.0
0.0
0.0
0.0
0.0
0.0
0.0
0.0
0.0
0.0
0.0
0.0
0.0
0.0
0.0
0.0
0.0
0.0
0.0
0.0
0.0
0.0
0.0
0.0
0.0
0.0
0.0
-19.981999999999804
-9.990999999999902
-59.960000000027314
-39.97900000000021
-69.9260000000115
-59.937000000001866
-69.9310000000115
-109.87599999994673
-49.941999999990614
-79.90700000000076
-49.943000000006926
-59.93400000002728
-39.95600000000022
-29.967000000000727
-19.977999999999806
0.0
0.0
0.0
0.0
0.0
0.0
0.0
0.0
0.0
0.0
-19.979999999999805
0.0
-19.977999999999806
-59.94000000002729
-59.941000000001864
-99.90900000001434
-239.78600000053822
-339.6620000003015
-569.4289999990248
-879.0989999917791
-1128.8129999854793
-1538.39599997574
-1818.0799999686292
-1828.1249999685172
-1518.4079999761902
-939.0129999895603
-489.47699999968916
-259.72500000057164
-109.88399999994671
-19.979999999999805
0.0
0.0
0.0
0.0
0.0
0.0
0.0
0.0
0.0
0.0
-39.95600000000287
-99.89599999998147
-199.80000000029872
-309.6960000003383
-769.2299999942875
-1078.912999986263
-1878.1839999677195
-2457.603999979543
-3306.795000017479
-4205.948000073396
-5154.9680002678415
-5084.9530002779675
-4805.224000216915
-3836.1460000480056
-2827.2499999908905
-1648.4759999732926
-779.3299999932684
-399.6600000002504
-189.86600000019763
-79.92599999999513
0.0
0.0
0.0
0.0
0.0
0.0
0.0
-19.977999999999806
-69.94500000001146
-289.7230000005938
-549.4610000002024
-1168.896999985415
-1748.2589999709426
-3027.218999991369
-4635.683000137649
-6124.271000474614
-8222.340000898637
-10559.835001382686
-12338.110001753974
-13147.342001930383
-13247.147001950128
-12757.713001837854
-10529.979001376596
-8012.3430008555415
-5654.695000344745
-3376.885000002105
-1828.31499996889
-1079.0219999869003
-529.5040000006505
-99.91999999994853
0.0
0.0
0.0
0.0
0.0
-19.979999999999805
-79.9379999999951
-289.7400000005938
-769.2399999942872
-1418.7719999784247
-2717.567999988033
-4375.965000103879
-6713.732000586803
-9511.215001166682
-12568.673001810825
-15545.657002425876
-18652.76400307103
-20860.853003534983
-22369.211003842345
-22419.105003851037
-20350.800003433218
-17923.168002925202
-15265.575002354632
-11259.517001520057
-7383.116000716379
-4845.554000176555
-2737.430999986281
-1688.3649999728768
-469.55900000090696
-139.87399999993977
0.0
0.0
0.0
0.0
0.0
-219.80900000035456
-589.4659999985961
-1348.8279999801364
-2977.392999991434
-4695.741000181655
-7493.287000763226
-11159.81700150842
-15176.382002340746
-18543.31400304911
-22379.752003833957
-26285.918004634153
-28004.03700500322
-27764.384004975404
-28443.464005092956
-25835.938004570206
-23558.07300408852
-19981.5370033409
-15375.733002376812
-11009.901001467882
-6903.538000627691
-4265.89900007298
-2627.4259999806472
-1118.9279999861305
-229.81100000041673
-59.978000000027336
0.0
-19.977999999999806
-39.95800000000287
-59.94000000002729
-399.63500000043643
-1198.931999984436
-2377.7539999736136
-4625.734000142795
-7253.424000699235
-11359.613001542411
-16464.848002589937
-20371.025003411487
-25017.06100436052
-29332.67400523992
-31300.926005660673
-31940.22500580037
-32389.74800588832
-31340.6720056846
-30941.020005588503
-28153.719005014496
-24207.214004202542
-18652.599003057236
-13397.521001970325
-8621.943000985202
-5275.018000289228
-3047.1339999973775
-1458.6949999779101
-329.73700000047904
-59.99800000002736
0.0
-19.977999999999806
-29.965000000000728
-119.87099999995309
-689.3479999964211
-1768.2809999703304
-3356.747000015763
-5604.819000365824
-9541.184001168001
-13827.258002061239
-18692.76200307338
-23458.291004051884
-27464.380004877483
-29572.577005315834
-29612.522005332357
-29542.539005312872
-30191.87600543135
-29742.165005351195
-29122.852005233584
-28743.02700514535
-25595.83500449295
-19961.27800333834
-14576.43700221907
-9611.213001180762
-5385.058000304696
-2597.591999986907
-1218.9609999832996
-359.75000000084606
-39.996000000002915
0.0
-19.977999999999806
-69.9200000000115
-219.76800000035436
-669.3319999962425
-1848.222999968438
-3926.228000028959
-6344.111000521621
-10150.470001312973
-14975.990002313767
-19981.62700335239
-24966.88200436516
-26845.04200476445
-27704.385004933258
-27005.28500477921
-26385.626004641566
-26245.780004613003
-26974.757004776435
-27834.06600496579
-27823.828004960647
-25446.02200446196
-19241.84400320599
-13037.90000192252
-8332.328000923037
-4705.735000143455
-2048.151999963948
-949.2469999907222
-189.89900000019782
0.0
0.0
0.0
-39.955000000000226
-159.8320000001261
-559.4269999986202
-1678.3589999721612
-3506.5500000298966
-6144.241000493131
-10230.338001335142
-15405.727002409083
-21659.93900367888
-24896.74200435566
-25586.34000450202
-25216.658004403384
-23438.384004025305
-22868.903003903648
-23558.76500406026
-25486.670004474254
-27884.131004968534
-27794.172004950382
-24686.838004307738
-18922.144003122987
-11948.852001679435
-6813.635000597079
-3177.049999984257
-1168.9229999851782
-299.8120000005272
-49.97700000000694
0.0
0.0
0.0
-39.954000000002864
-139.87099999999177
-529.4879999996076
-1618.5449999740144
-3037.1300000137135
-5864.444000432768
-11179.597001511362
-16095.140002544613
-21340.014003622036
-23877.66600415125
-23708.09600411372
-23239.086003984175
-21930.162003714326
-21620.617003667816
-23559.025004077434
-27894.794004956995
-29822.18600535649
-29332.5260052502
-23268.147004032617
-17833.07300288443
-11009.438001460298
-5544.80800031049
-2048.12799996415
-799.3639999938846
-249.82300000047934
-39.97100000000289
-19.979999999999805
0.0
0.0
-19.975999999999807
-109.8899999999467
-429.59300000057925
-1288.883999981792
-2857.2560000057038
-6444.01100053543
-11269.388001542682
-16334.771002601405
-21429.942003651315
-23288.405004035387
-22629.30000389827
-22259.98000380071
-22649.422003883166
-23898.79300415922
-27195.674004832304
-31671.080005737058
-32420.192005891644
-28633.163005130973
-23168.11000400365
-16454.154002597043
-9690.869001181647
-4705.55600014147
-1908.1679999671455
-789.2829999936723
-269.795000000557
-29.976000000000727
-19.979999999999805
0.0
0.0
-9.987999999999904
-19.97500000000143
-359.7060000005589
-1119.0489999857575
-2667.603999994398
-6513.947000553102
-11659.006001629536
-16864.19300271984
-22129.3620037874
-23258.430004028174
-24377.874004239948
-24537.7950042724
-27564.924004895915
-27735.23200497418
-32230.790005879142
-35507.270001779594
-33259.26300518753
-29012.83000520898
-23018.271003957114
-15654.949002423189
-8961.448001036553
-4505.77700011539
-2007.9679999644504
-979.0159999888393
-279.782000000541
-39.964000000002876
0.0
0.0
0.0
-19.975999999999807
-29.96600000000073
-279.78600000056326
-1029.1309999876762
-3306.969999998919
-7003.460000646068
-12078.49400171586
-17383.50200282014
-21719.749003716304
-24287.38100423524
-26635.679004697497
-29692.717005318475
-31311.05300568506
-32080.86200587182
-36456.405999836235
-36915.91799934501
-32799.56600594771
-28742.93300515331
-21899.109003733964
-14556.198002217698
-9121.260001080933
-5244.931000262009
-2367.7189999742113
-1098.958999986329
-279.8090000005186
-59.978000000027336
0.0
0.0
0.0
0.0
-19.975999999999807
-239.7840000004775
-999.1319999888151
-3576.743000016797
-7253.120000706753
-12358.251001762277
-17153.858002769837
-20240.977003428485
-23587.96200410309
-27464.49000487217
-30571.509005520027
-31920.561005830095
-34258.38500339137
-37385.28499862114
-34668.10800279374
-31261.26200569713
-27424.15500488061
-21479.579003642826
-14776.010002261815
-9511.063001161832
-5514.688000332315
-2987.198999989489
-1208.8759999833528
-329.70800000037417
-89.95599999998217
0.0
0.0
0.0
0.0
-59.9460000000273
-399.6290000008082
-1268.8369999825682
-4215.949000041415
-7592.650000770574
-11588.926001611948
-16034.949002542753
-19851.222003334282
-23798.076004125705
-26615.194004702415
-28513.417005109404
-31171.211005663754
-33109.39600542031
-34997.306002488185
-32859.54300583944
-30411.592005500297
-26295.024004645173
-21320.07700360182
-14526.2290022192
-9890.772001250434
-5674.573000371022
-2947.208999999712
-1498.6559999765423
-519.5330000002092
-89.9359999999822
0.0
0.0
0.0
0.0
-89.91399999998224
-489.5670000007132
-1688.466999972629
-4555.704000127318
-7902.389000826401
-11299.299001554422
-15045.756002326838
-18083.138002964213
-21919.6290037363
-23528.34700407864
-25316.666004449104
-28873.336005173038
-30751.427005569167
-31301.088005686765
-31460.875005705635
-28313.574005066348
-25486.05400446513
-20530.89200344311
-14436.42200220423
-9820.793001246131
-6244.086000477167
-3167.1310000146796
-1598.5389999740362
-599.446999998036
-129.87999999992007
-19.9859999999998
0.0
0.0
0.0
-129.87999999992007
-669.378999996654
-2048.0469999634756
-4805.450000216958
-8432.032000942743
-11619.009001606992
-14556.311002208275
-17253.960002781147
-18952.652003151397
-21050.675003577708
-24357.461004237826
-27354.760004855118
-29192.886005250297
-30411.546005492146
-31040.955005602602
-27344.44200485996
-23188.22400401074
-19222.081003182146
-14026.98900211335
-8492.176001004716
-5904.538000427463
-3376.909000009092
-1548.4969999756458
-449.588000000391
-99.92199999994853
-59.96400000002732
0.0
0.0
0.0
-139.8799999999918
-779.2769999934469
-2697.3449999969507
-5494.725000373748
-9031.333001096991
-12128.553001725728
-14956.08500229463
-17364.071002810597
-19362.07400323585
-21760.281003719967
-24247.442004231594
-27724.256004943432
-29802.06700537251
-29911.90500539332
-29851.85400536156
-25895.747004564528
-22419.09000384858
-17533.511002839354
-12328.641001774853
-8282.380000931984
-4875.322000229906
-2797.3579999885433
-1428.5899999786404
-389.6430000006921
-39.97400000000289
-39.97800000000289
0.0
0.0
0.0
-89.914000000003
-999.0129999889562
-2867.1999999978925
-5984.294000457131
-9880.805001271288
-12728.158001870015
-16454.571002615507
-19801.438003301286
-21430.02200366117
-24507.24000428268
-27334.269004863156
-30381.423005484867
-31180.64800565282
-29532.229005323723
-28453.441005086697
-25006.67600437589
-20121.188003377163
-14946.32500231882
-10830.252001453962
-6923.673000645956
-3946.268000057057
-2287.8519999719924
-1039.0199999875265
-389.6320000006921
-29.962000000000728
0.0
0.0
0.0
0.0
-89.90499999998225
-779.2099999945118
-2567.403999975177
-5194.88100028552
-9041.59100110041
-12458.34100182036
-16264.574002598918
-20401.078003444534
-23987.569004181303
-28133.562005015083
-30561.159005515437
-31780.068005769375
-30501.354005519286
-28393.2980050878
-26974.87600476592
-21979.812003741794
-15985.586002534736
-12358.870001763138
-8392.50200094847
-5445.044000318906
-2857.247999992078
-1508.5669999766405
-679.3729999961324
-229.76200000044813
-59.9470000000273
0.0
0.0
0.0
0.0
-59.93400000002728
-459.53700000099474
-1508.4919999768254
-3776.2870000246157
-7353.148000718909
-11199.527001530701
-15315.603002392723
-19232.226003210573
-23757.803004135967
-26085.80000462265
-28253.65200505979
-28233.539005057475
-26815.041004766612
-24427.331004268206
-20930.90200353916
-16685.133002661358
-12239.383001754622
-8782.424001026719
-5754.837000385532
-3406.955000006786
-1868.2579999682039
-799.277999993541
-429.6070000003666
-139.8570000000437
-39.94400000000285
0.0
0.0
0.0
0.0
-39.95600000000287
-299.71000000070296
-849.2159999926854
-2088.0139999648363
-4625.678000122966
-8302.316000890385
-12148.820001715236
-16534.5320026276
-19891.31000333282
-21859.449003749716
-23538.033004084617
-23338.009004040923
-21849.38200372951
-19232.199003180063
-15665.818002440225
-12299.210001726438
-8592.594000962135
-5615.147000353797
-3297.1960000131144
-1678.662999972154
-909.1589999907301
-399.6610000006224
-139.86999999993975
-39.96000000000287
-19.979999999999805
0.0
0.0
0.0
0.0
0.0
-79.94399999999509
-299.7770000005273
-689.4179999960186
-2068.240999964503
-3936.5270000322557
-6354.35100051843
-9071.611001092304
-11499.3320015978
-13207.754001948171
-14606.378002213221
-13547.455002020433
-13167.846001921775
-11359.483001534318
-8871.955001030477
-6973.774000616291
-4486.067000124149
-2727.6669999898804
-1648.658999972367
-929.168999989548
-479.5629999998146
-209.80900000036038
-59.93400000002728
0.0
0.0
0.0
0.0
0.0
0.0
0.0
-19.983999999999803
-69.96400000001145
-209.8360000003605
-879.2679999919322
-1828.4279999688122
-2747.485999999198
-4036.3100000616273
-4335.860000164554
-5224.948000305728
-5384.860000333596
-5604.773000362539
-5574.742000346477
-4465.654000145192
-3756.4710000467667
-2867.3299999966466
-2148.0589999664912
-1039.0539999869939
-769.3299999933874
-489.53600000020106
-279.7380000005854
-109.8899999999467
-59.95600000002731
0.0
0.0
0.0
0.0
0.0
0.0
0.0
0.0
-19.9859999999998
-79.94300000000074
-489.5600000007131
-799.2539999930232
-1308.694999980925
-1668.3349999725933
-1878.148999966985
-2237.7199999706127
-2097.9189999655678
-1987.9789999648347
-2077.90299996466
-1987.9849999653902
-1408.606999978701
-1068.9669999865437
-799.2899999937135
-339.67500000018293
-229.79600000051158
-189.81700000031236
-99.92499999998144
-59.93200000002728
0.0
0.0
0.0
0.0
0.0
0.0
