-0.6680000000000005
0.0
0.0
-0.04800000000000003
-0.5310000000000004
-0.23700000000000015
0.030000000000001668
-1.1039999999999892
0.33200000000000024
0.0
0.3080000000000002
0.042999999999999206
0.03400000000000201
0.2340000000000001
-0.017999999999999978
0.147000000000009
-0.023999999999999574
0.0
-0.3130000000000003
-0.03299999999999528
0.05700000000000814
0.07900000000002104
-0.34500000000000025
0.1490000000000204
0.34700000000000025
0.16700000000000012
0.09200000000001246
0.1820000000000001
-0.0760000000000108
-0.30000000000000016
-0.1190000000000222
0.03999999999999856
0.23700000000000038
-0.6400000000000005
0.1680000000000002
0.249
0.05100000000002421
0.10099999999999149
-0.06899999999999772
-0.16699999999999887
-0.45100000000000035
-0.22500000000000014
-0.0710000000000082
0.009000000000000771
0.015000000000008815
0.16499999999999834
-0.06799999999999806
-0.09600000000000003
-0.1450000000000001
0.0
