0.23000000000000037
0.0
0.0
0.0
0.0
0.0
0.0
0.0
0.0
0.0
0.0
-0.02
-0.01
0.0
0.0
0.0
0.0
0.0
0.0
0.0
-0.14999999999999997
-0.6100000000000002
-3.449999999999977
-0.63
-6.37000000000004
2.589999999999965
-0.49000000000000044
-1.4600000000000009
-0.05
-0.13999999999999999
0.0
0.0
0.0
-0.49000000000000027
-1.610000000000001
-2.7900000000000014
-0.33000000000000007
-2.540000000000066
3.410000000000033
0.5200000000000009
-0.05999999999999342
-1.5099999999999998
2.7599999999999834
-0.46999999999999825
-2.040000000000001
-0.060000000000000005
0.0
-0.02
-0.4600000000000002
-2.38
-0.7500000000000004
2.6300000000000496
-3.8100000000001772
-0.3399999999999942
2.4299999999999082
-1.649999999999997
0.5600000000000078
-0.4000000000000029
-0.19999999999999782
-1.4800000000000006
-0.26999999999999996
0.0
-0.02
0.8000000000000005
-2.430000000000005
-5.39000000000004
0.6200000000000023
0.7200000000000044
0.44999999999998697
1.7300000000000004
4.049999999999837
-1.25
0.38000000000000156
0.8700000000000006
-1.0400000000000005
-0.10999999999999999
0.0
-0.01
-0.5800000000000003
1.0600000000000174
-0.7999999999999998
0.1899999999999999
-0.36000000000000465
-0.8100000000000014
-0.6400000000000019
1.3100000000000036
3.4999999999997535
1.220000000000001
-0.32999999999999874
0.8300000000000006
0.0
0.0
-0.009999999999999997
-1.16
3.670000000000152
0.8300000000000082
-1.8799999999999994
-0.19999999999999934
-2.3300000000001346
-1.360000000000115
-3.4000000000001047
-2.4600000000002535
0.32000000000000434
1.1000000000000003
-3.2699999999999902
0.0
0.0
-0.5800000000000003
0.7000000000000031
0.7399999999999978
1.1700000000000004
0.42999999999999744
1.5699999999999998
-4.700000000000106
-5.039999999999969
1.1400000000000006
-0.020000000000001857
-0.6599999999999997
5.010000000000165
-0.5099999999999999
0.0
0.0
-0.08
-1.4199999999999997
1.8200000000000014
0.47000000000000147
2.0899999999999728
2.009999999999991
-1.570000000000001
-0.08000000000000243
1.5500000000000007
0.13000000000000322
1.1700000000000002
-1.5800000000000005
-3.480000000000016
0.0
0.0
-0.22000000000000006
-3.6100000000000354
3.239999999999993
-0.8999999999999992
0.9300000000000004
2.9499999999999993
-0.009999999999994732
-2.670000000000009
-0.7999999999999974
-1.3800000000000006
-1.9400000000000106
0.48000000000000137
-3.049999999999993
0.0
0.0
0.5300000000000002
0.3600000000000003
-1.4200000000000004
-1.2500000000000002
1.5400000000000016
3.849999999999937
-1.03
2.8000000000000047
-0.3299999999999969
-2.3100000000000613
3.35000000000005
-2.789999999999993
-0.8300000000000005
0.0
0.0
1.360000000000001
2.8299999999999916
-1.07
0.03000000000000126
1.690000000000002
1.2499999999999998
2.0599999999999956
-0.13000000000000275
-1.3599999999999999
0.31000000000000116
-2.070000000000002
-2.079999999999992
0.0
0.0
0.0
0.0
-0.060000000000000005
-0.12000000000000001
-0.49000000000000027
-4.290000000000012
-1.5900000000000007
-2.1799999999999917
1.7900000000000014
-0.6200000000000002
-0.25999999999999995
0.0
0.0
0.0
0.0
0.0
