-0.01800000000000001
0.0
0.0
0.0
0.0
0.0
0.0
0.0
0.0
0.0
0.0
0.0
0.0
0.0
0.0
0.0
0.0
0.0
0.0
0.0
0.0
0.0
0.0
0.0
0.0
0.0
0.0
0.0
0.0
0.0
0.0
0.0
0.0
0.0
0.0
0.0
0.0
0.0
0.0
0.0
0.0
0.0
0.0
0.0
0.0
0.0
0.0
0.0
0.0
0.0
0.0
0.0
0.0
0.0
0.0
0.0
0.0
0.0
0.0
0.0
0.0
0.0
0.0
0.0
0.0
0.0
0.0
0.0
-0.004
-0.004
0.0
-0.008
-0.005
-0.008
-0.002
-0.004
-0.003
-0.003
-0.002
0.0
0.0
0.0
0.0
0.0
0.0
0.0
0.0
0.0
0.0
0.0
0.0
0.0
0.0
0.0
0.0
-0.002
-0.004
-0.008
-0.005
-0.018000000000000002
-0.013000000000000003
-0.010000000000000002
-0.008
-0.004
-0.004
0.023000000000000007
0.024000000000000007
-0.013
-0.022000000000000006
-0.011000000000000003
-0.006
0.0
0.0
0.0
0.0
0.0
0.0
0.0
0.0
0.0
0.0
0.0
0.0
-0.002
-0.006
-0.006
-0.005000000000000001
-0.006
0.014
-0.022000000000000006
0.003000000000000001
-0.012000000000000004
0.01400000000000001
0.02700000000000001
-0.0030000000000000035
0.0050000000000000044
-0.009999999999999995
-0.008
-0.011000000000000001
-0.008
0.002
0.002
0.0
0.0
0.0
0.0
0.0
0.0
0.0
0.0
0.0
0.0
-0.008
-0.011000000000000001
0.004
-0.012
0.009999999999999998
-0.04700000000000003
-9.999999999999974E-4
0.028000000000000032
9.999999999999966E-4
0.003000000000000001
0.017
0.05100000000000003
-0.014000000000000002
0.008
-0.008
0.02700000000000001
-0.006000000000000004
-0.007000000000000001
0.001
0.0
0.0
0.0
0.0
0.0
0.0
0.0
0.0
-0.004
-0.006
-0.004
-0.006999999999999999
-0.010999999999999998
-0.001
-0.009000000000000001
0.001
-0.05400000000000003
-0.018999999999999996
-0.01
-0.001
0.01900000000000001
0.013000000000000005
-0.03800000000000002
-0.030000000000000027
-0.012000000000000002
-0.0029999999999999966
0.031
-0.001
-0.008
-0.008
0.0
0.0
0.0
0.0
0.0
0.0
0.0
-0.006
-0.004
-0.020000000000000004
-0.004
0.002
-0.005
0.018000000000000002
-0.014999999999999994
0.014000000000000009
0.027999999999999997
0.007999999999999997
0.016000000000000007
0.020000000000000004
0.045000000000000026
0.03700000000000002
0.023999999999999994
-0.004
-0.004000000000000003
0.016
0.018000000000000002
-0.002
-0.01
0.0
0.0
0.0
0.0
0.0
0.0
-0.002
0.0
-0.01
-0.006
-0.05100000000000004
-0.0049999999999999975
-0.05300000000000003
-0.007999999999999997
-0.007999999999999995
0.005
-0.004
0.023
0.004999999999999993
0.014000000000000016
0.03700000000000003
1.474514954580286E-17
0.03300000000000001
0.024
-0.021000000000000005
0.019000000000000003
-0.010000000000000005
0.021000000000000005
-0.014000000000000002
-0.004
0.0
0.0
0.0
0.0
0.0
0.0
0.0
-0.010000000000000002
-0.033000000000000015
-0.004
-0.014000000000000009
-0.017
-0.009000000000000001
-0.009000000000000001
0.011000000000000006
-0.013999999999999999
-0.03
-0.004000000000000001
0.025000000000000015
0.001
0.028000000000000025
0.043000000000000024
0.05000000000000003
-0.035000000000000024
0.021000000000000005
0.02000000000000001
0.02600000000000001
-0.006
-0.004
0.0
0.0
0.0
0.0
0.0
0.0
-0.002
0.017
-0.02700000000000001
0.010000000000000009
-0.007000000000000007
-0.013000000000000012
0.002000000000000008
-0.002
0.017
-0.016
0.02500000000000001
-0.03700000000000002
-0.02700000000000001
0.004000000000000001
-0.008
-0.011
0.009000000000000001
0.022000000000000006
0.025
0.023000000000000013
0.02700000000000001
-0.01
0.0
0.0
0.0
0.0
0.0
0.0
0.0
-0.008
0.02700000000000001
0.002
0.02600000000000001
-0.013999999999999992
-0.008999999999999985
0.017999999999999995
0.022000000000000013
0.001999999999999994
0.015
-0.007
-0.01600000000000002
-0.011000000000000006
0.014999999999999994
-1.734723475976807E-18
-0.03900000000000002
0.04800000000000003
0.034000000000000016
0.032000000000000015
0.018000000000000002
0.02800000000000001
0.008
0.002
0.0
0.0
0.0
0.0
0.0
0.0
-0.014000000000000002
0.02500000000000001
0.016000000000000014
0.013000000000000001
0.003
-0.007
-0.024000000000000014
0.030000000000000006
-0.008
-0.015000000000000003
-0.03400000000000001
-0.04100000000000002
-0.05200000000000003
-0.009000000000000001
-0.00799999999999999
0.037000000000000005
0.04200000000000002
-0.011999999999999997
0.03300000000000002
0.01900000000000001
0.012
0.01
0.004
0.0
0.0
0.0
0.0
0.006
-0.006
0.005
0.00900000000000001
0.030000000000000013
-0.012000000000000009
0.012000000000000007
-0.001
0.01900000000000001
0.008999999999999998
-0.00499999999999999
-0.01899999999999999
-0.019999999999999997
-0.056000000000000036
-0.023000000000000007
-0.031
-0.03300000000000002
-0.02200000000000002
0.001
0.024
0.022000000000000006
0.032000000000000015
0.008
0.006
0.004
0.0
0.0
0.0
0.0
0.0
-0.01
0.01
0.022000000000000006
0.009000000000000001
-0.009999999999999997
0.025
0.009999999999999998
0.026000000000000016
0.003000000000000008
-0.001
0.005999999999999994
-0.06500000000000004
-0.045000000000000026
-0.06900000000000005
-0.028000000000000018
-0.020999999999999998
-0.007000000000000003
0.013999999999999985
-0.003
0.0070000000000000045
0.013000000000000001
0.013
-0.004
0.0
0.0
0.0
0.0
0.0
0.0
-0.002
-0.007
0.03600000000000002
0.03700000000000003
0.03800000000000003
0.0030000000000000035
0.06500000000000004
-9.999999999999966E-4
0.012000000000000004
-0.020000000000000004
-0.001
-0.09400000000000007
-0.044000000000000025
-0.05800000000000004
-0.027000000000000003
-0.04100000000000002
0.016
0.01000000000000001
0.004
0.013000000000000005
0.011
0.02700000000000001
-0.006
0.0
0.0
0.0
0.0
0.0
-0.002
-0.012
-0.022000000000000006
0.040000000000000015
0.05300000000000003
0.031000000000000014
0.04000000000000002
0.02800000000000001
-0.026000000000000002
-0.003
0.013000000000000001
-0.06500000000000004
-0.09200000000000007
-0.006000000000000008
-0.034000000000000016
-0.014999999999999986
0.006000000000000005
-0.018999999999999996
9.999999999999896E-4
-0.013999999999999995
0.011000000000000006
0.011000000000000003
0.016999999999999998
-0.002
0.0
0.0
0.0
0.0
0.0
-0.001
-0.019000000000000003
0.002
0.018000000000000002
0.03600000000000002
0.020000000000000004
-0.022000000000000013
0.06600000000000004
-0.002999999999999986
0.015
-0.008000000000000012
-0.04000000000000003
-0.029000000000000005
-0.02500000000000001
-0.012000000000000002
-0.001
0.033000000000000015
-0.010000000000000004
0.005000000000000005
-0.001
0.025999999999999995
-0.008
0.015999999999999993
-0.008
0.0
0.0
0.0
0.0
0.0
-0.004
-0.023000000000000007
-0.010000000000000004
-0.015999999999999993
0.017000000000000008
0.03600000000000002
0.02100000000000001
0.03100000000000002
8.673617379884035E-19
-0.0019999999999999966
0.016999999999999987
-0.031000000000000014
-0.044000000000000025
-0.002
-0.020000000000000004
0.029000000000000012
0.016
0.011000000000000005
0.020999999999999998
0.016
0.008999999999999994
-0.007
-0.013000000000000001
-0.01
0.0
0.0
0.0
0.0
0.0
-0.001
-0.029000000000000012
0.009000000000000005
-0.012999999999999994
0.05300000000000003
0.010000000000000021
-0.010999999999999982
0.012999999999999998
0.03400000000000003
0.005
0.007000000000000004
-0.02100000000000001
-0.017000000000000008
-0.007999999999999998
0.009000000000000001
-0.014000000000000012
0.004999999999999998
0.013999999999999997
0.015
-0.007000000000000007
0.0059999999999999975
-0.011000000000000005
-0.005
-0.006
0.0
0.0
0.0
0.0
0.0
-0.002
-0.019000000000000003
0.020000000000000004
-0.01200000000000001
-0.012999999999999986
-0.007999999999999993
-0.011999999999999999
0.007
0.03100000000000002
0.003000000000000001
0.010000000000000004
5.204170427930421E-18
-0.005
0.013999999999999995
0.011000000000000006
0.012000000000000004
0.02500000000000001
0.003999999999999997
-0.045000000000000026
0.004000000000000002
-0.010999999999999998
-0.005999999999999997
-0.019000000000000003
0.004
0.004
0.0
0.0
0.0
0.0
0.0
-0.011000000000000001
-0.009000000000000001
0.02500000000000001
-3.469446951953614E-18
0.007
-0.009999999999999995
0.006
0.026000000000000002
0.02500000000000001
0.028000000000000025
-0.004999999999999993
-0.004
-0.012999999999999998
-0.00799999999999998
-0.022000000000000006
-0.004
-0.019999999999999997
-0.017
-0.006000000000000002
0.001
-0.024000000000000007
-0.008
0.004
0.002
0.0
0.0
0.0
0.0
0.0
-0.003
-0.0029999999999999983
0.03900000000000002
-0.014999999999999989
-0.002
-0.003
0.019999999999999997
0.006
0.020999999999999998
-0.02100000000000001
0.04800000000000003
-0.015999999999999993
0.012999999999999987
0.03900000000000003
-0.03400000000000001
0.013000000000000006
-0.024000000000000007
0.021000000000000005
0.0
-0.014
-0.007
-0.01
0.004
0.004
0.0
0.0
0.0
0.0
0.0
0.0
-0.012000000000000002
0.02700000000000001
0.012000000000000002
-0.02500000000000001
0.03500000000000002
0.02500000000000001
0.04900000000000003
0.03700000000000002
0.019000000000000017
0.04300000000000003
0.06000000000000004
0.01399999999999998
-0.021000000000000005
-0.007000000000000004
-0.007999999999999997
0.002
0.003
-0.01
0.0
-0.011000000000000001
-0.012
0.0
0.0
0.0
0.0
0.0
0.0
0.0
0.0
0.002
-0.013000000000000003
-0.003000000000000001
-0.015
-0.008
0.001
0.017
0.012000000000000007
0.020000000000000018
-0.02500000000000001
0.008000000000000002
-0.010000000000000005
0.013
-0.023000000000000007
0.01
-0.015000000000000001
-0.004
-0.006
-0.002
-0.001
-0.002
0.0
0.0
0.0
0.0
0.0
0.0
0.0
0.0
0.0
-0.002
-0.002
-0.006
-0.018000000000000002
-0.013000000000000001
-0.009000000000000001
-0.003
0.002
-0.02800000000000001
-0.015
0.007
-0.011000000000000001
-0.002
-0.002
-0.003
-0.003
-0.002
0.0
0.0
0.0
0.0
0.0
0.0
0.0
0.0
0.0
0.0
0.0
0.0
-0.002
-0.004
-0.004
-0.002
-0.001
-0.003
-0.003
-0.004
-0.001
-0.001
-0.002
0.0
0.0
0.0
0.0
0.0
0.0
0.0
0.0
0.0
0.0
0.0
0.0
0.0
0.0
