18.86000000000015
0.0
0.0
-0.8200000000000004
-8.909999999999904
-0.5799999999999952
-3.860000000000247
-5.459999999999931
-0.8599999999999948
-0.05
-3.0499999999999448
-0.040000000000002686
0.31000000000006556
0.7700000000002518
0.24999999999999992
0.680000000000332
-1.2400000000000002
-1.1200000000000008
-0.26000000000000134
-0.2800000000000551
0.13999999999986734
0.4200000000000729
-1.2699999999994884
1.0500000000001126
1.14
-2.0799999999999996
0.8399999999999583
1.0400000000000624
-0.8400000000001571
-2.0300000000000935
-0.8100000000003149
-0.16999999999999935
0.5300000000000045
-4.279999999999953
-0.2800000000000279
1.530000000000208
0.5999999999999933
-0.2400000000000092
-0.7999999999999554
-1.2200000000000475
-0.23999999999999802
-4.239999999999969
-1.4299999999999935
-0.11999999999999078
-0.259999999999951
0.05000000000000569
-0.129999999999985
-2.5200000000001466
-0.01
0.0
