-0.3200000000000001
0.0
0.0
0.0
0.0
0.0
0.0
0.0
0.0
0.0
0.0
0.0
0.0
0.0
0.0
0.0
0.0
0.0
0.0
0.0
0.0
0.0
0.0
0.0
0.0
0.0
0.0
0.0
0.0
0.0
0.0
0.0
0.0
0.0
0.0
0.0
0.0
0.0
0.0
0.0
0.0
0.0
0.0
0.0
0.0
0.0
0.0
0.0
0.0
0.0
0.0
0.0
0.0
0.0
0.0
0.0
0.0
0.0
0.0
0.0
0.0
0.0
0.0
0.0
0.0
0.0
0.0
0.0
-0.01
-0.01
0.0
-0.03
-0.03
-0.03
-0.03
-0.04
-0.04
-0.04
-0.02
0.0
0.0
0.0
0.0
0.0
0.0
0.0
0.0
0.0
0.0
0.0
0.0
0.0
0.0
0.0
0.0
-0.03
-0.02
-0.05
-0.04
-0.11999999999999998
-0.13999999999999999
-0.09
-0.05
-0.10999999999999999
0.020000000000000004
0.24000000000000005
0.16
-0.05
-0.10999999999999999
-0.10999999999999999
-0.05
0.0
0.0
0.0
0.0
0.0
0.0
0.0
0.0
0.0
0.0
-0.04
-0.04
-0.04
-0.04
-0.009999999999999997
-0.11999999999999998
0.03
0.030000000000000006
-0.15
0.08
-0.07
0.09999999999999999
0.019999999999999997
0.03
0.08
-0.04
-0.09
-0.15
-0.060000000000000005
0.12999999999999998
0.060000000000000005
-0.05
0.0
0.0
0.0
0.0
0.0
0.0
0.0
-0.04
-0.04
-0.09
-0.07
-0.019999999999999997
-0.07
0.13999999999999999
-0.23000000000000007
-0.009999999999999997
0.3100000000000001
-0.030000000000000006
-0.030000000000000006
0.07
0.20000000000000004
-0.17
0.05000000000000001
0.020000000000000004
0.25000000000000006
0.010000000000000004
-0.03
0.020000000000000004
-0.060000000000000005
0.0
0.0
0.0
0.0
0.0
0.0
0.0
-0.02
-0.08
-0.08
-0.05
-0.09
0.09999999999999999
-0.04000000000000001
-0.030000000000000006
-0.37000000000000016
-0.019999999999999997
-0.17
0.04
0.35000000000000014
0.15
-0.35000000000000014
-0.16
-0.020000000000000004
0.12999999999999998
0.46000000000000024
-0.09
-0.03
-0.12999999999999998
-0.01
0.0
0.0
0.0
0.0
0.0
0.0
-0.04
-0.05
-0.13999999999999999
-0.060000000000000005
0.11999999999999998
-0.08
0.18000000000000002
-0.010000000000000004
0.010000000000000004
0.3000000000000001
0.060000000000000005
0.25000000000000006
0.20000000000000004
0.24000000000000007
0.060000000000000005
0.18000000000000002
-0.04000000000000001
-0.030000000000000006
0.12999999999999998
0.16
-0.07
-0.15
-0.01
0.0
0.0
0.0
0.0
0.0
-0.01
-0.05
-0.08
-0.10999999999999999
-0.23000000000000007
-0.08
-0.3900000000000002
-0.020000000000000004
-0.019999999999999997
0.03
0.03
0.2900000000000001
0.08
0.04
0.12999999999999998
-0.010000000000000004
0.17
-3.469446951953614E-18
-0.07
3.469446951953614E-18
-0.15
0.15
-0.12999999999999998
-0.03
0.0
0.0
0.0
0.0
0.0
0.0
-0.05
-0.12999999999999998
-0.23000000000000007
-0.07
-0.09999999999999999
-0.13999999999999999
-0.19000000000000003
-0.24000000000000007
0.009999999999999997
0.019999999999999997
0.08
-0.05
0.15
0.05
0.18000000000000002
-0.020000000000000004
0.010000000000000004
-0.22000000000000006
0.36000000000000015
0.12999999999999998
0.23000000000000007
-0.09999999999999999
-0.03
0.0
0.0
0.0
0.0
0.0
-0.01
-0.060000000000000005
0.03
-0.16
0.08
-0.19000000000000003
-0.15
-0.11999999999999998
3.469446951953614E-18
0.020000000000000004
0.05
0.17
-0.20000000000000004
-0.23000000000000004
0.2700000000000001
0.11999999999999998
-0.03
-0.09
0.12999999999999998
0.24000000000000005
0.11999999999999998
0.23000000000000007
-0.01
0.0
0.0
0.0
0.0
0.0
0.0
-0.01
-0.11999999999999998
0.07
-0.060000000000000005
0.18000000000000002
-0.060000000000000005
0.020000000000000004
0.20000000000000004
0.22000000000000006
-0.07
0.03
-0.05
-0.12999999999999998
0.03
0.20000000000000004
0.18000000000000002
-0.15
0.15
0.17
0.3000000000000001
0.2900000000000001
0.10999999999999999
0.03
0.0
0.0
0.0
0.0
0.0
0.0
-0.01
-0.11999999999999998
0.16
0.09999999999999999
0.12999999999999998
-0.060000000000000005
-3.469446951953614E-18
-0.25000000000000006
0.13999999999999999
-0.09
-0.2700000000000001
-0.35000000000000014
-0.18000000000000002
-0.35000000000000014
-0.25000000000000006
0.12999999999999998
0.36000000000000015
0.19000000000000003
-0.19000000000000003
0.25000000000000006
0.09999999999999999
0.10999999999999999
0.019999999999999997
0.0
0.0
0.0
0.0
0.0
0.03
-0.04
-0.17
0.17
0.16
-0.05
0.04
-0.009999999999999997
0.12999999999999998
0.03
-0.08
-0.25000000000000006
-0.2900000000000001
-0.3200000000000001
-0.2800000000000001
-0.12999999999999998
-0.18000000000000002
-0.07
-0.12999999999999998
0.07
0.16
0.2900000000000001
0.16
-0.02
0.0
0.0
0.0
0.0
0.0
0.0
-0.03
-0.15
0.22000000000000006
0.25000000000000006
0.07
0.08
-0.15
0.20000000000000004
0.08
0.010000000000000004
0.020000000000000004
-0.5000000000000002
-0.3300000000000001
-0.45000000000000023
-0.12999999999999998
-0.07
-0.20000000000000004
-0.010000000000000004
0.04
0.09999999999999999
0.17
0.12999999999999998
-0.01
0.0
0.0
0.0
0.0
0.0
0.0
0.0
-0.09
0.23000000000000007
0.2700000000000001
0.5500000000000003
-0.07
0.3200000000000001
0.019999999999999997
0.19000000000000003
-0.04
0.020000000000000004
-0.7700000000000005
-0.38000000000000017
-0.21000000000000005
-0.19000000000000003
-0.16
0.009999999999999997
0.19000000000000003
0.05000000000000001
0.08
0.09999999999999999
0.23000000000000007
0.0
-0.01
0.0
0.0
0.0
0.0
0.0
0.0
-0.25000000000000006
0.09999999999999999
0.3100000000000001
0.20000000000000004
0.11999999999999998
0.24000000000000005
-0.04
0.060000000000000005
0.11999999999999998
-0.6100000000000003
-0.7400000000000004
-0.09999999999999999
-0.19000000000000003
-0.019999999999999997
-0.019999999999999997
-0.24000000000000007
0.10999999999999999
-0.03
0.15
0.20000000000000004
0.15
0.0
-0.01
0.0
0.0
0.0
0.0
0.0
-0.04
-0.04
0.04
0.19000000000000003
0.08
-0.11999999999999998
0.23000000000000004
0.19000000000000003
0.17
-0.07
-0.4900000000000002
-0.23000000000000007
-0.24000000000000005
-0.13999999999999999
-0.09
0.24000000000000005
-3.469446951953614E-18
-0.060000000000000005
-0.060000000000000005
0.15
-0.09999999999999999
0.11999999999999998
-0.04
-0.01
0.0
0.0
0.0
0.0
-0.02
-0.060000000000000005
-0.08
-0.10999999999999999
0.3000000000000001
0.16
0.17
0.23000000000000007
0.13999999999999999
0.060000000000000005
0.030000000000000006
-0.3100000000000001
-0.4100000000000002
-3.469446951953614E-18
-0.21000000000000005
0.26000000000000006
0.2800000000000001
0.08
0.24000000000000005
0.2900000000000001
-0.020000000000000004
-0.09
-0.030000000000000006
-0.02
-0.01
0.0
0.0
0.0
0.0
-0.02
-0.09
0.09999999999999999
-0.22000000000000006
0.4100000000000002
0.17
-0.010000000000000004
0.04
0.3300000000000001
0.05
0.19000000000000003
-0.019999999999999997
-0.09
-0.060000000000000005
-0.09
-0.16
-0.030000000000000006
0.09999999999999999
0.04
0.07
0.11999999999999998
-0.09999999999999999
-0.11999999999999998
-0.01
0.0
0.0
0.0
0.0
0.0
-0.02
-0.08
0.12999999999999998
0.07
-0.07
0.009999999999999997
-0.05
0.07
0.46000000000000024
0.03
0.10999999999999999
-0.009999999999999997
-0.060000000000000005
-0.019999999999999997
-0.05
-0.060000000000000005
0.08
-0.23000000000000007
-0.2900000000000001
0.11999999999999998
-0.009999999999999997
-0.13999999999999999
-0.24000000000000007
-0.01
0.0
0.0
0.0
0.0
0.0
0.0
-0.060000000000000005
-0.04000000000000001
0.11999999999999998
0.009999999999999997
0.09
-0.030000000000000006
-0.15
0.13999999999999999
0.22000000000000006
0.16
-0.12999999999999998
-0.03
-0.09999999999999999
0.04
-0.23000000000000007
0.07
-0.20000000000000004
-0.3100000000000001
0.04000000000000001
0.08
-0.22000000000000006
-0.16
0.0
0.0
0.0
0.0
0.0
0.0
0.0
-0.02
0.009999999999999997
0.3300000000000001
-0.020000000000000004
-0.04
0.060000000000000005
0.19000000000000003
-3.469446951953614E-18
0.20000000000000004
0.060000000000000005
0.26000000000000006
0.11999999999999998
0.12999999999999998
0.030000000000000006
-0.34000000000000014
-0.13999999999999999
-0.2800000000000001
0.16
0.04
-0.019999999999999997
-0.21000000000000005
-0.17
0.0
0.0
0.0
0.0
0.0
0.0
0.0
0.0
-0.11999999999999998
0.15
0.15
-0.09999999999999999
0.21000000000000005
0.2900000000000001
0.5600000000000003
0.2700000000000001
0.2900000000000001
0.3300000000000001
0.22000000000000006
-0.08
-0.04
0.010000000000000004
0.019999999999999997
0.08
0.019999999999999997
-0.060000000000000005
-0.03
-0.17
-0.17
0.0
0.0
0.0
0.0
0.0
0.0
0.0
0.0
0.0
-0.019999999999999997
-0.009999999999999997
-0.08
-0.09
-0.09999999999999999
0.09
0.13999999999999999
0.09999999999999999
-0.10999999999999999
0.07
0.09999999999999999
-0.060000000000000005
-0.17
0.03
-0.08
-0.08
-0.060000000000000005
-0.03
0.0
0.0
0.0
0.0
0.0
0.0
0.0
0.0
0.0
0.0
0.0
-0.01
-0.01
-0.02
-0.08
-0.18000000000000002
-0.09
0.030000000000000006
0.04000000000000001
-0.019999999999999997
-0.009999999999999997
0.09
-0.10999999999999999
-0.03
-0.02
-0.02
-0.03
-0.02
-0.01
-0.01
-0.01
0.0
0.0
0.0
0.0
0.0
0.0
0.0
0.0
0.0
-0.01
-0.01
-0.01
-0.01
-0.01
0.0
0.0
0.0
-0.01
-0.01
-0.02
-0.01
-0.01
-0.01
0.0
-0.01
-0.01
-0.01
-0.01
0.0
0.0
0.0
0.0
0.0
0.0
