0.6200000000000007
0.0
0.0
0.0
0.0
0.0
0.0
0.0
0.0
0.0
0.0
-0.02
-0.01
0.0
0.0
0.0
0.0
0.0
0.0
0.0
-0.2800000000000001
-0.9600000000000005
-4.96999999999995
-0.6700000000000002
-5.640000000000076
1.520000000000001
-0.39000000000000146
-1.5100000000000011
-0.19000000000000003
-0.7200000000000005
0.0
0.0
0.0
-0.09
-2.090000000000001
-1.490000000000001
0.46999999999999886
-1.9500000000000008
3.100000000000061
0.8200000000000001
-0.3599999999999942
-0.4199999999999972
1.9300000000000013
0.1200000000000027
-1.1900000000000008
0.0
0.0
0.0
-0.6800000000000005
-1.9800000000000013
-0.14000000000000162
0.840000000000001
-3.5700000000001504
-0.02000000000000483
1.4200000000000004
-1.7599999999999996
0.6300000000000037
-0.6300000000000003
-0.6599999999999995
-3.070000000000002
-0.08
0.0
-0.03
-0.009999999999999969
-4.249999999999969
-3.509999999999965
0.6999999999999997
0.340000000000013
0.7600000000000015
1.7900000000000005
3.1699999999997748
-1.009999999999997
1.6500000000000037
1.38
1.0600000000000005
-0.03
0.0
0.0
0.8100000000000006
1.1400000000000001
-1.2400000000000013
1.33
-1.2200000000000044
-1.500000000000004
0.2599999999999963
0.4799999999999952
2.4799999999996722
0.3000000000000015
-1.019999999999999
1.6500000000000012
0.03
0.0
0.5100000000000002
-0.6099999999999994
3.1000000000001413
-0.8699999999999978
-1.4700000000000004
-0.2199999999999938
-2.7000000000001365
-2.3600000000002948
-3.1400000000002346
-1.2700000000000036
0.9400000000000033
2.1000000000000245
-4.119999999999973
0.0
0.0
-0.49000000000000027
0.7900000000000023
2.85000000000003
1.3299999999999983
1.2500000000000004
1.8900000000000026
-4.350000000000176
-4.220000000000204
1.5100000000000016
-1.2999999999999987
-0.3799999999999925
1.9000000000000001
0.8100000000000009
0.0
0.0
-0.10999999999999999
-2.6100000000001
0.8300000000000025
0.6700000000000004
1.3500000000000005
2.0699999999999794
-1.4200000000000008
-0.42000000000000265
1.500000000000001
0.8000000000000024
1.8000000000000014
-1.5099999999999996
-3.180000000000037
0.0
0.0
-1.1400000000000008
-3.060000000000067
3.2700000000000107
-0.9200000000000026
1.7299999999999973
3.069999999999984
0.2899999999999979
-3.1500000000000687
-0.1600000000000072
-1.8099999999999994
-0.34000000000000064
1.5800000000000025
-4.129999999999987
0.03
0.0
0.46000000000000024
0.17000000000000073
-1.9499999999999722
-0.4300000000000015
1.0599999999999998
4.599999999999781
-2.499999999999989
3.7400000000000153
-1.2500000000000002
-3.140000000000117
2.830000000000029
-2.4999999999999942
-1.0900000000000007
0.03
0.0
0.7900000000000005
1.7900000000000016
0.02999999999999946
-0.9699999999999975
2.1799999999999704
1.8899999999999997
0.9200000000000033
-2.1788126858268697E-15
-0.010000000000000033
0.6700000000000014
-2.4400000000000017
-2.4999999999999907
0.0
0.0
0.0
0.0
0.0
-0.33000000000000007
-1.4300000000000008
-3.1600000000000352
-2.1299999999999972
-0.6699999999999999
0.7600000000000005
-1.600000000000001
-0.5400000000000001
-0.01
0.0
0.0
0.0
0.0
