-45177.99096359793
0.0
0.0
0.0
0.0
0.0
0.0
0.0
0.0
0.0
0.0
0.0
0.0
0.0
0.0
0.0
0.0
0.0
0.0
0.0
0.0
0.0
0.0
0.0
0.0
0.0
0.0
0.0
0.0
0.0
0.0
0.0
0.0
0.0
0.0
0.0
0.0
-19.983999999999803
-29.982000000000728
-19.987000000001444
-79.95799999999505
-39.98300000000021
-69.94100000001147
-59.947000000001864
-89.9389999999822
-159.8730000000808
-99.93100000001435
-79.93000000000076
-49.95900000000693
-59.9480000000273
-39.96500000000022
-29.973000000000727
-19.981999999999804
0.0
0.0
0.0
0.0
0.0
0.0
0.0
0.0
0.0
0.0
-19.983999999999803
0.0
-19.983999999999803
-79.94199999999509
-69.94699999999763
-129.9250000000323
-289.8270000004704
-399.70200000025045
-649.4989999972955
-1069.164999987314
-1378.903999979514
-1868.5109999679762
-2208.1959999705537
-2278.1669999727023
-1758.5779999701183
-1189.026999983558
-659.4629999963446
-299.75500000046867
-129.89399999992014
-29.97500000000073
-19.981999999999804
0.0
0.0
0.0
0.0
0.0
0.0
0.0
0.0
0.0
-59.952000000027304
-149.89400000006046
-249.80900000053754
-419.6999999998464
-939.2869999901419
-1329.0099999803701
-2238.3579999696613
-3007.7239999967564
-4056.9980000442106
-5236.1300002823145
-6495.127000534182
-6345.137000527611
-5935.501000447729
-4686.417000184948
-3457.442000017253
-2038.5709999640594
-939.3789999896986
-479.6730000003137
-199.88800000026274
-99.91999999994853
0.0
0.0
0.0
0.0
0.0
0.0
0.0
-19.983999999999803
-89.95999999998217
-409.7240000009352
-649.5169999977203
-1299.0589999822544
-2168.403999966792
-3607.4440000084537
-5446.086000307334
-7654.560000776095
-10192.737001294861
-13020.421001884035
-15358.72300236759
-16487.892002607787
-16387.977002590123
-15718.508002441393
-13040.571001889315
-9902.86300124117
-6985.031000617766
-4147.089000027968
-2188.4419999679003
-1229.1059999833544
-609.5599999986164
-99.94999999994846
0.0
0.0
0.0
0.0
0.0
-19.983999999999803
-89.94399999998218
-319.7940000006177
-909.3369999908778
-1688.8339999720476
-3227.7210000095047
-5276.280000286009
-8364.119000914201
-11771.932001626406
-15569.45300241813
-19326.548003193944
-23173.756003990948
-25502.214004484347
-27310.696004852718
-27450.500004878144
-25421.831004461408
-22404.105003833018
-18756.646003066755
-13860.293002049428
-9123.519001066321
-5905.9590003889425
-3357.607000001949
-2048.4929999644205
-529.6380000006475
-139.90599999993992
0.0
0.0
0.0
0.0
-19.983999999999803
-239.83400000044742
-649.5469999970816
-1508.9749999762648
-3497.6250000067193
-5586.158000364168
-9333.686001129407
-13570.641002001921
-18687.39700305644
-22954.475003945277
-27710.990004920703
-32497.439005899745
-34705.54200306569
-34425.86100324426
-35135.156002391246
-32077.411005839615
-28909.70900518134
-24552.979004273366
-19036.7380031219
-13520.692001979774
-8563.947000963708
-5216.253000266471
-3147.6549999941894
-1309.0289999817614
-269.81300000055705
-79.96199999999504
0.0
-19.981999999999804
-39.96600000000288
-59.9500000000273
-439.6810000004883
-1449.0309999785577
-2797.9939999862277
-5506.110000319972
-8763.913001004472
-14090.215002092958
-20215.87300335544
-25142.35800438263
-31008.26300557934
-36274.459001634816
-38662.75599778668
-39881.80599568477
-40361.41599504385
-39242.14899621537
-38472.4769978961
-35204.89900266344
-30368.338005456073
-23543.388004050263
-16498.361002601763
-10692.51200140491
-6515.365000539319
-3717.311000016077
-1838.6839999689923
-439.7010000002675
-69.98600000001142
0.0
-19.981999999999804
-29.973000000000727
-169.85700000014717
-799.4219999937104
-2048.4559999636253
-4037.0440000418225
-6975.035000638893
-11631.704001594073
-17038.095002715323
-23223.70300399342
-29269.319005233236
-33926.087004351924
-36114.53400097431
-36734.18699995362
-36893.89499989073
-37863.020999024506
-37223.48499942292
-36454.09000029621
-35814.34500150565
-31907.046005779794
-24892.196004341367
-18087.25500293616
-11801.767001629394
-6625.399000565815
-3297.6330000131306
-1568.918999975007
-519.6750000012693
-59.98800000002735
0.0
-19.981999999999804
-109.92099999994664
-309.75100000063827
-839.3579999921654
-2338.2769999731786
-4856.497000194611
-7964.303000854119
-12521.019001800683
-18147.074002967493
-24912.448004353446
-30698.29200553517
-33376.509005073
-34375.9030036662
-33646.58900477046
-32846.95700584386
-33076.81400555495
-34125.83200409689
-35165.058002440855
-34934.94000278901
-31577.292005715113
-24392.509004251307
-16438.399002615224
-10512.650001366372
-5945.7940003948215
-2528.247999976274
-1239.2069999838516
-209.8980000002915
-19.9919999999998
0.0
0.0
-79.93000000000076
-269.7790000005549
-749.4059999939831
-2148.398999967833
-4596.633000158577
-7804.390000832821
-12780.803001855946
-19126.47200316459
-26890.878004744154
-30778.05800555538
-32127.501005829068
-31338.019005649458
-29469.33800525374
-28819.87000511708
-29789.781005329838
-32127.7140058254
-34705.514003168224
-34855.314002984225
-30628.14800552179
-23832.97700412315
-15119.309002324924
-8623.954000966478
-4057.148999999889
-1538.9609999765346
-459.7650000007593
-49.98200000000694
0.0
0.0
0.0
-49.955000000006926
-179.87100000025214
-699.4809999953085
-2148.5249999668013
-3937.1950000644633
-7374.609000745285
-13870.150002060915
-19925.911003325993
-26361.074004647726
-29509.07300529982
-29629.337005314508
-28700.45600509727
-27451.19500483887
-27111.611004787635
-29550.077005299518
-35085.83100294883
-37563.345999437086
-36024.2920015033
-29209.091005243015
-22353.897003806593
-13570.176001985614
-6845.116000583516
-2738.0789999731624
-1009.3289999889298
-299.8270000006447
-39.977000000002896
-19.983999999999803
0.0
0.0
-29.973000000000727
-169.87000000014726
-639.527999997621
-1808.7979999696386
-3597.383000051559
-8214.168000891004
-14139.865002126247
-20455.485003439208
-26491.079004685194
-29119.53300521896
-27830.630004958082
-27691.248004906887
-28830.185005136143
-29850.105005373407
-33976.958004199456
-40072.239995954
-40311.839995133494
-35604.737001683636
-28609.284005114954
-20944.619003507065
-11991.397001650095
-5755.81400035706
-2288.3199999703406
-979.2609999891158
-369.77900000080484
-29.98600000000073
-19.983999999999803
0.0
0.0
-29.97300000000073
-59.95100000000186
-489.6870000007132
-1479.0339999771682
-3507.5670000317946
-8184.144000894906
-14549.581002219298
-21045.031003571217
-27090.84900480452
-28959.59500518845
-30109.16200540763
-30968.833005576573
-34965.793003063285
-34576.50600288241
-40012.45199404
-44149.16998835474
-41500.86099175722
-35824.48700127512
-28729.292005118765
-19325.84100317482
-11291.78200150961
-5576.025000333587
-2528.085999980311
-1189.091999983789
-419.7440000006632
-39.97800000000289
0.0
0.0
0.0
-19.981999999999804
-29.97900000000073
-349.8030000006133
-1379.1039999795094
-4266.95700005171
-8823.6890010178
-14799.348002276256
-21694.49400369729
-27010.904004793592
-30038.772005408227
-32917.0810057542
-36684.40200092563
-39092.60299616374
-39822.593993096656
-45388.194984751986
-46117.65098449213
-40821.26099204401
-35814.35800142263
-26930.47200476012
-18016.972002923256
-11331.770001532677
-6465.193000512373
-3097.7889999959
-1428.9639999786316
-369.7830000003394
-59.98400000002734
0.0
0.0
0.0
0.0
-19.981999999999804
-319.7840000005271
-1289.1809999817851
-4506.802000111531
-9073.430001077519
-15249.045002355084
-21165.01100358715
-25182.197004435613
-29509.20400530792
-34525.65900365108
-38462.73299790219
-40101.92899340621
-42979.80398810651
-46666.95698359082
-43669.60498777772
-38982.702995094645
-34595.355003348835
-26590.773004682665
-18126.96800294742
-11911.55400165083
-6845.012000606265
-3667.4720000127513
-1518.880999976088
-419.73100000025477
-129.9479999999204
0.0
0.0
0.0
0.0
-59.96200000002732
-499.65700000113276
-1698.8709999723499
-5236.143000249047
-9513.129001160325
-14349.701002174597
-19836.04900331522
-24572.482004295096
-29249.482005239042
-33226.54600533483
-35494.707001801624
-38682.907996196795
-41630.72099090145
-43678.87098860151
-40941.27399272494
-37872.98499803322
-32466.745005903133
-26051.473004569543
-17847.088002899254
-12201.413001722676
-7024.970000648755
-3707.355000022995
-1748.7779999705353
-629.5909999977291
-99.94999999998142
0.0
0.0
0.0
0.0
-89.9349999999822
-649.5479999975071
-2208.4819999673537
-5645.948000350465
-9732.9700012029
-14000.052002100047
-18456.942003020762
-22244.327003811282
-27071.00400478268
-29469.360005282982
-31787.635005767177
-36424.54000068572
-38972.3839963854
-39062.4959957371
-39082.5739965162
-35285.006002248345
-31227.71600563512
-25072.292004369036
-17667.396002863457
-12131.404001712704
-7534.662000742849
-3827.386000042725
-2018.5979999641743
-749.4659999943503
-159.89000000008087
-19.9919999999998
0.0
0.0
0.0
-149.90000000001194
-899.3629999913279
-2708.015999989406
-5865.785000431477
-10212.793001307658
-14589.480002208104
-17937.3310028991
-21455.045003634015
-24133.261004195698
-26501.627004682603
-30558.59800550163
-34515.92900353832
-36644.17699998138
-38002.919998169564
-38282.83399846384
-33726.047004598426
-28569.584005104913
-23433.344004043713
-17117.947002744233
-10652.544001436894
-7175.01000068992
-4137.1430000428045
-1948.6019999660089
-649.5649999970811
-149.91100000001197
-59.978000000027336
0.0
0.0
0.0
-209.86300000032597
-1059.2359999866896
-3397.493000032284
-6665.175000608883
-11111.965001517097
-15049.300002320248
-18237.16000297059
-21475.08600365117
-24033.174004189095
-27011.242004794
-30478.46800550356
-34655.517003153116
-37173.52299923138
-37653.10699867579
-37183.35800002774
-31717.511005752913
-27440.40400487332
-21764.52000369892
-14979.489002318765
-10352.765001348389
-5965.7610004523385
-3497.525000010404
-1808.715999969717
-539.6210000002955
-59.95400000002731
-39.9860000000029
0.0
0.0
0.0
-169.87500000019008
-1398.9469999794596
-3497.3760000362104
-7274.744000722097
-11961.48000169452
-15808.807002492822
-20395.498003417197
-24372.766004236913
-26860.913004766753
-30658.42200553718
-34315.438003685325
-37992.7479982459
-38552.23399708729
-36823.758999620855
-35135.067002567666
-30588.369005515746
-24762.37100432276
-18237.361002993253
-13400.700001977813
-8484.139000962781
-4886.543000225307
-2868.00199999292
-1389.0189999794366
-449.65700000084786
-29.97100000000073
0.0
0.0
0.0
0.0
-149.8850000000604
-1079.1849999871524
-3277.498999994509
-6425.253000543463
-11002.214001503531
-15509.084002438978
-20235.492003405045
-25212.334004424938
-29718.807005348655
-34824.95100310345
-37672.82599883513
-39221.77399629909
-37603.11499831645
-35244.78500216276
-33196.44600539386
-26811.333004730204
-19666.53300328537
-15129.561002330849
-10592.757001388542
-6695.4160005766325
-3587.483000023613
-1928.6599999665339
-859.4139999917332
-239.80100000050794
-59.95300000002731
0.0
0.0
0.0
0.0
-109.91099999994665
-679.4859999971462
-1938.565999966629
-4866.370000187893
-9013.635001059192
-13980.153002096884
-18666.767003081397
-23893.200004157206
-29269.11400525825
-32047.29400583698
-35015.07400253408
-35104.89500233536
-33416.39900498573
-30138.863005432806
-26151.943004597397
-20396.143003418678
-15169.918002347089
-10922.849001458457
-7105.148000658405
-4227.157000064068
-2458.3409999753576
-1099.3079999863207
-579.5959999989265
-159.8710000001263
-39.96000000000287
0.0
0.0
0.0
0.0
-39.96800000000288
-359.736000000846
-1129.2809999860801
-2668.14199997534
-5945.862000391751
-10312.794001304403
-15109.492002317267
-20645.36400346304
-24672.382004306437
-27060.571004809593
-29269.237005250132
-29029.16300519818
-26800.74300474129
-23633.374004079782
-19416.795003204203
-15199.881002318169
-10553.063001366247
-6855.391000614211
-4247.215000076221
-2308.6029999730563
-1199.232999983853
-529.6920000001246
-219.84800000032163
-39.96800000000288
-19.983999999999803
0.0
0.0
0.0
0.0
0.0
-139.91999999994
-469.73900000066425
-1059.3739999874688
-2598.352999976935
-4936.729000210827
-7904.669000833825
-11242.059001536329
-14469.748002200191
-16428.331002605188
-18376.921002979787
-17167.93600275043
-16308.616002559605
-14210.203002112996
-11112.313001485818
-8604.128000954212
-5796.080000385123
-3487.743000024088
-2178.647999970253
-1259.227999981853
-639.5769999967558
-309.82500000056325
-59.9500000000273
0.0
0.0
0.0
0.0
0.0
0.0
0.0
-19.9879999999998
-89.95799999998218
-389.8120000005159
-1119.328999986121
-2368.4509999736783
-3557.576000039286
-5116.461000282557
-5775.795000451257
-6785.0190006208595
-6764.988000611819
-6795.161000608532
-6805.133000600246
-5476.048000345457
-4566.68700016243
-3477.5210000248344
-2548.229999978282
-1379.0629999790096
-1009.3299999878349
-609.5809999977095
-369.76500000080483
-129.90999999992022
-59.970000000027326
0.0
0.0
0.0
0.0
0.0
0.0
0.0
-19.9879999999998
-49.972000000006936
-149.9110000000605
-589.5779999988277
-1069.1859999866676
-1758.6479999702738
-2218.235999969964
-2547.9989999883255
-2897.681999995407
-2667.9029999914
-2498.032999982232
-2478.056999980142
-2408.1379999733663
-1718.661999971254
-1388.9579999791395
-969.3099999894062
-449.7009999994768
-309.8070000003378
-219.85700000045406
-109.93899999998948
-59.9500000000273
0.0
0.0
0.0
0.0
0.0
0.0
