-0.025000000000000015
0.0
0.0
0.0
0.0
0.0
0.0
0.0
0.0
0.0
0.0
0.0
0.0
0.0
0.0
0.0
0.0
0.0
0.0
0.0
-0.001
-0.002
-0.014
-0.029000000000000012
0.003
0.005
-0.011000000000000003
-0.002
0.0
0.0
0.0
0.0
0.0
0.0
-0.016
-0.010000000000000002
0.005000000000000015
-0.030000000000000013
-0.011000000000000001
0.016000000000000007
-0.002999999999999993
0.0
-0.029000000000000012
-0.030999999999999993
-0.005
0.0
0.0
0.0
0.002
-0.023
0.011999999999999993
0.06300000000000003
-0.0020000000000000035
-0.020999999999999994
0.016999999999999987
0.029
0.012999999999999994
-0.05200000000000002
-0.008000000000000004
-0.007
0.0
0.0
0.007
-0.011
0.026999999999999996
-0.026999999999999986
-0.04300000000000001
-0.007999999999999986
0.004999999999999999
0.05300000000000002
0.03900000000000002
0.015000000000000003
0.0029999999999999983
0.008
-0.003
0.0
0.0
0.006
0.010000000000000002
0.006999999999999997
-0.024999999999999998
-0.030999999999999965
-0.08000000000000003
0.016
0.07000000000000003
0.06500000000000003
-0.003000000000000002
-0.008999999999999998
0.008
0.0
0.0
0.0
0.0
-0.004
-0.023000000000000003
-0.030999999999999982
0.038000000000000006
0.010999999999999996
0.022000000000000002
0.02100000000000001
0.001
0.026999999999999993
-0.014000000000000002
-0.010000000000000002
0.0
0.0
0.0
0.0
-0.015000000000000001
-0.01599999999999998
0.012
-0.058000000000000024
-0.018000000000000002
0.020999999999999998
-0.018000000000000023
0.013999999999999995
0.05500000000000001
0.03799999999999999
-0.014999999999999987
-0.007
0.0
0.0
0.018000000000000002
0.014000000000000002
-0.030000000000000002
-0.029
-0.09500000000000006
-0.07900000000000004
-0.08200000000000005
-0.06500000000000003
-0.013000000000000005
-0.010000000000000005
0.026999999999999986
-0.006000000000000004
-0.011000000000000003
0.0
0.0
0.011000000000000003
0.026
0.04099999999999998
9.999999999999983E-4
0.013000000000000001
-0.006000000000000026
-0.06200000000000003
0.03799999999999999
0.015999999999999997
0.016999999999999967
0.038000000000000006
0.014
-0.001
0.0
0.0
0.005
0.03
0.024999999999999988
0.009000000000000003
0.04600000000000001
-0.0010000000000000035
0.017999999999999974
0.012000000000000025
0.05200000000000003
-0.03199999999999999
0.015000000000000003
0.009000000000000001
0.0
0.0
0.0
0.002
0.016999999999999998
0.019000000000000013
0.02100000000000001
-0.024999999999999998
-0.018999999999999996
0.013000000000000001
0.002999999999999999
-0.044000000000000025
-0.005
0.009000000000000001
0.003
0.0
0.0
0.0
0.0
0.0
0.0
-0.003
0.004
0.023000000000000007
0.001
-0.012000000000000002
-0.002
-0.002
0.0
0.0
0.0
0.0
0.0
