-9.849999999999834
0.0
0.0
0.0
1.590000000000001
-7.729999999999997
-11.809999999999897
-1.370000000000001
-15.159999999999993
-0.060000000000000005
20.409999999999695
4.700000000000164
-2.7399999999999554
12.290000000000179
-4.70000000000012
2.869999999999953
-15.670000000000107
0.02
-19.67000000000033
-12.440000000000287
-6.069999999999945
13.980000000000967
13.209999999999894
-2.1699999999999315
-4.589999999999947
-0.02
-14.240000000000022
-14.010000000000018
-4.90000000000002
-16.749999999999996
-1.0000000000001181
12.009999999999994
14.179999999999833
0.0
51.29999999999871
-10.399999999999764
-1.3599999999999939
-11.419999999999602
7.950000000000149
-1.1900000000000963
5.919999999999962
0.09000000000000002
17.9199999999999
33.34999999999934
-1.4299999999999937
8.139999999999747
-18.640000000000057
6.399999999999903
0.0
3.0599999999999787
