-0.47300000000000036
0.0
0.0
0.0
0.0
0.0
0.0
0.0
0.0
0.0
0.0
0.0
0.0
0.0
0.0
0.0
0.0
0.0
0.0
0.0
0.0
0.0
0.0
0.0
0.0
0.0
0.0
0.0
0.0
0.0
0.0
0.0
0.0
0.0
0.0
0.0
0.0
0.0
0.0
0.0
0.0
0.0
0.0
0.0
0.0
0.0
0.0
0.0
0.0
0.0
0.0
0.0
0.0
0.0
0.0
0.0
0.0
0.0
0.0
0.0
0.0
0.0
0.0
0.0
0.0
0.0
0.0
0.0
0.0
-0.002
-0.006
-0.004
-0.008
-0.006
-0.010000000000000002
-0.009000000000000001
-0.019000000000000003
-0.013000000000000005
-0.007
-0.002
0.0
0.0
0.0
0.0
0.0
0.0
0.0
0.0
0.0
0.0
0.0
0.0
0.0
0.0
-0.002
0.0
0.0
-0.005
-0.008
-0.018000000000000002
-0.03600000000000002
-0.034000000000000016
-0.04600000000000003
-0.043000000000000024
-0.04600000000000003
-0.03900000000000002
-0.05700000000000004
-0.029000000000000012
-0.033000000000000015
-0.010000000000000002
-0.012
0.0
0.0
0.0
0.0
0.0
0.0
0.0
0.0
0.0
0.0
0.0
0.002
0.002
0.001
-0.006
-0.003
-0.044000000000000025
-0.08000000000000006
-0.10700000000000008
-0.12000000000000009
-0.1560000000000001
-0.1460000000000001
-0.19300000000000014
-0.1590000000000001
-0.1380000000000001
-0.11000000000000008
-0.07700000000000005
-0.06500000000000004
-0.06000000000000004
-0.011000000000000001
-0.006
0.0
0.0
0.0
0.0
0.0
0.0
0.0
0.0
0.002
0.004
0.009000000000000001
-0.005
-0.016
-0.08400000000000006
-0.09700000000000007
-0.10600000000000008
-0.19700000000000015
-0.20100000000000015
-0.23600000000000018
-0.2780000000000002
-0.3010000000000002
-0.2450000000000002
-0.20100000000000015
-0.21000000000000016
-0.1350000000000001
-0.07800000000000006
-0.10600000000000008
-0.032000000000000015
-0.019000000000000003
-0.002
0.0
0.0
0.0
0.0
0.0
0.0
0.0
-0.002
0.006
0.0
-0.011000000000000001
-0.06100000000000004
-0.10500000000000008
-0.1330000000000001
-0.23400000000000018
-0.2680000000000002
-0.35900000000000026
-0.3790000000000003
-0.35800000000000026
-0.33800000000000024
-0.36700000000000027
-0.33700000000000024
-0.2440000000000002
-0.23000000000000018
-0.17300000000000013
-0.09400000000000007
-0.05100000000000003
-0.018000000000000002
-0.002
0.0
0.0
0.0
0.0
0.0
0.0
0.002
0.006
-0.006
-0.029000000000000012
-0.08200000000000006
-0.11100000000000008
-0.1370000000000001
-0.22600000000000017
-0.2940000000000002
-0.36800000000000027
-0.4930000000000004
-0.4110000000000003
-0.4140000000000003
-0.36600000000000027
-0.32500000000000023
-0.35600000000000026
-0.33200000000000024
-0.25100000000000017
-0.16700000000000012
-0.1310000000000001
-0.06400000000000004
-0.02600000000000001
-0.006
0.0
0.0
0.0
0.0
0.0
0.0
0.002
-0.002
-0.013000000000000005
-0.05300000000000003
-0.11200000000000009
-0.1490000000000001
-0.18500000000000014
-0.2840000000000002
-0.33800000000000024
-0.3830000000000003
-0.45100000000000035
-0.4090000000000003
-0.44100000000000034
-0.3870000000000003
-0.36400000000000027
-0.43400000000000033
-0.32500000000000023
-0.25600000000000017
-0.21500000000000016
-0.1420000000000001
-0.10400000000000008
-0.05000000000000003
-0.021000000000000005
-0.002
0.0
0.0
0.0
0.0
-0.002
-0.01
-0.018000000000000002
-0.06000000000000004
-0.06600000000000004
-0.10900000000000008
-0.18200000000000013
-0.2920000000000002
-0.34700000000000025
-0.4010000000000003
-0.3910000000000003
-0.3890000000000003
-0.3750000000000003
-0.4130000000000003
-0.34600000000000025
-0.3800000000000003
-0.35700000000000026
-0.3180000000000002
-0.2630000000000002
-0.16300000000000012
-0.1320000000000001
-0.09500000000000007
-0.045000000000000026
-0.015000000000000001
-0.002
0.0
0.0
0.0
0.0
-0.001
-0.001
-0.024000000000000007
-0.06700000000000005
-0.08600000000000006
-0.12800000000000009
-0.24000000000000019
-0.32200000000000023
-0.3800000000000003
-0.4140000000000003
-0.35000000000000026
-0.2910000000000002
-0.3020000000000002
-0.34800000000000025
-0.32500000000000023
-0.3910000000000003
-0.3980000000000003
-0.3150000000000002
-0.2820000000000002
-0.18200000000000013
-0.11300000000000009
-0.08800000000000006
-0.05100000000000003
-0.016
0.0
0.0
0.0
0.0
0.0
-0.002
-0.003
-0.04000000000000002
-0.06400000000000004
-0.06400000000000004
-0.17900000000000013
-0.25000000000000017
-0.3150000000000002
-0.3910000000000003
-0.33600000000000024
-0.3760000000000003
-0.32600000000000023
-0.2610000000000002
-0.3740000000000003
-0.3780000000000003
-0.4210000000000003
-0.3900000000000003
-0.34500000000000025
-0.2690000000000002
-0.16300000000000012
-0.10600000000000008
-0.07500000000000005
-0.033000000000000015
0.0
0.0
0.0
0.0
0.0
0.0
0.0
-0.002
-0.029000000000000012
-0.055000000000000035
-0.11400000000000009
-0.17900000000000013
-0.2610000000000002
-0.3070000000000002
-0.3150000000000002
-0.3050000000000002
-0.32700000000000023
-0.3000000000000002
-0.34100000000000025
-0.3860000000000003
-0.3780000000000003
-0.4100000000000003
-0.3930000000000003
-0.2880000000000002
-0.19900000000000015
-0.16800000000000012
-0.06000000000000004
-0.06300000000000004
-0.03500000000000002
0.0
0.0
0.0
0.0
0.0
0.0
0.0
0.0
-0.019000000000000003
-0.07400000000000005
-0.12500000000000008
-0.20200000000000015
-0.2810000000000002
-0.3090000000000002
-0.2690000000000002
-0.33300000000000024
-0.3170000000000002
-0.33000000000000024
-0.3880000000000003
-0.4170000000000003
-0.4100000000000003
-0.43500000000000033
-0.36000000000000026
-0.3000000000000002
-0.2410000000000002
-0.12700000000000009
-0.06700000000000005
-0.05800000000000004
-0.021000000000000005
-0.002
0.0
0.0
0.0
0.0
0.0
0.0
0.0
-0.012
-0.07100000000000005
-0.17600000000000013
-0.20600000000000016
-0.25200000000000017
-0.3040000000000002
-0.32400000000000023
-0.34600000000000025
-0.32600000000000023
-0.33300000000000024
-0.3850000000000003
-0.3860000000000003
-0.47400000000000037
-0.35800000000000026
-0.32700000000000023
-0.2660000000000002
-0.22200000000000017
-0.1340000000000001
-0.08500000000000006
-0.05900000000000004
-0.03500000000000002
-0.001
0.0
0.0
0.0
0.0
0.0
0.0
0.0
-0.024000000000000007
-0.09000000000000007
-0.1530000000000001
-0.20600000000000016
-0.2900000000000002
-0.2980000000000002
-0.32700000000000023
-0.35800000000000026
-0.36800000000000027
-0.3900000000000003
-0.3940000000000003
-0.3990000000000003
-0.46700000000000036
-0.36000000000000026
-0.33300000000000024
-0.2580000000000002
-0.22500000000000017
-0.16900000000000012
-0.07500000000000005
-0.05200000000000003
-0.031000000000000014
-0.002
0.0
0.0
0.0
0.0
0.0
0.0
0.0
-0.013000000000000005
-0.08900000000000007
-0.1490000000000001
-0.18500000000000014
-0.2980000000000002
-0.2920000000000002
-0.35000000000000026
-0.35700000000000026
-0.3950000000000003
-0.4220000000000003
-0.3950000000000003
-0.44600000000000034
-0.3770000000000003
-0.4110000000000003
-0.32200000000000023
-0.25200000000000017
-0.18900000000000014
-0.1530000000000001
-0.06400000000000004
-0.04100000000000002
-0.030000000000000013
0.0
0.0
0.0
0.0
0.0
0.0
0.0
0.0
-0.023000000000000007
-0.08200000000000006
-0.1520000000000001
-0.19800000000000015
-0.2570000000000002
-0.2590000000000002
-0.34400000000000025
-0.2950000000000002
-0.32300000000000023
-0.3730000000000003
-0.4250000000000003
-0.4190000000000003
-0.4120000000000003
-0.4240000000000003
-0.33800000000000024
-0.23700000000000018
-0.19200000000000014
-0.1530000000000001
-0.09800000000000007
-0.044000000000000025
-0.032000000000000015
-0.001
-0.002
-0.002
0.0
0.0
0.0
-0.008
-0.002
-0.023000000000000007
-0.07500000000000005
-0.1530000000000001
-0.19300000000000014
-0.24000000000000019
-0.2710000000000002
-0.3060000000000002
-0.32000000000000023
-0.34300000000000025
-0.4160000000000003
-0.3720000000000003
-0.3860000000000003
-0.45600000000000035
-0.3720000000000003
-0.2750000000000002
-0.23500000000000018
-0.18200000000000013
-0.10600000000000008
-0.07300000000000005
-0.04200000000000002
-0.018000000000000002
-0.002
-0.002
-0.002
0.0
0.0
0.0
-0.013000000000000001
-0.005
-0.01
-0.05900000000000004
-0.1450000000000001
-0.16200000000000012
-0.20000000000000015
-0.2420000000000002
-0.3810000000000003
-0.3160000000000002
-0.34800000000000025
-0.4110000000000003
-0.3910000000000003
-0.4160000000000003
-0.3980000000000003
-0.2940000000000002
-0.2880000000000002
-0.21900000000000017
-0.1370000000000001
-0.10300000000000008
-0.06000000000000004
-0.016
-0.003
0.0
0.0
0.0
0.0
0.0
0.0
-0.003
-0.005
-0.003
-0.08300000000000006
-0.1360000000000001
-0.17200000000000013
-0.20700000000000016
-0.2750000000000002
-0.3150000000000002
-0.35900000000000026
-0.4120000000000003
-0.44900000000000034
-0.4080000000000003
-0.43800000000000033
-0.3860000000000003
-0.3050000000000002
-0.23300000000000018
-0.18700000000000014
-0.1590000000000001
-0.09700000000000007
-0.04000000000000002
-0.009000000000000001
-0.005
-0.002
0.0
0.0
0.0
0.0
0.0
0.004
0.001
-0.012000000000000002
-0.06500000000000004
-0.11600000000000009
-0.17300000000000013
-0.22000000000000017
-0.2800000000000002
-0.3060000000000002
-0.36200000000000027
-0.3820000000000003
-0.4040000000000003
-0.3880000000000003
-0.3700000000000003
-0.3010000000000002
-0.2920000000000002
-0.21900000000000017
-0.19000000000000014
-0.1320000000000001
-0.07300000000000005
-0.02600000000000001
-0.008
-0.003
0.0
0.0
0.0
0.0
0.0
0.0
0.0
0.0
0.003
-0.03500000000000002
-0.07100000000000005
-0.1380000000000001
-0.17000000000000012
-0.2590000000000002
-0.2950000000000002
-0.33000000000000024
-0.3750000000000003
-0.33400000000000024
-0.3180000000000002
-0.33500000000000024
-0.2580000000000002
-0.20000000000000015
-0.17800000000000013
-0.1400000000000001
-0.11400000000000009
-0.04900000000000003
-0.003
-0.008
-0.001
0.0
0.0
0.0
0.0
0.0
0.0
0.0
-0.002
0.005
-0.02700000000000001
-0.04700000000000003
-0.07500000000000005
-0.1310000000000001
-0.17600000000000013
-0.22100000000000017
-0.2610000000000002
-0.2610000000000002
-0.3010000000000002
-0.25500000000000017
-0.21000000000000016
-0.19600000000000015
-0.16400000000000012
-0.1300000000000001
-0.09500000000000007
-0.03300000000000001
-0.020000000000000004
-0.016
-0.01
-0.002
0.0
0.0
0.0
0.0
0.0
0.0
0.0
0.0
0.002
-0.004
-0.008000000000000002
-0.009000000000000003
-0.054000000000000034
-0.07100000000000005
-0.12800000000000009
-0.1390000000000001
-0.1300000000000001
-0.17800000000000013
-0.18800000000000014
-0.1290000000000001
-0.10400000000000008
-0.08700000000000006
-0.05200000000000003
-0.04000000000000002
-0.024000000000000014
-0.019000000000000003
-0.006
-0.002
0.0
0.0
0.0
0.0
0.0
0.0
0.0
0.0
0.0
0.0
-0.004
-0.004
-0.020000000000000004
-0.04900000000000003
-0.04600000000000003
-0.06400000000000004
-0.06600000000000004
-0.043000000000000024
-0.06900000000000005
-0.07000000000000005
-0.07200000000000005
-0.04000000000000002
-0.04000000000000002
-0.022000000000000006
-0.018000000000000002
-0.006
-0.012
-0.004
0.0
0.0
0.0
0.0
0.0
0.0
0.0
0.0
0.0
0.0
0.0
0.0
-0.004
-0.013
-0.019000000000000003
-0.02500000000000001
-0.007
-0.004
-0.009000000000000001
-0.008
-0.019000000000000003
-0.015000000000000005
-0.011000000000000003
-0.018000000000000002
-0.009000000000000001
-0.01
-0.006
-0.004
0.0
0.0
0.0
0.0
0.0
0.0
0.0
0.0
