-4.149999999999956
0.0
0.0
-0.04
5.740000000000014
0.39000000000000123
2.790000000000081
4.0099999999999545
-14.089999999999858
-0.08
4.990000000000162
-0.5399999999999733
-0.37999999999993805
0.8599999999998694
-3.1099999999991046
2.199999999999833
-8.460000000000319
-10.429999999999838
3.4500000000002875
-3.280000000000999
-0.9500000000000883
2.079999999999784
0.04000000000005707
-3.720000000000331
-7.909999999999979
-9.049999999999851
-3.7399999999998674
-1.95000000000018
0.8700000000000921
-1.6299999999997845
0.8700000000000575
1.3299999999999397
-2.1500000000000323
17.909999999999922
7.579999999999628
-2.410000000000415
0.22000000000003178
-0.4099999999999631
1.310000000000489
1.9399999999999535
1.9600000000000013
6.509999999999768
6.439999999998659
1.2199999999999736
3.390000000000093
1.610000000000066
-1.360000000000022
1.2999999999999752
-0.08
8.749999999999858
