-0.024000000000000014
0.0
0.0
0.0
0.0
0.0
0.0
0.0
0.0
0.0
0.0
0.0
0.0
0.0
0.0
0.0
0.0
0.0
0.0
0.0
-0.001
0.015000000000000006
0.032000000000000015
0.018000000000000002
-0.016
0.022000000000000006
-0.004
-0.004
0.0
-0.001
0.0
0.0
0.0
0.006
-9.999999999999992E-4
-0.0029999999999999983
0.10300000000000008
0.00800000000000003
-0.011000000000000015
-0.019000000000000034
-0.052000000000000046
-6.938893903907228E-18
-0.055000000000000035
0.0040000000000000036
-0.01800000000000001
0.0
0.0
0.017000000000000008
0.06400000000000003
0.11200000000000007
0.049000000000000016
0.11200000000000007
0.031000000000000003
0.05
0.021000000000000008
-0.016
0.03799999999999999
0.009999999999999997
0.046
-0.012
0.0
0.0
0.02100000000000001
0.018000000000000002
0.062
-0.006999999999999991
-0.05400000000000002
-0.0029999999999999897
-0.001999999999999999
0.07700000000000003
0.001999999999999993
0.08200000000000003
0.058000000000000024
-0.027000000000000017
-0.002
0.0
0.0
0.003
-0.01199999999999999
-0.036000000000000004
-0.02099999999999997
-0.02800000000000002
-0.05300000000000002
-0.0010000000000000425
0.05200000000000002
0.016999999999999994
0.05500000000000001
-0.04200000000000001
-0.050000000000000024
-0.001
0.0
0.0
-0.002
-0.032
-0.11000000000000007
-0.061000000000000026
0.015000000000000008
-0.029999999999999995
0.05100000000000002
0.05000000000000002
-0.010000000000000009
-0.006999999999999981
-0.02900000000000002
-0.022000000000000006
-0.001
0.0
0.0
-0.001
-0.007999999999999997
-0.012000000000000009
-0.025999999999999947
-0.032
-0.006000000000000029
-0.017999999999999988
-0.011999999999999983
0.004
0.02999999999999999
-0.009999999999999995
0.027000000000000014
-0.013000000000000001
0.0
0.0
-0.011000000000000003
0.012999999999999994
-0.02900000000000001
-0.05600000000000001
-0.07000000000000002
-0.06700000000000003
-0.08700000000000005
-0.030000000000000002
0.04600000000000003
0.022999999999999986
3.469446951953614E-18
-0.03799999999999999
-0.013000000000000005
0.0
0.0
0.004
0.07400000000000002
0.019000000000000006
0.028000000000000018
3.469446951953614E-18
-0.060000000000000026
-0.018999999999999993
0.06200000000000003
-0.020999999999999998
-0.012000000000000007
0.024
-0.07300000000000002
-0.002
0.0
0.0
-0.018000000000000002
0.03300000000000004
0.12400000000000008
0.038000000000000006
-0.060000000000000026
-0.07600000000000001
-0.029999999999999995
0.0050000000000000044
0.030000000000000058
0.034000000000000016
-0.034
-0.03600000000000002
-0.008
0.0
0.0
0.0
-0.013000000000000005
-0.04600000000000001
0.07500000000000004
0.05000000000000002
0.007000000000000001
-0.02700000000000001
-0.05900000000000001
-0.012000000000000035
0.02000000000000001
-0.03
-0.001
0.0
0.0
0.0
0.008
0.016
0.005000000000000002
0.04800000000000003
0.043000000000000024
0.016000000000000007
0.007000000000000001
0.018999999999999993
0.005
0.002
-0.002
0.0
0.0
0.0
0.0
