-1.5109999999999444
0.0
0.0
0.0
0.0
0.0
0.0
0.0
0.0
0.0
0.0
0.0
0.0
0.0
0.0
0.0
0.0
0.0
0.0
0.0
0.0
0.0
0.0
0.0
0.0
0.0
0.0
0.0
0.0
0.0
0.0
0.0
0.0
0.0
0.0
0.0
0.0
0.0
0.0
0.0
0.0
0.0
-0.006
-0.003
-0.006
0.0
0.0
0.0
0.0
0.0
0.0
0.0
0.0
0.0
0.0
0.0
0.0
0.0
0.0
0.0
0.0
0.0
0.0
0.0
0.0
0.0
0.0
0.0
-0.013000000000000005
-0.02600000000000001
-0.018000000000000002
-0.04600000000000003
-0.04200000000000002
-0.04600000000000003
-0.034000000000000016
-0.016000000000000004
-0.029000000000000012
-0.029000000000000012
-0.015000000000000001
-0.006
0.0
0.0
0.0
0.0
0.0
0.0
0.0
0.0
0.0
0.0
0.0
0.0
0.0
0.0
-0.002
0.0
-0.013000000000000005
-0.02000000000000001
-0.04100000000000002
-0.024000000000000007
-0.06500000000000004
-0.09300000000000007
-0.10200000000000008
-0.10200000000000008
-0.07600000000000005
-0.04700000000000003
-0.10500000000000008
-0.07400000000000005
-0.08300000000000006
-0.027000000000000017
-0.024000000000000007
0.0
0.0
0.0
0.0
0.0
0.0
0.0
0.0
0.0
0.0
0.0
0.002
0.002
-0.023000000000000007
-0.016000000000000007
-0.09800000000000007
-0.1520000000000001
-0.20300000000000015
-0.2820000000000002
-0.2680000000000002
-0.3700000000000003
-0.4200000000000003
-0.5210000000000004
-0.4830000000000004
-0.5170000000000003
-0.35400000000000026
-0.3110000000000002
-0.17900000000000013
-0.16000000000000011
-0.045000000000000026
-0.034000000000000016
-0.030000000000000013
0.0
0.0
0.0
0.0
0.0
0.0
0.0
0.002
0.004
-0.009000000000000001
-0.05700000000000004
-0.10500000000000008
-0.21500000000000016
-0.34900000000000025
-0.4030000000000003
-0.6910000000000005
-0.7320000000000005
-0.7450000000000006
-0.8550000000000006
-0.9510000000000007
-0.8800000000000007
-0.7160000000000005
-0.6420000000000005
-0.4850000000000004
-0.23300000000000018
-0.2710000000000002
-0.09000000000000007
-0.07100000000000005
-0.031000000000000014
-0.002
0.0
0.0
0.0
0.0
0.0
-0.008
-0.002
0.020000000000000004
-0.020000000000000004
-0.07200000000000005
-0.2770000000000002
-0.4820000000000004
-0.5440000000000004
-0.9050000000000007
-0.8910000000000007
-1.087999999999996
-1.1299999999999935
-1.1319999999999923
-1.0729999999999962
-1.1079999999999939
-1.0799999999999967
-0.8930000000000007
-0.6310000000000004
-0.47800000000000037
-0.2710000000000002
-0.07600000000000005
-0.054000000000000034
-0.018000000000000002
-0.002
-0.002
0.0
0.0
0.0
-0.008
-0.004
-0.016000000000000004
-0.015000000000000001
-0.10600000000000008
-0.2770000000000002
-0.35400000000000026
-0.5580000000000004
-0.7680000000000006
-0.9020000000000007
-1.1679999999999942
-1.4549999999999867
-1.414999999999983
-1.2759999999999863
-1.1799999999999875
-1.1779999999999893
-1.1989999999999934
-0.9400000000000007
-0.7590000000000006
-0.47500000000000037
-0.35100000000000026
-0.1220000000000001
-0.06300000000000004
-0.024000000000000007
0.0
0.0
0.0
0.0
0.0
-0.008
-0.002
-0.022000000000000006
-0.11000000000000008
-0.1590000000000001
-0.36500000000000027
-0.47800000000000037
-0.6860000000000005
-0.9470000000000007
-1.093999999999996
-1.3149999999999884
-1.3009999999999866
-1.306999999999983
-1.339999999999983
-1.2049999999999879
-1.2639999999999867
-1.3239999999999865
-0.9820000000000008
-0.7590000000000006
-0.6290000000000004
-0.3990000000000003
-0.19300000000000014
-0.11200000000000009
-0.034000000000000016
0.0
0.0
0.0
0.0
0.0
-0.008
-0.023000000000000007
-0.08000000000000006
-0.22000000000000017
-0.17300000000000013
-0.3990000000000003
-0.6200000000000004
-0.8570000000000007
-0.9920000000000008
-1.2149999999999914
-1.216999999999989
-1.108999999999994
-1.1689999999999912
-1.298999999999987
-1.2139999999999904
-1.219999999999989
-1.2249999999999877
-1.0159999999999998
-0.8310000000000006
-0.4840000000000004
-0.31900000000000023
-0.2630000000000002
-0.09600000000000007
-0.04100000000000002
0.0
0.0
0.0
0.0
0.0
-0.006
-0.003
-0.08400000000000006
-0.21000000000000016
-0.2720000000000002
-0.4250000000000003
-0.7410000000000005
-0.9090000000000007
-1.135999999999994
-1.2599999999999913
-1.0979999999999952
-0.9790000000000008
-1.0020000000000004
-1.139999999999995
-1.047999999999998
-1.4019999999999797
-1.2539999999999882
-0.9360000000000007
-0.8100000000000006
-0.4940000000000004
-0.2850000000000002
-0.22200000000000017
-0.12500000000000008
-0.032000000000000015
0.0
0.0
0.0
0.0
0.0
-0.009000000000000001
-0.033000000000000015
-0.16000000000000011
-0.21500000000000016
-0.2440000000000002
-0.5700000000000004
-0.7450000000000006
-0.9720000000000008
-1.0789999999999962
-0.9840000000000008
-1.062999999999998
-0.9900000000000008
-0.9180000000000007
-1.2139999999999924
-1.3389999999999833
-1.3639999999999792
-1.2559999999999885
-1.0159999999999998
-0.7840000000000006
-0.44500000000000034
-0.23400000000000018
-0.20100000000000015
-0.07500000000000005
-0.012
0.0
0.0
0.0
0.0
0.0
-0.001
-0.02500000000000001
-0.09400000000000007
-0.1440000000000001
-0.3790000000000003
-0.5880000000000004
-0.7740000000000006
-1.0270000000000001
-0.9570000000000007
-0.8850000000000007
-1.012
-0.8510000000000006
-1.0759999999999972
-1.2109999999999905
-1.3109999999999802
-1.35199999999998
-1.1939999999999915
-0.8660000000000007
-0.6930000000000005
-0.4230000000000003
-0.21800000000000017
-0.16700000000000012
-0.10200000000000008
-0.004
0.0
0.0
0.0
0.0
0.0
-0.002
-0.030000000000000013
-0.06400000000000004
-0.2410000000000002
-0.3120000000000002
-0.6860000000000005
-0.9300000000000007
-0.9020000000000007
-0.9020000000000007
-1.1099999999999959
-0.9640000000000007
-0.9290000000000007
-1.2669999999999915
-1.3919999999999828
-1.3759999999999786
-1.425999999999979
-1.0309999999999984
-0.8810000000000007
-0.6650000000000005
-0.44700000000000034
-0.23600000000000018
-0.16700000000000012
-0.07500000000000005
-0.004
0.0
0.0
0.0
0.0
0.0
0.0
-0.02800000000000001
-0.04800000000000003
-0.24000000000000019
-0.5240000000000004
-0.6560000000000005
-0.7760000000000006
-0.9790000000000008
-1.0309999999999988
-1.1309999999999942
-1.0679999999999978
-1.1179999999999952
-1.2429999999999874
-1.2689999999999826
-1.5509999999999746
-1.2209999999999872
-1.0149999999999997
-0.7690000000000006
-0.6660000000000005
-0.45700000000000035
-0.2740000000000002
-0.16500000000000012
-0.09300000000000007
-0.003
0.0
0.0
0.0
0.0
0.0
0.0
-0.030000000000000013
-0.09300000000000007
-0.2930000000000002
-0.46200000000000035
-0.6500000000000005
-0.8270000000000006
-0.9260000000000007
-1.0809999999999975
-1.1309999999999956
-1.137999999999994
-1.2819999999999891
-1.2419999999999856
-1.2989999999999804
-1.5079999999999747
-1.3219999999999843
-1.066999999999998
-0.8470000000000006
-0.6740000000000005
-0.4850000000000004
-0.2470000000000002
-0.19800000000000015
-0.10500000000000008
-0.01
0.01
0.0
0.0
0.0
0.0
0.0
-0.002
-0.03300000000000002
-0.2650000000000002
-0.4250000000000003
-0.6050000000000004
-0.9600000000000007
-0.8660000000000007
-1.1159999999999948
-1.2169999999999903
-1.3309999999999862
-1.3099999999999876
-1.2429999999999837
-1.440999999999976
-1.284999999999984
-1.48499999999998
-1.0289999999999992
-0.9140000000000007
-0.6510000000000005
-0.5120000000000003
-0.25500000000000017
-0.1380000000000001
-0.08200000000000006
-0.030000000000000013
0.0
0.0
0.0
0.0
0.0
0.0
-0.004
-0.07600000000000005
-0.25100000000000017
-0.3970000000000003
-0.5670000000000004
-0.8240000000000006
-0.7740000000000006
-1.0759999999999978
-1.0139999999999993
-1.0529999999999973
-1.2179999999999898
-1.347999999999983
-1.3919999999999801
-1.3659999999999834
-1.3679999999999866
-1.0829999999999973
-0.8520000000000006
-0.5660000000000004
-0.44400000000000034
-0.3170000000000002
-0.19200000000000014
-0.10600000000000008
-0.008
-0.006
-0.006
0.0
0.0
0.0
-0.012
-0.01
-0.04800000000000003
-0.21100000000000016
-0.4840000000000004
-0.5570000000000004
-0.7040000000000005
-0.8490000000000006
-1.0409999999999988
-1.1009999999999964
-1.1459999999999946
-1.22599999999999
-1.2649999999999841
-1.2039999999999875
-1.4069999999999838
-1.204999999999992
-0.8890000000000007
-0.8380000000000006
-0.5620000000000004
-0.3700000000000003
-0.24000000000000019
-0.16200000000000012
-0.04700000000000003
-0.024000000000000007
-0.006
-0.006
0.0
0.0
0.0
-0.022000000000000006
-0.018000000000000002
-0.010000000000000004
-0.1470000000000001
-0.44500000000000034
-0.46300000000000036
-0.6170000000000004
-0.8000000000000006
-1.066999999999998
-1.0319999999999991
-0.9990000000000008
-1.1189999999999947
-1.3069999999999875
-1.2289999999999897
-1.1879999999999933
-1.0299999999999998
-0.8930000000000007
-0.7950000000000006
-0.46900000000000036
-0.3770000000000003
-0.20100000000000015
-0.10200000000000008
-0.022000000000000006
-0.018000000000000002
0.0
0.0
0.0
0.0
0.0
-0.010000000000000002
-0.001
0.008
-0.17000000000000012
-0.3880000000000003
-0.46800000000000036
-0.6430000000000005
-0.8050000000000006
-0.8520000000000006
-1.1049999999999947
-1.1629999999999903
-1.2589999999999881
-1.2229999999999916
-1.163999999999993
-1.2469999999999912
-1.0179999999999998
-0.8100000000000006
-0.7350000000000005
-0.5410000000000004
-0.25300000000000017
-0.1340000000000001
-0.05300000000000003
-0.013000000000000001
-0.002
0.0
0.0
0.0
0.0
0.0
0.002
0.012
-0.017
-0.11300000000000009
-0.2810000000000002
-0.5170000000000003
-0.6320000000000005
-0.8530000000000006
-0.9960000000000008
-1.123999999999993
-1.110999999999994
-1.1369999999999916
-1.1739999999999924
-1.0949999999999944
-1.0439999999999978
-0.9640000000000007
-0.7980000000000006
-0.6630000000000005
-0.4140000000000003
-0.19800000000000015
-0.07300000000000005
-0.017
-0.004
-0.002
-0.002
0.0
0.0
0.0
0.0
0.0
0.002
0.014
-0.06700000000000005
-0.18300000000000013
-0.4200000000000003
-0.4880000000000004
-0.8070000000000006
-0.8900000000000007
-0.9970000000000008
-1.0229999999999992
-1.0379999999999987
-0.9120000000000007
-0.9970000000000008
-0.9320000000000007
-0.7680000000000006
-0.6340000000000005
-0.46000000000000035
-0.33600000000000024
-0.17100000000000012
-0.033000000000000015
-0.03500000000000002
-0.001
0.0
0.0
0.0
0.0
0.0
0.0
0.0
-0.002
0.008
-0.043000000000000024
-0.18500000000000014
-0.2740000000000002
-0.46400000000000036
-0.6090000000000004
-0.7910000000000006
-0.7850000000000006
-0.9370000000000007
-0.9310000000000007
-0.8710000000000007
-0.8140000000000006
-0.6750000000000005
-0.6310000000000004
-0.47800000000000037
-0.36400000000000027
-0.1540000000000001
-0.08300000000000006
-0.05000000000000003
-0.03600000000000002
-0.002
0.0
0.0
0.0
0.0
0.0
0.0
0.0
0.0
0.003
0.003
-0.07400000000000005
-0.09500000000000007
-0.18400000000000014
-0.19500000000000015
-0.4250000000000003
-0.4130000000000003
-0.45200000000000035
-0.47200000000000036
-0.5060000000000003
-0.44200000000000034
-0.4230000000000003
-0.36200000000000027
-0.22500000000000017
-0.18700000000000014
-0.10500000000000008
-0.04700000000000003
-0.022000000000000006
-0.022000000000000006
0.0
0.0
0.0
0.0
0.0
0.0
0.0
0.0
0.0
0.0
-0.002
-0.012
-0.07000000000000005
-0.09400000000000007
-0.09800000000000007
-0.1470000000000001
-0.1460000000000001
-0.10400000000000008
-0.19100000000000014
-0.22000000000000017
-0.23800000000000018
-0.16900000000000012
-0.1500000000000001
-0.11300000000000009
-0.10400000000000008
-0.06400000000000004
-0.029000000000000012
-0.030000000000000013
0.0
0.0
0.0
0.0
0.0
0.0
0.0
0.0
0.0
0.0
0.0
-0.006
-0.019000000000000003
-0.031000000000000014
-0.04000000000000002
-0.054000000000000034
-0.016
-0.024000000000000007
-0.022000000000000006
-0.029000000000000012
-0.054000000000000034
-0.07300000000000005
-0.06600000000000004
-0.05300000000000003
-0.056000000000000036
-0.03800000000000002
-0.02800000000000001
-0.005
0.0
0.0
0.0
0.0
0.0
0.0
0.0
0.0
