-0.46000000000000024
0.0
0.0
0.0
0.0
0.0
0.0
0.0
0.0
0.0
0.0
0.0
0.0
0.0
0.0
0.0
0.0
0.0
0.0
0.0
0.0
-0.02
0.15
0.8900000000000006
1.7400000000000013
1.2100000000000009
0.20999999999999996
-0.060000000000000005
0.0
-0.01
0.0
0.0
0.0
0.19999999999999998
0.55
0.46999999999999975
-0.19000000000000025
0.07000000000000027
-0.6000000000000009
0.48000000000000076
-0.16999999999999932
-0.9499999999999997
-1.1800000000000008
-0.63
-0.13999999999999999
0.0
0.0
0.09999999999999999
0.29000000000000004
-0.08000000000000058
0.9599999999999997
0.04999999999999854
0.669999999999999
0.34999999999999976
0.7700000000000006
0.9699999999999998
-0.8200000000000001
1.0200000000000005
-0.49999999999999933
-0.38000000000000006
-0.01
0.0
0.23000000000000007
0.7999999999999999
1.720000000000001
-0.6700000000000003
0.230000000000001
-0.5000000000000008
0.5500000000000002
0.7100000000000007
-0.3399999999999998
0.499999999999994
-0.07000000000000042
0.16
-0.09
0.0
0.0
0.46000000000000024
0.5199999999999998
-1.400000000000001
0.28000000000000036
-1.6100000000000012
-0.2599999999999991
0.7899999999999998
0.6500000000000006
0.08999999999999911
1.4100000000000008
-1.4800000000000006
0.06999999999999987
-0.07
0.0
0.0
-0.01
-0.5400000000000003
-0.5399999999999999
0.030000000000000294
0.9199999999999992
-0.7600000000000002
0.8200000000000001
-0.5900000000000017
0.33000000000000007
-0.3299999999999993
-0.44999999999999996
-0.11999999999999968
-0.02
0.0
0.0
0.0
-0.35000000000000003
-0.11000000000000013
0.33999999999999997
-1.5400000000000014
0.7900000000000009
0.4100000000000005
0.18999999999999936
-0.2799999999999986
0.13000000000000075
0.14000000000000024
-0.4500000000000002
-0.2700000000000001
0.0
0.0
-0.010000000000000004
0.15999999999999967
-1.0299999999999998
-1.5800000000000007
0.3799999999999996
-2.0299999999999994
-0.76
-0.9399999999999994
0.6199999999999998
0.47999999999999854
-0.07999999999999971
-0.5299999999999996
-0.5000000000000002
0.0
0.0
0.38000000000000006
1.520000000000001
1.3600000000000008
0.8700000000000006
-0.9100000000000003
-0.5700000000000007
-0.21999999999999803
0.40999999999999986
0.24999999999999759
0.02999999999999941
0.8199999999999997
0.06999999999999977
-0.2800000000000001
0.0
0.0
0.2700000000000001
1.0000000000000002
0.4899999999999993
-0.4999999999999998
0.25999999999999945
-0.20000000000000012
-0.3299999999999991
0.3499999999999995
0.73
-0.7000000000000004
-0.3399999999999999
0.5800000000000001
0.0
0.0
0.0
0.05
0.04999999999999978
1.0400000000000005
0.24999999999999978
3.469446951953614E-18
0.43999999999999784
0.5399999999999996
-0.640000000000001
-1.02
0.6700000000000003
-0.7699999999999998
-0.06000000000000001
0.0
0.0
0.0
0.24000000000000007
0.11999999999999998
0.11999999999999998
0.5500000000000002
-0.06
-0.05000000000000019
0.8300000000000006
-0.30999999999999983
-0.1
-0.020000000000000004
0.05000000000000001
0.0
0.0
0.0
0.0
