0.6000000000000003
0.0
0.0
4.710000000000014
-2.6299999999999946
-0.36000000000001575
1.4700000000000497
7.819999999999878
-5.269999999999866
0.0
7.53999999999904
0.14999999999999997
0.9300000000000109
0.6099999999999715
-3.3600000000001455
1.589999999999688
-6.999999999999461
-1.1599999999999993
3.67999999999999
-2.7299999999994156
-1.9099999999997666
1.2300000000000706
0.45000000000018464
-2.8699999999991324
-5.939999999999517
-0.9000000000000006
-5.869999999999001
-2.9900000000004856
1.9499999999997408
-2.4199999999998414
-0.3600000000000769
1.6300000000003265
0.3199999999999975
3.5300000000001766
3.629999999999907
-0.9099999999998329
-0.8100000000002008
1.670000000000008
1.5400000000002632
0.5399999999998899
2.26000000000006
19.960000000001045
5.189999999998884
2.289999999999559
2.820000000000449
0.6699999999998512
0.6499999999999913
3.07999999999982
-3.709999999999965
1.6300000000000012
