-10960.786001774255
0.0
0.0
0.0
0.0
0.0
0.0
0.0
0.0
0.0
0.0
0.0
0.0
0.0
0.0
0.0
0.0
0.0
0.0
0.0
0.0
0.0
0.0
0.0
0.0
0.0
0.0
0.0
0.0
0.0
0.0
0.0
0.0
0.0
0.0
0.0
0.0
0.0
0.0
0.0
0.0
0.0
0.0
0.0
0.0
-39.70800000000256
-19.85400000000128
-9.92199999999994
-19.84399999999988
0.0
-19.84599999999988
-9.92299999999994
-19.84599999999988
0.0
0.0
0.0
0.0
0.0
0.0
0.0
0.0
0.0
0.0
0.0
0.0
0.0
0.0
0.0
0.0
0.0
-39.692000000002544
-109.20499999994786
-168.73100000014182
-317.60300000061505
-486.30600000045854
-565.6579999979014
-555.7529999987071
-387.0430000003445
-208.401000000423
-208.41600000035373
-99.247000000014
-49.63000000000676
-19.847999999999878
0.0
0.0
0.0
0.0
0.0
0.0
0.0
0.0
0.0
0.0
-19.849999999999877
-9.924999999999939
-29.77300000000072
-89.31399999998317
-158.80800000012118
-267.96300000055766
-387.1130000001719
-645.154999996973
-943.0229999899965
-1339.950999980346
-1687.444999972051
-1647.6929999725294
-1717.1689999711807
-1439.3879999781186
-952.8989999889868
-744.52499999502
-317.64000000035486
-198.51300000029258
-69.49400000001206
-39.70800000000256
0.0
0.0
0.0
0.0
0.0
0.0
0.0
0.0
-19.86399999999987
-79.4239999999963
-109.2369999999478
-79.49500000000099
-248.1830000005006
-357.49200000013866
-605.7459999975734
-705.2989999941278
-1310.7629999802105
-2065.288999964011
-2839.39400000597
-3296.245000037634
-3435.3880000485146
-3425.000000038443
-3028.204000013731
-2243.7679999754077
-1836.6719999683376
-1241.2039999828696
-694.9809999956124
-377.3030000004243
-198.56900000025647
0.0
0.0
0.0
0.0
0.0
0.0
0.0
9.925999999999938
-9.930000000000033
-99.23599999998207
-208.57800000031983
-347.60400000061173
-387.38199999965275
-725.3329999944941
-1162.141999984157
-2313.881999973126
-3038.889000009052
-4269.638000093164
-4894.982000257471
-5331.977000367815
-5669.710000431197
-5302.003000365406
-4944.374000274039
-4477.544000158464
-3603.994000044228
-2491.938999982244
-1916.2229999670428
-1181.4689999843174
-704.8439999964751
-129.14399999991656
-39.800000000002676
0.0
0.0
0.0
0.0
0.0
19.851999999999876
-49.65600000000677
-158.80200000007565
-377.4000000005865
-486.6939999997
-963.5549999895424
-1867.079999968276
-2860.128999991862
-4369.060000097711
-5500.933000352241
-6980.254000664444
-7704.881000837823
-7804.003000883672
-7834.00800088491
-7427.13000080045
-6840.930000660614
-5639.6990004123745
-4596.954000186469
-3614.0550000511457
-2591.4719999950053
-1896.095999967431
-1002.6599999884032
-476.58700000056325
-168.8160000000994
-39.82600000000271
0.0
0.0
0.0
0.0
-39.710000000002566
-128.96299999997171
-307.5850000005628
-724.6359999958363
-1479.3379999780536
-2432.738999969778
-3753.025000023792
-5341.893000317454
-7158.5040006993095
-8290.1760009423
-9025.38300112056
-8955.414001128705
-9044.83900113718
-9163.851001159663
-9322.902001162101
-8369.65700096122
-7396.6540007501135
-5609.821000404812
-4676.325000205643
-3137.47500003108
-2104.900999965755
-1250.9629999824872
-675.1699999964351
-198.6210000003295
-59.71400000002701
0.0
0.0
0.0
-9.930999999999935
-59.51900000000185
-258.03500000055107
-704.6359999958958
-1171.2829999842522
-2343.015999973716
-3534.6650000306913
-5222.339000322606
-7267.227000752293
-8478.750001025795
-9064.48900115981
-9501.462001236312
-9352.075001202045
-8965.03100110451
-8707.123001062995
-8359.836001005737
-8329.846000972528
-7456.2610007805215
-5976.654000501285
-5093.340000290954
-3733.1580000436243
-2094.9219999653715
-1082.3399999865178
-486.55999999995316
-218.54800000031543
-39.76000000000263
0.0
0.0
-39.70600000000256
-49.61500000000675
-158.73800000012088
-466.50400000042345
-1052.1049999872496
-1627.7879999726345
-2611.069000006882
-4407.984000168572
-6890.063000668634
-8329.899000990035
-9114.123001166168
-9272.97100119464
-8687.60100106159
-8240.429000944796
-7774.043000840292
-7833.763000862764
-7565.415000841716
-7872.907000891794
-7793.697000848528
-5937.093000499172
-4358.4760001679415
-3127.54500001787
-1836.830999968782
-804.4179999931805
-456.78500000122074
-39.74400000000261
-19.871999999999865
0.0
0.0
-19.85300000000128
-59.51100000000186
-168.74700000022756
-565.8119999986252
-1231.060999982595
-1896.183999966054
-3494.538000053764
-5539.6140003804285
-7436.088000786686
-8537.780001038447
-8994.972001123635
-8746.876001046205
-7366.978000753991
-6642.213000585873
-6444.044000537403
-6711.94500062771
-7664.516000836505
-8111.3990009321
-7624.997000834232
-6165.7830005314445
-4060.6860000842044
-2362.985999977522
-1231.3759999834795
-496.6470000008662
-188.77300000019244
0.0
0.0
0.0
0.0
-39.70600000000256
-59.56200000000185
-129.0440000000281
-595.6369999985868
-1042.4969999863415
-1985.6209999641746
-4080.564000064648
-5559.861000411802
-7247.25200076131
-8389.207000993021
-7645.177000853314
-7298.314000722277
-5947.875000457371
-5848.7650004025645
-6116.748000480568
-7427.071000762411
-8429.137000987243
-8558.2450010336
-7535.58700084073
-5996.426000484901
-3693.165000050852
-2104.8419999652415
-744.9519999951942
-268.2710000005546
-79.52200000000096
-19.85099999999988
-19.847999999999878
0.0
0.0
-19.849999999999877
-49.617000000006755
-99.29099999998202
-516.2990000005516
-1052.5059999864575
-2353.0429999774165
-4328.683000109571
-5430.654000389312
-7058.920000722547
-7168.385000767823
-6523.420000617481
-6146.694000498532
-6186.117000486366
-6256.072000525967
-7198.653000726867
-8687.167001042624
-9392.153001202518
-8617.66500107387
-7356.863000808502
-5827.536000437753
-3445.3100000210243
-1558.9309999752431
-536.3679999990924
-288.0800000005908
-148.99600000000763
-29.850000000000723
-19.847999999999878
0.0
0.0
-9.924999999999939
-9.932999999999934
-109.30299999994769
-337.6500000000784
-1062.5249999865669
-2333.5299999781446
-3911.5500000905918
-5480.31400040343
-6959.932000698718
-6652.472000658262
-6950.349000667556
-6632.674000598574
-7834.137000838418
-7407.354000815417
-9610.502001232826
-10850.957001483263
-9729.729001302509
-8686.578001077105
-7128.190000739159
-5589.41500035729
-2949.089000006078
-1618.7389999737225
-734.944999995137
-317.8210000004412
-119.1810000000041
-39.77800000000265
0.0
0.0
0.0
-19.849999999999877
-9.924999999999939
-129.1109999999164
-357.47600000013875
-1459.5929999779455
-2531.9849999907547
-4090.4930001080907
-6085.788000505691
-6929.910000701996
-7327.240000784117
-7982.644000879957
-8885.797001059364
-9213.550001169147
-9411.949001248699
-11069.397001560215
-11248.407001593967
-9401.637001256067
-8557.922001039917
-6512.615000602305
-4586.941000173872
-2879.281000004764
-1687.890999971959
-953.4569999898375
-357.62400000055874
-79.4620000000058
-19.851999999999876
0.0
0.0
0.0
0.0
-19.849999999999877
-109.16999999998977
-446.71800000016873
-1509.194999976408
-2809.7800000043794
-4567.123000190462
-5768.042000465269
-6751.621000690059
-7982.618000914184
-9104.081001120847
-9610.231001264054
-9917.75800136614
-10929.87300156879
-11803.569001720627
-10215.896001423664
-9262.875001224784
-8011.729000917648
-5827.73200045186
-4150.271000081669
-2452.6479999892435
-1568.779999974365
-1082.545999986513
-436.98600000048935
-89.3750000000229
-49.651000000006775
0.0
0.0
0.0
0.0
19.867999999999867
-208.34000000028405
-585.6479999982178
-1538.8719999756063
-2889.195000006953
-4289.274000138992
-5540.0620004265575
-7018.979000729826
-8091.603000943185
-9371.379001202611
-9986.88100134784
-10592.626001488583
-11078.714001599328
-11436.554001650566
-10315.240001424623
-9054.508001153501
-7286.991000765803
-5589.468000381747
-3624.0050000561837
-2660.9009999943924
-1479.3389999763835
-943.4789999892581
-456.9579999998263
-228.3760000004415
-59.59400000002687
0.0
0.0
0.0
0.0
19.867999999999867
-138.90399999998715
-496.33299999983103
-1618.4309999738994
-2571.708999990689
-4140.400000089929
-5291.84300035941
-6354.087000587737
-8002.064000903977
-8617.417001046333
-9500.795001231383
-10721.933001474134
-11059.366001562084
-9987.41800137896
-10146.40000136685
-8399.375001006243
-6662.121000627768
-4884.841000245509
-3484.8440000453033
-2591.449999982489
-1548.9309999754244
-963.0859999889834
-615.5969999979291
-188.6530000002685
0.0
0.0
0.0
0.0
0.0
-39.702000000002556
-99.16100000004577
-357.4159999997193
-1360.2849999791852
-2323.6379999779397
-3594.3080000488007
-5163.131000287874
-6304.592000536688
-7188.164000735746
-8022.184000907602
-8587.864001034139
-9957.269001303619
-10106.42400137398
-9917.666001333977
-9451.199001221914
-8240.55500094593
-5967.439000492874
-4507.856000174672
-3435.3110000217594
-2005.8049999639293
-1399.9059999785147
-943.0639999894133
-565.8939999986234
-238.24100000047017
-19.84399999999988
0.0
0.0
0.0
0.0
9.919000000000022
-99.254000000014
-327.61499999987376
-1072.2989999855236
-2234.3699999753303
-3227.1260000492207
-4240.019000147211
-5828.271000458223
-6592.652000637013
-7625.2840008390685
-8577.596001032816
-9659.621001253634
-9997.256001335601
-9530.619001246827
-8796.102001080577
-7029.537000715471
-5530.282000404364
-4259.707000103235
-2700.9069999936687
-2114.899999965566
-1122.030999984906
-833.8559999926246
-595.7079999988156
-178.6700000001655
0.0
0.0
0.0
0.0
0.0
39.69400000000037
19.93099999999983
-198.50300000040178
-1042.4949999873945
-2124.862999967429
-3078.239000033436
-4289.831000153974
-5709.175000445869
-6552.887000651046
-7595.131000855908
-8726.782001079056
-9193.133001185259
-9123.586001179328
-8349.493001021896
-7952.665000899113
-6692.125000635085
-4418.624000191968
-3495.3080000483233
-2532.0929999818604
-1400.356999978504
-893.4479999903926
-595.7129999976635
-367.26100000049615
-99.23699999998206
-0.006
0.0
0.0
0.0
0.0
59.546000000001854
129.07599999991623
-168.74899999997066
-794.3119999938313
-1479.5379999760078
-2730.7669999994123
-4031.300000078176
-5232.65100035658
-6503.417000629443
-8171.3800009451115
-8845.866001089047
-9093.925001144522
-8617.778001052751
-7525.811000825117
-7308.022000733399
-5391.590000349036
-3773.6560000848585
-2909.539000005004
-1847.3919999679833
-1191.4019999838079
-784.1959999934428
-426.9210000001608
-158.81700000021226
-99.24199999998206
-19.85099999999988
0.0
0.0
0.0
0.0
29.769000000000723
109.1829999999479
19.849000000004086
-407.1550000009282
-933.355999989694
-2125.2059999665544
-3177.419000029273
-4795.785000233345
-6384.088000562187
-7248.340000745193
-7962.810000892357
-7962.724000898065
-7535.743000796036
-6335.023000558628
-5431.694000369395
-4130.841000091684
-3247.3720000288813
-2254.4319999716226
-1350.7619999799513
-863.7419999920482
-426.8979999997428
-248.19700000055894
-148.8610000000555
-29.774000000000722
-39.71400000000257
0.0
0.0
0.0
0.0
0.0
119.10199999990382
19.80400000000387
-69.72300000002608
-605.856999998704
-1479.4909999778645
-2373.4289999776292
-3167.7550000515025
-4736.307000221488
-5371.84200038125
-6066.988000511466
-5808.436000470507
-5659.662000425464
-4706.762000244639
-4160.799000106441
-3307.146000025392
-2174.9019999697107
-1439.9379999775335
-992.8649999882721
-575.9129999987753
-287.9710000004779
-188.56700000022977
-119.08399999990387
-19.85999999999987
-19.85999999999987
0.0
0.0
0.0
0.0
0.0
0.0
29.73900000000072
39.584000000000444
-417.1230000012636
-635.3159999955607
-1409.9909999779509
-2551.52599998572
-3216.6450000240297
-3633.588000063162
-3990.7630000903555
-3941.559000086018
-3941.537000066806
-3256.6330000380935
-2919.3750000072287
-2263.9799999713937
-1509.2249999764986
-973.1839999892595
-635.6289999974972
-327.59200000058297
-129.06300000002818
-69.45599999999726
-39.684000000002534
0.0
0.0
0.0
0.0
0.0
0.0
0.0
0.0
0.0
-59.64600000002693
-347.49800000073947
-516.1129999992268
-992.7059999881376
-1310.489999980531
-1489.0759999756629
-1836.2819999678984
-1737.0399999701813
-1945.6999999659804
-1737.1979999702564
-1677.7159999719017
-1260.6659999814551
-1032.5899999874125
-615.6079999974829
-347.540000000356
-218.52100000038152
-119.08899999995397
-49.62700000000676
-49.64500000000677
-59.58200000002685
0.0
0.0
0.0
0.0
0.0
0.0
0.0
0.0
0.0
-39.73000000000259
-248.14600000050044
-317.6220000001815
-595.48899999836
-635.1969999970754
-664.8669999953164
-833.6689999921354
-793.940999992976
-724.6159999950793
-585.6089999979845
-605.4899999980329
-446.66899999994433
-377.21800000042435
-268.0120000005541
-99.30400000001403
-59.559000000001845
-29.771000000000722
-9.926999999999937
0.0
0.0
0.0
0.0
0.0
0.0
0.0
