-1.1500000000000008
0.0
0.0
0.0
0.0
0.0
0.0
0.0
0.0
0.0
0.0
0.0
0.0
0.0
0.0
0.0
0.0
0.0
0.0
-0.06
-0.09000000000000001
0.6400000000000002
1.0000000000000004
0.6500000000000004
-0.31000000000000005
0.17000000000000018
0.9400000000000006
-0.19000000000000003
0.0
-0.01
0.0
0.0
0.0
0.45999999999999996
0.01999999999999988
1.6600000000000008
-0.06000000000000006
0.9099999999999995
-0.6099999999999971
0.4400000000000015
-0.2500000000000009
-1.1600000000000004
-0.2399999999999989
-1.0900000000000003
-0.7000000000000005
0.0
0.0
-0.19999999999999993
1.3300000000000007
0.15999999999999923
0.08999999999999851
-0.5899999999999983
1.0400000000000005
-0.11999999999999986
0.13999999999999987
1.2
-0.23000000000000068
0.36000000000000026
-0.04999999999999995
-0.8400000000000005
0.0
0.0
-0.24999999999999967
2.0299999999999994
0.36999999999999983
-0.09999999999999945
-0.3899999999999982
-1.460000000000001
0.650000000000001
0.21999999999999614
-0.9500000000000011
-0.059999999999998395
-0.18999999999999925
0.08999999999999991
-0.5100000000000001
0.0
0.0
0.9600000000000006
-0.47
-1.3899999999999995
0.9700000000000002
-1.9000000000000012
0.23999999999999946
-0.3000000000000041
2.620000000000003
-0.9300000000000013
1.4
-1.6600000000000013
-0.5599999999999998
-0.44000000000000017
0.0
-0.01
-0.04
-1.9000000000000012
0.22000000000000172
-1.690000000000001
0.3899999999999956
-0.9499999999999993
0.3199999999999956
0.39000000000000035
0.5099999999999987
0.2500000000000038
-1.4200000000000008
0.14999999999999963
0.6300000000000003
0.0
-0.01
-0.05
-1.0700000000000007
-0.15000000000000047
0.0399999999999993
-0.3599999999999972
0.4100000000000012
-0.1199999999999976
0.36999999999999866
-0.8600000000000001
0.6000000000000001
-0.8499999999999991
0.79
0.4400000000000003
0.0
0.0
0.26
0.9400000000000004
-0.3100000000000001
-1.79
-0.44000000000000045
-0.8099999999999915
-0.30999999999999817
-1.2400000000000013
1.41
-0.40999999999999787
-0.1999999999999992
0.7300000000000011
0.4900000000000003
0.0
0.0
0.18000000000000005
2.769999999999972
1.700000000000001
0.9099999999999981
-0.33000000000000534
-1.0600000000000005
-0.6999999999999994
1.2199999999999995
-0.6299999999999973
1.4800000000000013
2.230000000000017
-0.7000000000000001
0.5600000000000005
-0.05
0.0
0.4900000000000003
2.7399999999999767
0.62
0.6900000000000013
0.039999999999997225
-1.0800000000000012
1.38
0.7800000000000007
0.7100000000000014
-1.700000000000001
0.17999999999999977
0.34000000000000047
-0.15
0.0
0.0
-0.060000000000000005
0.5099999999999997
0.28999999999999926
0.6499999999999997
0.3699999999999971
0.7899999999999991
0.2899999999999969
0.1399999999999988
0.5899999999999989
2.460000000000007
-0.7500000000000003
0.6000000000000003
0.0
0.0
0.0
0.16
0.0
-0.5000000000000001
1.8700000000000012
1.3700000000000008
1.2500000000000009
1.440000000000001
0.2799999999999994
0.4600000000000002
0.39999999999999886
1.2100000000000004
0.0
0.0
0.0
0.0
