-36.13000000000138
0.0
0.0
17.91999999999981
8.669999999999927
7.880000000000078
-2.490000000000023
-7.25999999999989
-5.779999999999776
0.0
24.159999999999155
-0.839999999999987
4.540000000000046
1.7999999999998677
-7.129999999999219
6.080000000000344
-28.909999999999354
13.77999999999975
2.639999999999967
-11.11999999999856
-5.869999999999671
10.840000000000925
3.759999999999771
-12.590000000002004
-10.2300000000001
-0.8000000000000005
-4.190000000000497
-7.980000000000516
3.3000000000010115
-10.279999999998955
-0.08000000000000956
3.7799999999999576
0.6300000000001242
13.569999999999844
11.620000000001832
-0.30999999999984773
-4.589999999999615
0.26000000000004475
1.4199999999998474
6.480000000000084
-19.540000000000454
-12.349999999999856
15.37999999999703
6.789999999999367
1.4299999999999258
2.320000000000222
1.3400000000000418
-27.279999999999973
0.0
0.02
