-13.559999999999755
0.0
0.0
-19.71999999999967
6.959999999999562
2.4399999999999884
1.290000000000002
-12.089999999999852
-3.140000000000075
0.2900000000000001
7.020000000000116
0.6399999999999948
0.7099999999997043
-0.6599999999998912
-2.159999999999278
-1.4000000000004342
-1.5099999999999087
-0.8700000000000006
1.1800000000000803
-1.590000000000158
-3.2100000000011635
2.0699999999994376
1.949999999999483
-3.4399999999997295
-3.22000000000006
-0.4200000000000001
-5.7100000000000275
-3.1699999999997055
1.7100000000005426
-2.1900000000000586
0.8399999999999322
1.8100000000000755
-5.740000000000478
22.020000000000074
7.259999999998983
-1.5599999999993428
-0.36999999999991684
1.1799999999991801
1.1699999999997268
1.75999999999986
-0.7799999999999916
1.8300000000000012
8.060000000000244
3.159999999999573
1.7699999999998584
1.1399999999997092
0.969999999999985
1.8900000000000015
0.0
10.399999999999823
