-0.3750000000000003
0.0
0.0
0.0
0.0
0.0
0.0
0.0
0.0
0.0
0.0
0.0
0.0
0.0
0.0
0.0
0.0
0.0
0.0
-0.01
-0.06400000000000004
0.07900000000000006
0.2820000000000002
-0.017999999999999995
-0.21900000000000017
0.07900000000000006
-0.02600000000000001
-0.026000000000000016
0.0
0.0
0.0
0.0
0.0
-0.026000000000000016
0.1540000000000001
0.16500000000000012
-0.015000000000000048
0.12200000000000005
-0.02199999999999994
0.09200000000000004
0.054000000000000034
9.99999999999941E-4
-0.016999999999999987
-0.05000000000000002
-0.04900000000000004
0.0
-0.001
0.12700000000000009
0.1370000000000001
0.09300000000000004
0.03299999999999999
0.1300000000000001
0.1730000000000001
-0.07799999999999997
0.07000000000000005
0.0029999999999999957
-0.01799999999999968
0.05400000000000016
-0.017000000000000032
-0.1340000000000001
0.0
-0.003
0.007000000000000004
0.11000000000000007
0.17600000000000013
0.037000000000000144
-0.16800000000000012
-0.005999999999999913
0.07900000000000018
0.17600000000000013
-0.0439999999999999
0.1580000000000001
0.03400000000000006
0.13400000000000006
-0.05100000000000003
0.0
0.0
0.02000000000000001
-0.06399999999999997
-0.03399999999999985
-0.08600000000000003
-0.11100000000000007
-0.054000000000000076
-0.05799999999999987
0.06900000000000003
-0.04999999999999982
0.11800000000000008
-0.19300000000000014
-0.03299999999999999
-0.024000000000000014
0.0
0.0
0.0
-0.34400000000000025
-0.12200000000000008
-0.14200000000000007
0.1290000000000001
0.027999999999999966
0.1350000000000001
0.002000000000000084
0.011000000000000138
0.008000000000000354
-0.16400000000000012
0.08000000000000004
0.003000000000000014
0.0
0.0
0.0
-0.06900000000000003
0.07900000000000003
0.0300000000000001
-0.11400000000000007
0.07299999999999997
-0.0700000000000001
0.07699999999999999
-0.108
-0.044000000000000525
-0.0180000000000002
0.1600000000000001
-0.13100000000000006
0.0
0.0
-0.012000000000000004
-0.07000000000000002
-0.09999999999999996
-0.016999999999999744
-0.09300000000000005
-0.014999999999999823
-0.007000000000000146
-0.2560000000000002
0.1310000000000001
0.04400000000000001
-0.19500000000000017
-0.11800000000000008
-0.11000000000000004
0.0
0.0
-0.035000000000000024
0.3750000000000003
0.04100000000000001
0.08800000000000012
-0.11300000000000007
-0.20500000000000015
-0.049999999999999906
0.1610000000000001
-0.07300000000000002
0.045999999999999736
0.12200000000000005
-0.04200000000000001
-0.001
0.0
0.0
-0.06200000000000003
0.35300000000000026
9.999999999998881E-4
0.03000000000000003
-0.05300000000000006
0.026999999999999934
0.04600000000000001
-9.999999999998066E-4
0.1400000000000001
-0.1080000000000001
0.03799999999999998
0.018000000000000023
-0.05100000000000004
0.0
0.0
0.04
0.13700000000000007
0.07100000000000004
-0.049000000000000016
0.15300000000000008
0.09500000000000015
0.02399999999999996
0.002999999999999956
0.026999999999999913
0.15200000000000014
-0.23400000000000015
-0.07400000000000005
0.0
0.0
0.0
0.20000000000000015
0.023000000000000013
-0.06700000000000005
0.18600000000000014
0.045000000000000054
0.19400000000000014
0.10000000000000007
0.2590000000000002
0.007999999999999997
-0.013000000000000005
-0.002
-0.001
0.0
0.0
0.0
