-39.64000000000068
0.0
0.0
14.029999999999879
7.059999999999885
4.159999999999747
-6.969999999999519
-10.039999999999832
-15.949999999999914
0.12999999999999998
5.430000000000747
2.589999999999842
2.29999999999933
1.5899999999998344
-3.5699999999989225
1.2799999999998264
-21.050000000002083
-11.009999999999833
5.8200000000003875
-4.239999999999946
-3.7500000000011116
6.269999999997456
1.5099999999988005
-4.380000000000185
-32.02999999999856
-13.399999999999803
-8.530000000000008
-4.6700000000004005
1.5400000000008125
-4.770000000000204
1.5299999999995528
5.990000000000016
5.149999999999116
16.249999999999854
6.819999999998117
-3.430000000000204
-1.7200000000003037
0.9499999999997261
0.5499999999999862
-1.5100000000001197
-0.8600000000000001
-11.969999999999946
17.049999999997826
8.090000000000924
1.1499999999999506
-1.3863910020006642E-14
-0.4800000000000144
-4.410000000000192
0.0
10.009999999999831
