-0.2750000000000002
0.0
0.0
0.0
0.0
0.0
0.0
0.0
0.0
0.0
0.0
0.0
0.0
0.0
0.0
0.0
0.0
0.0
0.0
-0.004
-0.04600000000000003
-0.05100000000000003
0.18200000000000013
0.09200000000000007
-0.05100000000000003
0.3110000000000002
-0.23400000000000018
-0.12800000000000009
-0.001
0.0
0.0
0.0
0.0
-0.010000000000000009
0.03899999999999998
0.07999999999999985
-0.06299999999999974
0.14000000000000004
-0.00600000000000096
0.17000000000000007
-0.17400000000000027
0.20100000000000007
-0.3090000000000002
-0.1790000000000001
-0.1530000000000001
0.0
0.0
0.10100000000000008
0.21500000000000016
0.1440000000000001
0.013999999999999704
0.11800000000000008
0.020000000000000174
0.015999999999999494
0.2050000000000001
-0.0680000000000002
0.05600000000000002
0.04499999999999968
0.11100000000000004
-0.07600000000000005
-0.001
0.0
0.17100000000000012
0.19500000000000015
0.2830000000000002
-0.0689999999999997
-0.04800000000000007
-0.03999999999999998
-0.00699999999999922
0.08300000000000005
-0.10899999999999985
0.1420000000000001
-0.06600000000000006
0.24400000000000016
-0.2700000000000002
0.0
0.0
0.1350000000000001
0.061000000000000026
-0.3670000000000003
-0.04299999999999933
-0.18300000000000013
-0.006000000000000223
-0.07799999999999975
0.2680000000000002
-0.09700000000000004
0.14500000000000007
-0.15700000000000014
-0.1470000000000001
-0.09500000000000007
0.0
0.0
0.0
-0.4140000000000003
0.04799999999999989
-0.14900000000000008
0.020000000000000222
-0.04499999999999989
0.16100000000000012
0.02700000000000018
0.06699999999999999
-0.07400000000000007
-0.07900000000000003
0.12900000000000011
0.016000000000000132
0.0
0.0
0.0
-0.049
0.05299999999999988
0.1340000000000001
-0.12100000000000005
0.08400000000000003
-0.06699999999999978
0.12299999999999991
-0.08100000000000002
0.013999999999999572
-0.06600000000000016
0.19200000000000014
0.002000000000000014
-0.002
0.0
0.14500000000000007
-0.25600000000000017
-0.19600000000000012
-0.20600000000000016
-0.03499999999999984
-0.1890000000000001
0.11099999999999974
-0.2930000000000002
0.28700000000000014
0.0649999999999997
0.03800000000000023
-0.006999999999999596
0.09400000000000008
-0.03400000000000002
0.0
0.06600000000000004
0.44700000000000034
0.12300000000000008
0.22800000000000017
-0.20900000000000013
-0.22600000000000015
0.0020000000000004797
0.22900000000000012
-0.0860000000000001
0.12399999999999997
0.21700000000000014
-0.10000000000000002
0.008000000000000179
-0.03400000000000002
0.0
-0.12100000000000008
0.2610000000000002
0.04799999999999999
-0.07399999999999991
0.07700000000000004
-3.972516759986888E-16
-0.07700000000000011
-0.007999999999999905
0.1670000000000001
-0.06800000000000007
-0.03600000000000027
0.23100000000000015
-0.057000000000000016
0.0
0.0
0.001
0.055999999999999994
-0.006000000000000116
0.2500000000000001
0.03500000000000003
0.07699999999999992
0.0880000000000002
-0.00799999999999991
-0.05700000000000001
0.0390000000000003
-0.3720000000000003
0.12600000000000003
0.0
0.0
0.0
0.36300000000000027
0.03400000000000002
0.07300000000000005
0.34600000000000025
0.09100000000000008
0.3030000000000002
0.24000000000000016
0.2980000000000002
-0.22700000000000017
0.1600000000000001
0.2700000000000002
0.0
0.0
0.0
0.0
