-0.006
0.0
0.0
0.0
0.0
0.0
0.0
0.0
0.0
0.0
0.0
0.0
0.0
0.0
0.0
0.0
0.0
0.0
0.0
0.0
0.0
0.0
0.0
0.0
0.0
0.0
0.0
0.0
0.0
0.0
0.0
0.0
0.0
0.0
0.0
0.0
0.0
0.0
0.0
0.0
0.0
0.0
0.0
0.0
0.0
0.0
0.0
0.0
0.0
0.0
0.0
0.0
0.0
0.0
0.0
0.0
0.0
0.0
0.0
0.0
0.0
0.0
0.0
0.0
0.0
0.0
0.0
0.0
0.0
0.0
0.0
0.0
0.0
0.0
0.0
-0.001
-0.002
0.0
0.0
0.0
0.0
0.0
0.0
0.0
0.0
0.0
0.0
0.0
0.0
0.0
0.0
0.0
0.0
-0.004
-0.002
-0.004
-0.006
0.001
-0.003
0.007
0.002
0.008
0.018000000000000002
0.014
0.017
0.014000000000000004
0.008
0.003
0.003
-0.006
-0.004
0.0
0.0
0.0
0.0
0.0
0.0
0.0
0.0
0.0
0.0
0.0
-0.004
0.004
0.007000000000000001
0.034000000000000016
0.020000000000000004
0.004
-0.02500000000000001
-0.019999999999999997
0.008000000000000004
-0.008999999999999994
-0.017999999999999995
0.014000000000000002
0.037000000000000026
-0.020999999999999998
-0.004000000000000001
-0.02500000000000001
-0.011
-0.017
-0.016
-0.002
0.0
0.0
0.0
0.0
0.0
0.0
0.0
0.0
0.0
0.004
0.031000000000000014
0.008
-0.001
0.007000000000000013
-0.015000000000000008
0.023000000000000013
0.019000000000000003
-0.012
-0.002
0.024000000000000007
-0.005
-0.006999999999999999
0.002
-0.017
-0.024000000000000007
-0.021000000000000005
-0.019000000000000003
-0.020000000000000004
-0.011000000000000001
0.0
0.0
0.0
0.0
0.0
0.0
0.0
0.014
0.016
0.04100000000000002
0.022000000000000006
0.04200000000000002
0.012000000000000014
0.01400000000000001
0.033000000000000015
0.013
0.02500000000000001
0.003999999999999997
0.020000000000000018
-0.016999999999999987
-0.011000000000000001
-0.02500000000000001
-0.011000000000000006
-0.009000000000000005
-0.001
0.004999999999999997
0.014000000000000007
-0.013000000000000001
-0.030000000000000013
-0.007
-0.002
0.0
0.0
0.0
0.0
0.0
0.0
0.02600000000000001
0.03900000000000002
0.056000000000000036
0.011000000000000006
0.02600000000000001
0.017000000000000008
0.024
-0.009999999999999998
0.015999999999999973
-0.016000000000000014
0.016999999999999994
0.002999999999999988
-0.0010000000000000018
0.01999999999999997
0.024
0.012
-0.020000000000000004
0.001
-0.018999999999999996
-0.010000000000000002
-0.022000000000000006
-0.008
0.0
0.0
0.0
0.0
0.0
0.0
0.030000000000000013
0.02800000000000001
0.016999999999999998
0.014000000000000009
-0.009999999999999998
-0.06300000000000004
-8.673617379884035E-19
0.036000000000000025
-0.010999999999999996
-0.024
-0.022000000000000006
0.006999999999999997
0.008999999999999994
0.02500000000000001
-0.005000000000000004
-0.04000000000000002
0.0010000000000000035
0.017999999999999995
-0.009000000000000001
-0.001
-0.007000000000000001
-0.02700000000000001
-0.008
0.0
0.0
0.0
0.0
0.0
0.008
0.021000000000000005
0.023000000000000007
0.001
0.022000000000000013
0.016
0.024000000000000007
-0.005
-0.035000000000000024
-0.02100000000000001
0.006999999999999997
0.003
0.004000000000000005
0.023000000000000007
0.023999999999999994
0.006999999999999994
0.020999999999999998
0.007000000000000004
0.012000000000000007
-0.002
-0.006000000000000002
-0.02800000000000001
-0.02500000000000001
-0.008
0.0
0.0
0.0
0.0
0.0
0.008
0.001
0.001
0.003
0.002
-0.010999999999999996
-0.04300000000000003
-0.04400000000000003
-0.04400000000000003
-0.037000000000000026
-0.021000000000000005
-0.007999999999999986
0.0010000000000000018
0.006999999999999986
0.046000000000000034
0.013999999999999985
0.001
0.008000000000000018
-0.0010000000000000035
-0.009000000000000006
-0.028000000000000004
-0.01
-0.012
-0.004
0.0
0.0
0.0
0.0
0.0
0.0
-0.006
-0.012
0.0
0.01
-0.02700000000000001
0.024
-0.0070000000000000106
-0.013000000000000027
-0.017
-0.026999999999999996
0.005999999999999986
0.016
-0.005999999999999997
0.03900000000000002
0.010000000000000012
0.007
-0.0010000000000000009
-0.009000000000000003
0.015000000000000006
-0.023000000000000007
-0.014
0.0
0.0
0.0
0.0
0.0
0.0
0.0
0.0
0.0
-0.011000000000000001
-0.022000000000000006
-0.04100000000000002
-0.04000000000000002
0.007
-0.005000000000000004
-0.04700000000000003
0.032000000000000015
-0.007999999999999997
-0.006999999999999995
0.030000000000000006
0.012
0.01999999999999999
0.015
0.014000000000000002
-0.023000000000000007
-0.001
-0.010000000000000002
-0.019000000000000003
-0.014000000000000002
0.0
0.0
0.0
0.0
0.0
0.0
0.0
0.0
0.0
-0.012
-0.023000000000000007
-0.010000000000000002
-0.008
0.0069999999999999975
-0.030000000000000013
-0.002
0.007000000000000014
0.018999999999999996
0.06500000000000004
0.0020000000000000035
0.013000000000000001
-0.04700000000000003
0.001
0.02700000000000001
0.032000000000000015
-0.013999999999999995
-0.011000000000000001
-0.007000000000000001
0.006
-0.004
0.0
0.0
0.0
0.0
0.0
0.0
0.0
0.0
-0.006
-0.005
-0.020000000000000004
-0.048000000000000036
0.018000000000000002
0.006999999999999987
-0.03700000000000002
-0.016
0.032
0.019999999999999997
9.999999999999957E-4
-0.001
-0.01200000000000001
0.012000000000000004
0.003000000000000002
-0.003999999999999998
-0.010999999999999998
0.006
0.005
-0.007000000000000001
0.013000000000000001
0.0
0.0
0.0
0.0
0.0
0.0
0.0
-0.006
0.001
-0.016
-0.015000000000000001
-0.015000000000000008
-0.0010000000000000009
-0.03500000000000001
-0.020000000000000004
-0.006999999999999993
0.008000000000000004
0.0030000000000000035
0.0020000000000000052
0.003
0.021000000000000005
-0.031000000000000007
0.016
-0.003999999999999993
-0.042000000000000016
0.018000000000000002
-0.014000000000000002
-0.008
0.005
-0.002
0.0
0.0
0.0
0.0
0.0
0.0
0.003
0.006
0.006
0.012000000000000004
-0.003000000000000002
-0.004000000000000001
-0.02700000000000001
-0.007000000000000011
-0.02800000000000001
-0.012999999999999998
-0.010000000000000012
-0.007000000000000008
0.018999999999999996
0.030000000000000027
-0.014999999999999994
0.02500000000000001
0.016999999999999987
0.008999999999999998
-9.999999999999974E-4
0.009000000000000001
-0.019000000000000003
-0.014000000000000004
-0.011000000000000001
0.0
0.0
0.0
0.0
0.0
0.0
-0.004000000000000001
0.014
-0.002
-0.031000000000000014
0.006000000000000002
-0.013999999999999999
0.008000000000000002
-0.023000000000000007
-0.004999999999999994
-0.032000000000000015
-0.015
-0.007000000000000007
-0.005000000000000002
0.013000000000000001
0.016999999999999994
0.02800000000000001
-0.004000000000000014
0.0010000000000000009
-0.014
0.034000000000000016
-0.013000000000000003
-0.014
-0.009000000000000001
0.0
0.0
0.0
0.0
0.0
0.0
0.017
0.021000000000000005
0.029000000000000012
0.033000000000000015
6.938893903907228E-18
0.015000000000000008
-0.016
-0.0040000000000000105
-0.023000000000000007
-0.05600000000000004
-0.015999999999999993
-0.04500000000000004
0.010000000000000012
-0.009999999999999995
-0.026000000000000016
0.01299999999999999
-0.009000000000000005
0.03800000000000003
-0.019000000000000003
0.018000000000000002
-0.03600000000000002
-0.009000000000000001
-0.006
0.0
0.0
0.0
0.0
0.0
0.0
0.017000000000000005
0.054000000000000034
0.044000000000000025
0.022000000000000006
0.056000000000000036
-0.01900000000000001
-0.001000000000000014
-0.03500000000000002
-0.027000000000000017
0.014999999999999996
-0.021000000000000005
-0.031000000000000014
-0.006000000000000007
0.023000000000000013
0.001000000000000007
0.020000000000000004
0.024000000000000007
0.008
0.003999999999999997
0.002
-0.016
-0.016999999999999998
-0.014
-0.002
0.0
0.0
0.0
0.0
0.002
0.016
0.017000000000000008
0.07800000000000006
-0.010999999999999996
0.01600000000000002
0.007
-0.005000000000000014
-0.009000000000000005
-0.015999999999999993
-0.024
0.021000000000000005
0.013999999999999999
0.02100000000000001
-0.014999999999999993
0.007
0.031000000000000014
0.015000000000000008
0.011
9.999999999999992E-4
-0.020000000000000004
-0.008
9.999999999999992E-4
-0.004
-0.002
0.0
0.0
0.0
0.0
0.001
0.008
-0.001
0.029000000000000012
0.06100000000000004
-0.009000000000000001
0.020000000000000004
0.017
0.007
0.013000000000000001
-0.04300000000000002
-0.019000000000000003
0.020999999999999998
0.044000000000000025
-0.006000000000000004
0.018000000000000023
-0.012000000000000005
0.013999999999999999
-0.005999999999999998
0.002
-0.017
0.008
-0.010000000000000002
-0.001
-0.002
0.0
0.0
0.0
0.0
0.001
0.001
0.024000000000000007
-0.009000000000000001
0.012000000000000007
0.008
0.007999999999999997
-0.01000000000000001
0.005
0.027000000000000003
0.0040000000000000036
-0.015999999999999993
0.015
-0.04100000000000003
-0.002000000000000006
0.0010000000000000078
-0.016999999999999994
0.001
-0.009999999999999997
0.032000000000000015
-0.030000000000000013
-0.001
-0.006
-0.002
0.0
0.0
0.0
0.0
0.0
0.0
0.024000000000000007
0.032000000000000015
0.045000000000000026
0.014
0.006
0.006000000000000004
0.03500000000000002
0.003
0.011999999999999993
0.02099999999999999
0.0030000000000000174
0.0040000000000000036
-0.01900000000000001
0.013999999999999993
-0.01800000000000001
-0.035000000000000024
0.025
0.016
-0.019000000000000003
-0.016
0.0
0.0
0.0
0.0
0.0
0.0
0.0
0.0
0.0
0.02600000000000001
0.007
0.012000000000000004
0.02500000000000001
0.020000000000000004
0.016
0.05800000000000004
0.009000000000000001
0.020000000000000004
0.010999999999999994
-0.0010000000000000018
0.02500000000000001
0.022000000000000013
-1.734723475976807E-18
-0.01
0.003
-0.005
0.005
-0.018000000000000002
0.002
0.005
-0.002
0.0
0.0
0.0
0.0
0.0
0.0
0.0
0.0
0.004
-0.002
-0.001
0.008
0.012
0.010000000000000002
-0.004
0.007999999999999993
0.030000000000000013
0.03500000000000002
0.02500000000000001
-0.009999999999999998
-0.022000000000000006
-0.001
0.012
0.008
0.018000000000000002
-0.004
0.006
0.0
0.0
0.0
0.0
0.0
0.0
0.0
0.0
0.0
0.0
0.0
0.0
0.0
0.0
-0.002
-0.001
-0.004
-0.001
-0.003
-0.008
0.002
0.002
0.007
0.006
0.004
0.004
0.004
0.008
0.0
0.0
0.0
0.0
0.0
0.0
0.0
0.0
