-2.1089999999998787
0.0
0.0
-0.4930000000000003
0.7640000000000006
0.3850000000000003
0.27400000000000024
-0.011000000000000003
-0.4250000000000003
0.0
0.21700000000000014
0.12199999999998636
0.08500000000001225
0.13300000000004025
-0.10600000000000584
0.1509999999999984
0.07899999999999979
0.21100000000000016
0.4200000000000002
-0.0399999999999884
-0.05700000000002785
0.1520000000000023
0.08300000000003137
-0.19399999999999978
0.044000000000000976
0.0
-0.5220000000000004
-0.07600000000001181
0.01800000000000389
-0.16200000000000025
0.06000000000000899
0.14999999999999392
-0.27900000000000025
0.18600000000000014
0.23099999999999998
-0.06799999999999426
-0.12100000000004388
-0.002000000000003957
0.1029999999999851
0.04900000000000243
0.020000000000000392
-0.11300000000000007
0.5900000000000004
0.1070000000000065
0.271
0.20499999999999757
-0.01699999999999849
0.05500000000000148
0.0
0.47900000000000037
