-0.34000000000000014
0.0
0.0
0.0
0.0
0.0
0.0
0.0
0.0
0.0
0.0
0.0
0.0
0.0
0.0
0.0
0.0
0.0
0.0
0.0
0.0
0.0
0.0
0.0
0.0
0.0
0.0
0.0
0.0
0.0
0.0
0.0
0.0
0.0
0.0
0.0
0.0
0.0
0.0
0.0
0.0
0.0
0.0
0.0
0.0
0.0
0.0
0.0
0.0
0.0
0.0
0.0
0.0
0.0
0.0
0.0
0.0
0.0
0.0
0.0
0.0
0.0
0.0
0.0
0.0
0.0
0.0
0.0
0.0
0.0
0.0
-0.02
-0.02
-0.02
0.0
0.0
0.0
0.0
0.0
0.0
0.0
0.0
0.0
0.0
0.0
0.0
0.0
0.0
0.0
0.0
0.0
0.0
0.0
0.0
0.0
0.0
-0.04
0.07
0.07
0.07
0.12999999999999998
0.04
-0.04000000000000001
0.04
0.25000000000000006
0.47000000000000025
0.009999999999999997
-0.04000000000000001
-0.09999999999999999
-0.16
-0.09
0.0
0.0
0.0
0.0
0.0
0.0
0.0
0.0
0.0
0.0
0.0
-0.03
-0.03
0.11999999999999998
0.08
0.09
0.20000000000000004
-0.09
0.07
0.15
0.19000000000000003
0.09999999999999999
0.05
0.09
3.469446951953614E-18
3.469446951953614E-18
-0.22000000000000006
-0.19000000000000003
-0.09999999999999999
-0.019999999999999997
-0.02
0.0
0.0
0.0
0.0
0.0
0.0
0.0
0.0
-0.02
0.07
-0.05
0.04
-0.19000000000000003
0.2900000000000001
0.23000000000000004
-0.05
0.07
-0.3200000000000001
0.019999999999999997
0.3300000000000001
-0.13999999999999999
-0.05
-0.05000000000000001
-0.17
0.060000000000000005
-0.17
-0.060000000000000005
-0.16
-0.03
0.0
0.0
0.0
0.0
0.0
0.0
0.0
0.01
0.009999999999999997
0.26000000000000006
-3.469446951953614E-18
0.09999999999999999
0.23000000000000004
-0.060000000000000005
0.2900000000000001
0.09999999999999999
0.26000000000000006
-0.04
0.22000000000000003
0.21000000000000005
-0.17
-0.019999999999999997
0.17
0.10999999999999999
0.13999999999999999
-0.11999999999999998
-0.009999999999999997
-0.18000000000000002
-0.18000000000000002
-0.08
0.0
0.0
0.0
0.0
0.08
0.0
0.019999999999999997
0.08
0.07
0.16
-3.469446951953614E-18
0.47000000000000025
-0.07
-0.09
0.21000000000000005
0.2700000000000001
-0.08
0.09999999999999999
0.23000000000000007
0.08
0.24000000000000005
0.08
0.08
-0.20000000000000004
-0.04
0.05
-0.060000000000000005
-0.24000000000000007
-0.17
0.0
0.0
0.0
0.0
0.0
-0.01
0.17
0.22000000000000006
0.23000000000000007
0.12999999999999998
0.08
-0.23000000000000004
0.020000000000000004
0.17
-0.23000000000000004
-0.060000000000000005
-0.010000000000000004
-0.019999999999999997
-0.04000000000000001
0.20000000000000004
-0.2700000000000001
-0.16
0.11999999999999998
0.2800000000000001
0.009999999999999997
0.13999999999999999
-0.07
-0.12999999999999998
-0.09999999999999999
0.0
0.0
0.0
0.0
0.0
-0.01
0.20000000000000004
0.25000000000000006
-0.04000000000000001
0.4000000000000002
0.09
0.06000000000000001
-0.03
-0.34000000000000014
-0.2900000000000001
0.07
0.3200000000000001
-0.24000000000000007
0.12999999999999998
0.4100000000000002
0.11999999999999998
0.05
0.05
-3.469446951953614E-18
-0.04
0.17
-0.09999999999999999
-0.20000000000000004
-0.17
0.0
0.0
0.0
0.0
0.0
0.0
0.04
0.03
-0.010000000000000004
-0.010000000000000004
0.07
0.11999999999999998
-0.16
0.03
-0.18000000000000002
-0.23000000000000004
-3.469446951953614E-18
-0.05
-0.07
0.4300000000000002
-0.019999999999999997
0.08
0.3100000000000001
0.05
-0.08
-0.019999999999999997
-0.019999999999999997
-0.18000000000000002
-0.03
0.0
0.0
0.0
0.0
0.0
0.0
0.03
-0.05
-0.10999999999999999
-0.16
-0.10999999999999999
-0.21000000000000005
-0.36000000000000015
-0.2800000000000001
-0.19000000000000003
-0.07
0.060000000000000005
0.4200000000000002
0.09999999999999999
0.18000000000000002
-0.17
0.05
0.23000000000000007
0.019999999999999997
-0.019999999999999997
0.06000000000000001
-0.03
-0.04
-0.02
0.0
0.0
0.0
0.0
0.0
0.0
0.0
-0.10999999999999999
-0.24000000000000007
-0.3300000000000001
0.07
-0.04
-0.24000000000000005
-0.10999999999999999
0.5000000000000002
-0.03
-0.13999999999999999
-0.019999999999999997
-0.010000000000000004
0.060000000000000005
-0.08
0.34000000000000014
0.15
-0.2900000000000001
-0.18000000000000002
-0.19000000000000003
3.469446951953614E-18
-0.04
0.0
0.0
0.0
0.0
0.0
0.0
0.0
0.0
-0.05
-0.20000000000000004
0.08
-0.060000000000000005
0.010000000000000004
0.11999999999999998
-0.07
-0.3100000000000001
-0.09
0.37000000000000016
0.09
0.09999999999999999
-0.20000000000000004
0.15
0.10999999999999999
0.07
-0.03
-0.07
-0.17
-0.13999999999999999
-0.02
0.0
0.0
0.0
0.0
0.0
0.0
0.0
0.0
-0.03
-0.09
-0.08
-0.18000000000000002
0.08
0.060000000000000005
-0.4100000000000002
-0.03
0.24000000000000005
-0.019999999999999997
0.19000000000000003
-0.060000000000000005
-0.2900000000000001
0.3300000000000001
-0.3000000000000001
0.05
0.16
-0.07
0.010000000000000004
-0.20000000000000004
-0.02
-0.04
-0.04
0.0
0.0
0.0
0.0
0.0
-0.05
0.030000000000000006
-0.15
-0.019999999999999997
-0.26000000000000006
0.18000000000000002
0.09
-0.09999999999999999
0.15
-0.010000000000000004
0.19000000000000003
-0.13999999999999999
0.2800000000000001
0.16
-0.060000000000000005
0.09
0.08
-0.09999999999999999
-0.009999999999999997
0.07
0.019999999999999997
-0.03
-0.03
0.15
0.0
0.0
0.0
0.0
0.03
-0.05
-0.060000000000000005
0.05000000000000001
0.09999999999999999
-0.48000000000000026
-0.4100000000000002
-0.010000000000000004
0.16
-0.09
-0.20000000000000004
-0.18000000000000002
0.24000000000000005
0.13999999999999999
-0.13999999999999999
-0.09
-0.23000000000000007
0.35000000000000014
-0.05
-0.2700000000000001
0.16
-0.05000000000000001
-0.12999999999999998
-0.03
0.0
0.0
0.0
0.0
0.0
0.03
0.03
0.20000000000000004
0.05
-0.12999999999999998
-0.26000000000000006
-0.3000000000000001
0.09999999999999999
-0.37000000000000016
-0.13999999999999999
0.08
-0.07
-0.19000000000000003
-0.07
0.009999999999999997
0.09
0.3300000000000001
0.19000000000000003
-0.010000000000000004
-0.25000000000000006
0.26000000000000006
-0.18000000000000002
-0.18000000000000002
-0.03
0.0
0.0
0.0
0.0
0.0
0.02
0.12999999999999998
0.17
0.11999999999999998
0.19000000000000003
-0.09999999999999999
-0.009999999999999997
-0.019999999999999997
-0.09
-0.07
-0.46000000000000024
-0.2700000000000001
-0.2800000000000001
-0.26000000000000006
0.17
-0.15
-0.010000000000000004
-0.09
-0.07
0.09999999999999999
0.20000000000000004
-0.11999999999999998
-0.19000000000000003
0.0
0.0
0.0
0.0
0.0
0.0
-0.21000000000000005
-0.010000000000000004
0.38000000000000017
0.2800000000000001
0.26000000000000006
0.5100000000000002
0.11999999999999998
0.11999999999999998
-0.37000000000000016
-0.25000000000000006
0.16
-0.24000000000000007
-0.03
-0.04000000000000001
0.3100000000000001
-0.16
-0.010000000000000004
0.20000000000000004
0.23000000000000004
-0.15
0.09
-0.19000000000000003
-0.18000000000000002
-0.03
0.0
0.0
0.0
0.0
0.0
-0.21000000000000005
0.010000000000000004
0.4200000000000002
0.36000000000000015
0.22000000000000003
0.09
0.21000000000000005
-0.24000000000000005
-0.5000000000000002
-0.019999999999999997
0.05
-3.469446951953614E-18
0.11999999999999998
0.21000000000000005
-0.04
0.12999999999999998
0.3100000000000001
-0.11999999999999998
0.22000000000000006
0.23000000000000004
0.13999999999999999
-0.060000000000000005
-0.15
-0.09999999999999999
0.0
0.0
0.0
0.0
0.0
0.01
0.17
-0.05000000000000001
0.09999999999999999
0.38000000000000017
-0.16
-0.07
0.04
-0.03
-0.09
-0.18000000000000002
0.019999999999999997
0.009999999999999997
-0.07
-0.13999999999999999
0.07
-0.24000000000000005
-3.469446951953614E-18
0.10999999999999999
0.2900000000000001
-0.3100000000000001
0.060000000000000005
-0.12999999999999998
-0.07
0.0
0.0
0.0
0.0
0.0
0.01
0.02
0.21000000000000005
-0.17
-0.20000000000000004
-0.21000000000000005
0.4100000000000002
-0.10999999999999999
0.03
-0.16
-0.020000000000000004
-0.10999999999999999
-0.009999999999999997
0.22000000000000006
0.10999999999999999
0.3300000000000001
-0.21000000000000005
0.009999999999999997
-0.15
0.060000000000000005
-0.019999999999999997
-0.05
-0.08
-0.07
0.0
0.0
0.0
0.0
0.0
0.01
0.22000000000000006
0.2700000000000001
0.22000000000000006
-0.07
0.030000000000000006
-0.03
0.13999999999999999
0.010000000000000004
0.23000000000000004
-0.15
0.24000000000000005
0.18000000000000002
0.11999999999999998
-0.25000000000000006
-0.12999999999999998
-0.34000000000000014
0.18000000000000002
0.16
-0.009999999999999997
-0.20000000000000004
-0.01
0.0
0.0
0.0
0.0
0.0
0.0
0.0
0.0
0.22000000000000006
0.15
0.2700000000000001
0.16
0.24000000000000007
0.009999999999999997
0.20000000000000004
0.18000000000000002
0.17
0.09
0.009999999999999997
-0.010000000000000004
0.20000000000000004
0.04
-0.060000000000000005
0.18000000000000002
0.05
-0.23000000000000007
-0.16
-0.04
0.0
0.0
0.0
0.0
0.0
0.0
0.0
0.0
0.0
0.0
0.060000000000000005
-0.019999999999999997
-0.060000000000000005
0.25000000000000006
0.23000000000000007
0.3300000000000001
-0.010000000000000004
0.10999999999999999
0.12999999999999998
0.20000000000000004
0.20000000000000004
-0.09
0.019999999999999997
-0.07
0.019999999999999997
-0.05
-0.009999999999999997
-0.09999999999999999
0.0
0.0
0.0
0.0
0.0
0.0
0.0
0.0
0.0
0.0
0.0
0.0
0.0
0.0
0.0
-0.02
-0.03
0.08
0.08
-0.05
0.009999999999999997
0.13999999999999999
0.20000000000000004
-0.02
-0.15
-0.15
-0.03
-0.03
0.0
0.0
0.0
0.0
0.0
0.0
0.0
0.0
0.0
