-0.5230000000000004
0.0
0.0
0.0
0.0
0.0
0.0
0.0
0.0
0.0
0.0
0.0
0.0
0.0
0.0
0.0
0.0
0.0
0.0
0.0
-0.024000000000000007
0.004000000000000007
0.17000000000000012
0.06900000000000005
-0.12300000000000005
0.43900000000000033
-0.1320000000000001
0.09400000000000007
0.0
0.0
0.0
0.0
0.0
-0.07100000000000005
0.06700000000000005
0.07799999999999997
-0.23300000000000018
0.01599999999999989
0.12900000000000003
-0.08400000000000063
0.01899999999999976
-0.16200000000000017
-0.22600000000000017
-0.2070000000000001
-0.32300000000000023
0.0
0.0
0.05800000000000004
0.2610000000000002
0.2630000000000002
0.10800000000000001
0.10800000000000007
-0.034999999999999164
-9.999999999999974E-4
0.07200000000000013
-0.04200000000000134
0.06400000000000004
-0.12600000000000014
0.11100000000000004
-0.5380000000000004
0.0
0.0
0.1300000000000001
-0.15700000000000003
0.16900000000000004
-0.15900000000000006
0.023999999999999
-0.0840000000000006
0.10300000000000023
0.01899999999999963
-0.07099999999999992
0.10300000000000006
-0.01300000000000073
0.3760000000000003
-0.18700000000000014
0.0
0.0
0.08800000000000006
0.6240000000000004
-0.21200000000000055
-0.01999999999999997
-0.24600000000000016
-0.0899999999999998
1.2663481374630692E-15
0.2890000000000002
-0.15400000000000014
0.20800000000000013
-0.5380000000000004
-0.2110000000000002
-0.25600000000000017
0.0
-0.060000000000000046
-0.24000000000000019
-0.44300000000000034
-0.2640000000000002
-0.29400000000000026
0.1020000000000002
-0.11199999999999993
0.11600000000000013
-0.0739999999999999
0.08599999999999998
0.02599999999999899
-0.01999999999999988
0.0119999999999998
0.17900000000000013
0.0
-0.060000000000000046
-0.1810000000000001
-0.3060000000000002
0.3170000000000003
0.14100000000000004
-0.07799999999999993
0.15700000000000008
-0.014999999999999021
0.1620000000000001
-0.1970000000000001
0.03099999999999974
0.07300000000000001
0.1320000000000001
-0.0019999999999999966
0.0
0.0
-0.16100000000000014
-0.2110000000000003
-0.24400000000000016
-0.2640000000000002
-0.11300000000000007
-0.1590000000000001
-0.05400000000000002
-0.18200000000000016
0.2000000000000002
0.11300000000000004
0.0010000000000001327
-0.18099999999999988
0.11600000000000009
0.0
0.0
-0.09800000000000007
0.7020000000000005
0.2420000000000002
0.1910000000000002
-0.06300000000000007
-0.1860000000000001
-0.03799999999999984
0.14500000000000007
0.061000000000000054
0.06500000000000006
0.10400000000000001
0.26400000000000023
0.04900000000000018
-0.004
0.0
-0.16800000000000012
0.4100000000000003
0.134
0.16000000000000028
-0.01899999999999995
-0.022999999999999955
0.05299999999999984
0.06800000000000017
0.13100000000000012
0.08299999999999999
-0.05300000000000063
0.3110000000000003
-0.01
0.0
0.0
0.19500000000000015
0.06000000000000001
0.04499999999999958
0.08400000000000002
0.21300000000000016
0.13400000000000012
0.08700000000000005
0.079
-0.14800000000000008
0.4300000000000003
-0.2430000000000002
-0.10700000000000008
0.0
0.0
0.0
0.31900000000000023
0.012
0.049000000000000044
0.5890000000000004
0.2790000000000002
0.16800000000000015
0.4360000000000004
-0.3860000000000003
-0.3170000000000002
0.20300000000000015
-0.07900000000000006
-0.034000000000000016
0.0
0.0
0.0
