-24574.368004547705
0.0
0.0
0.0
0.0
0.0
0.0
0.0
0.0
0.0
0.0
0.0
0.0
0.0
0.0
0.0
0.0
0.0
0.0
0.0
0.0
0.0
0.0
0.0
0.0
0.0
0.0
0.0
0.0
0.0
0.0
0.0
0.0
0.0
0.0
0.0
0.0
-19.97399999999981
-29.965000000000728
-19.97600000000143
-79.92599999999513
-29.98700000000073
-59.92200000002727
-19.97400000000143
-79.91399999999516
-79.90700000000076
-59.94200000000186
-39.94900000000023
-39.95000000000286
-19.975999999999807
-9.987999999999904
0.0
0.0
0.0
0.0
0.0
0.0
0.0
0.0
0.0
0.0
0.0
0.0
0.0
0.0
-19.975999999999807
-79.90399999999518
-69.9159999999976
-119.88000000000415
-229.7720000005115
-319.623000000437
-409.5330000005445
-709.1749999961778
-868.973999991607
-1188.56099998415
-1318.3519999802404
-1528.1369999756555
-1248.4599999821453
-878.9339999908406
-519.3629999996816
-229.72300000047957
-109.87499999994672
-29.962000000000728
-19.975999999999807
0.0
0.0
0.0
0.0
0.0
0.0
0.0
0.0
0.0
-39.95600000000287
-99.89599999998147
-189.7830000002356
-289.6970000004709
-539.3769999995333
-869.018999991447
-1388.4609999794498
-1907.87399996708
-2627.116999982536
-3456.036000020821
-4265.137000085718
-4324.983000108763
-4085.3090000656075
-3346.1440000267676
-2437.2579999795985
-1508.3679999765534
-679.2959999955243
-399.58600000062233
-139.8499999999917
-99.88199999994862
0.0
0.0
0.0
0.0
0.0
0.0
0.0
0.0
-39.99000000000291
-179.80400000013046
-239.72000000044684
-149.84100000020578
-609.3359999983951
-1049.0539999864498
-1498.6229999758978
-2327.939999978012
-3666.5990000245333
-5174.7980002819895
-6443.592000562373
-7152.592000720355
-7751.9210008344
-7911.6350008530235
-6443.419000570873
-5064.772000276296
-4095.7030000310865
-2287.657999971571
-1278.724999982074
-679.3169999965404
-369.6030000006496
-79.9379999999951
0.0
0.0
0.0
0.0
0.0
-19.975999999999807
10.012999999999888
-10.00600000000013
-89.89199999998225
-279.6540000005631
-669.3989999972724
-959.2849999895558
-1718.572999971095
-2977.555999998298
-4725.906000176227
-6923.763000622142
-9231.229001105146
-10330.284001374283
-12048.04000171731
-12607.551001833477
-12007.900001723474
-11148.677001519034
-9140.698001102635
-6803.127000622745
-4804.957000190155
-3416.3860000095374
-2117.758999965772
-1428.394999979225
-439.5420000009295
-139.86399999993972
0.0
0.0
0.0
0.0
-19.97399999999981
59.95600000002731
-30.00700000000073
-249.79500000050834
-429.6659999997286
-1059.199999987473
-2377.9069999678954
-4206.314000040776
-6214.627000473966
-8682.201000992249
-11399.239001563643
-14436.07000219019
-16123.797002554942
-16074.009002574754
-16703.303002688994
-15304.914002420315
-14395.638002209793
-12307.659001756716
-9420.494001153977
-7092.914000669663
-4545.181000172819
-3506.065000007677
-2117.5989999658514
-938.9359999904444
-249.7480000005081
-79.94399999999509
0.0
-19.97399999999981
0.002
-39.946000000002854
-59.936000000027285
-389.57500000086804
-809.1519999932392
-1738.2209999713698
-3087.0939999860984
-5105.014000243728
-8621.488000973419
-11228.794001545606
-14585.306002227988
-18321.288002981633
-19699.78500329594
-20348.945003436897
-20818.338003525838
-20608.568003484932
-20139.127003373793
-17931.447002920395
-15643.88400243656
-12107.661001706612
-8641.159001012118
-6403.295000533738
-4075.6750000599186
-2707.0679999851504
-1408.4639999793906
-339.6530000004199
-69.97900000001142
0.0
-19.97399999999981
-29.959000000000728
-109.8559999999895
-269.6590000005568
-739.0709999942923
-1867.8479999680658
-3206.633000010722
-5454.279000343241
-8291.607000943068
-11787.857001676828
-15613.70800246507
-19239.778003203668
-20228.96800342819
-21117.852003607855
-20608.40200350758
-20498.519003466063
-19759.299003319513
-18690.815003111726
-18710.62700309348
-16612.753002652065
-12976.630001913712
-10419.435001369277
-7252.617000711706
-4375.455000118437
-2457.5069999809402
-1228.7399999832508
-389.6540000010444
-59.978000000027336
0.0
-19.97399999999981
-69.90400000001152
-199.7570000002621
-439.41999999982704
-1268.4539999820329
-2696.9839999885976
-4285.38200011702
-6792.798000660671
-10379.017001404061
-14794.439002302512
-18590.29500307814
-20228.98300342411
-20338.79600344597
-19309.977003232194
-18670.46400308229
-17981.38700292521
-17341.881002808943
-17332.223002827446
-17251.933002812613
-16662.622002670192
-13476.19500201942
-9410.470001196412
-6813.112000618498
-4285.659000052915
-2038.0429999644107
-929.0919999911848
-189.8560000001976
-19.981999999999804
0.0
0.0
-39.94400000000023
-139.82200000004354
-489.37399999943364
-1358.414999979567
-2737.078000001575
-4894.764000246347
-7961.515000885788
-11887.433001700125
-16822.258002699793
-18889.990003145107
-19399.965003245972
-18371.06600301901
-16433.060002599632
-15154.72600232506
-14485.888002198813
-14984.903002320048
-16932.651002731065
-17831.466002917514
-16842.099002710132
-13356.106002001477
-9230.693001137803
-5654.315000368982
-2847.4619999765555
-1059.208999987864
-349.7480000006132
-49.96500000000693
0.0
0.0
0.0
-39.94400000000285
-119.86200000000413
-499.3919999998214
-1498.3859999767328
-2567.414999993348
-4854.873000235813
-8840.657001046866
-12786.591001877423
-16372.697002624338
-17231.97700281358
-16263.480002604892
-14326.230002176446
-13187.237001912283
-12158.46100170991
-13107.424001915077
-16363.264002580812
-19090.31000315247
-18980.067003151584
-16552.60900267038
-13086.379001936248
-8481.351000969777
-4795.263000158821
-1778.6129999706004
-769.4999999948195
-219.85400000035477
-39.96500000000288
-19.975999999999807
0.0
0.0
-19.97399999999981
-99.87799999998148
-489.431000000969
-1308.635999981454
-2377.6639999839026
-5454.404000333182
-9220.399001124462
-12706.736001872448
-15623.860002486665
-16023.805002560335
-13596.559002053713
-12348.427001752607
-13297.005001916565
-13167.362001935595
-15794.043002475719
-20208.942003372627
-21467.706003651372
-19179.89200322459
-16762.16800270901
-12536.749001811664
-7941.900000825697
-3756.457000010234
-1478.8109999771732
-679.5209999959256
-249.83300000050852
-30.01000000000073
-19.975999999999807
0.0
0.0
-9.986999999999904
-39.955000000000226
-329.66100000058384
-989.0679999885505
-2307.957999976645
-5274.672000304797
-9290.421001149829
-12946.604001928918
-15184.470002395099
-14515.319002256569
-14276.162002160123
-14735.527002222301
-16683.00900263401
-16633.316002683583
-20278.85900342356
-23894.90700414309
-21307.93200366675
-19149.73600322097
-16072.857002549994
-11348.339001555183
-7072.868000653022
-3516.7340000161416
-1728.479999971233
-849.3409999920318
-249.81400000053756
-39.99800000000292
0.0
0.0
0.0
-19.97399999999981
-29.97100000000073
-239.79900000047758
-829.2739999921322
-2687.519999984768
-5624.420000369313
-9530.214001203907
-12826.838001907181
-15084.450002372527
-15813.74100250617
-16483.590002613022
-18670.86300305439
-20468.346003458653
-21057.923003623266
-24433.885004292526
-24913.626004379905
-20858.336003588083
-18800.288003125173
-14065.300002142165
-9230.774001150727
-6533.3720005580235
-3546.44600002869
-2098.156999965237
-959.228999989701
-279.7780000005187
-59.976000000027334
0.0
0.0
0.0
0.0
-19.97399999999981
-139.87000000004377
-739.3049999946603
-3037.172999990768
-5864.170000431148
-9720.108001232955
-13056.432001943564
-14744.861002319536
-16852.722002732582
-19170.245003182827
-21956.654003760606
-22425.96900391426
-24323.669004303334
-26630.96500474678
-23145.687004053507
-20329.109003476344
-17132.090002773653
-12217.52300175496
-8851.323001054547
-6213.9040004915205
-3936.251000045114
-2417.8569999757847
-1009.1219999879767
-309.72800000041315
-69.9340000000115
0.0
0.0
0.0
0.0
39.962000000002874
-129.85399999991995
-889.1309999917892
-3216.869999990813
-6093.902000475907
-9190.71900112942
-12377.373001808115
-15303.949002418918
-18071.222002975337
-20698.00800350559
-21836.32000376702
-24413.454004300187
-25831.82300459988
-26441.15300470341
-23075.613004026694
-19499.590003281177
-15214.192002383552
-11568.364001605672
-8081.962000890624
-5604.647000388681
-3856.2460000462083
-2507.6269999805772
-1258.9129999821896
-399.61700000025047
-79.94400000000074
0.0
0.0
0.0
0.0
19.9859999999998
-49.94500000000691
-579.4939999986906
-3076.983999992665
-5814.232000419933
-8711.183001026602
-11538.080001620987
-14095.441002162523
-18041.20100294493
-19449.401003248204
-21277.129003631733
-24183.85600422674
-25192.584004446646
-23594.781004137603
-22975.826003974315
-17981.324002967
-14475.315002209754
-10499.83000138091
-7143.103000725737
-5744.356000395594
-3796.3650000432945
-2297.8929999781476
-1538.6129999756454
-489.47999999968914
-119.8699999999531
-19.975999999999807
0.0
0.0
0.0
-39.97800000000289
9.985000000000296
-419.6320000004591
-2457.5949999844497
-4805.501000237954
-7602.504000805551
-10519.36400139592
-13676.053002050638
-15973.670002539604
-17861.37200292967
-20827.874003526576
-23045.11000398799
-23894.008004179723
-23195.142004030433
-21537.240003669376
-17781.54000289991
-13066.75500193183
-9630.646001222502
-7382.863000746127
-4895.254000248313
-3606.4900000353746
-2397.743999980119
-1458.553999977724
-509.47500000076576
-139.8599999999397
-59.952000000027304
0.0
0.0
0.0
9.948000000000057
149.77099999996278
-199.8520000003354
-1928.2429999657559
-4176.142000119864
-6593.57300061207
-9320.80600117365
-12797.141001894108
-15464.275002451102
-17541.837002878827
-19758.8570033338
-22715.58600392815
-22855.484003970556
-21956.569003774377
-19769.13900330959
-15793.936002497754
-12167.905001748244
-8721.60300104272
-6314.091000543058
-4705.409000180402
-2827.4290000077463
-2038.0559999637328
-1288.7139999820104
-389.579000000868
-19.97399999999981
-39.97600000000289
0.0
0.0
0.0
39.93600000000285
209.73200000029067
-40.01300000000568
-1408.7819999785008
-3926.329000050347
-6204.076000518562
-8991.28400110287
-12427.728001826772
-14974.908002372305
-17611.824002904425
-19799.021003351252
-22176.295003825646
-20937.685003589264
-19529.38600328197
-17122.411002773137
-13996.011002125417
-10689.416001436004
-7692.766000821311
-5754.533000399805
-3776.4200000491314
-2337.7419999792073
-1668.3139999722628
-948.9349999898565
-369.61000000080446
-19.995999999999796
0.0
0.0
0.0
0.0
59.926000000001864
219.75400000035432
-0.1310000000000001
-1029.1599999886148
-2577.6669999898304
-5425.073000328821
-8132.127000902669
-11598.902001637149
-14315.531002220168
-18011.32600295824
-20108.828003384995
-20977.592003565038
-19579.475003282012
-17162.34700278133
-15334.57600237303
-11768.60700163819
-8402.332000953018
-6154.322000482268
-4246.09900010406
-3296.7250000114163
-2047.9959999636758
-1098.8229999857037
-619.3479999973945
-139.85600000009572
-39.961000000002876
0.0
0.0
0.0
0.0
79.89799999999519
189.73600000023538
269.6000000005517
-659.5659999996931
-1838.5869999695208
-4286.184000050884
-6983.292000638412
-10110.281001296358
-13676.353002041986
-15124.961002361422
-17192.452002770853
-17182.328002777707
-15674.192002470778
-13676.470002052061
-11149.470001515905
-8562.212000982623
-6444.472000541218
-4156.449000105723
-3446.8350000197997
-2118.03399996646
-1378.6409999793202
-749.2139999945406
-399.56500000043644
-119.89600000000414
-19.995999999999796
0.0
0.0
0.0
0.0
39.95000000000286
109.85499999994676
259.64000000053164
-120.09199999979896
-789.715999994537
-2468.0229999751905
-4396.228000134523
-7233.315000722132
-10150.199001320141
-11288.883001582093
-12707.33800186103
-12437.507001811275
-11568.506001634225
-9980.43700129717
-7443.155000797766
-6524.067000565481
-4715.767000187075
-2887.358000014922
-2137.8549999679444
-1438.704999977979
-809.1739999930679
-339.6440000004199
-159.81000000003496
-19.977999999999806
0.0
0.0
0.0
0.0
0.0
0.0
19.975999999999807
19.90499999999984
-60.062999999950726
-619.5309999973902
-1498.6499999761738
-2947.2170000064098
-4974.9310002489465
-6773.056000634216
-7622.32800083078
-8870.727001056055
-8371.350000962055
-8381.245000941444
-6873.0850006374285
-5734.365000416982
-4695.242000179603
-3426.3990000051813
-1898.1189999666112
-1348.6729999795257
-759.2989999933224
-439.5780000000472
-229.76100000041646
-59.93000000002728
0.0
0.0
0.0
0.0
0.0
0.0
0.0
19.981999999999804
-9.999000000000116
-279.7960000005856
-519.5379999999433
-1208.7989999835831
-1678.2219999712593
-2846.9540000084326
-3645.91300007701
-4215.107000108641
-4434.851000134781
-4295.21400010051
-4335.080000096745
-3486.1680000350275
-2966.627000015072
-2207.500999971851
-1758.0309999709168
-859.0909999910979
-679.3399999955233
-419.5590000002551
-229.7710000004165
-109.87499999994672
-59.9480000000273
0.0
0.0
0.0
0.0
0.0
0.0
0.0
0.0
-39.96600000000288
-119.90299999995307
-349.6380000006132
-669.237999996451
-1028.8209999874152
-1388.3879999790536
-1777.858999969531
-2047.5359999634168
-1967.6339999652957
-1637.9779999729835
-1598.0309999743938
-1598.0539999747389
-1178.5439999837292
-1018.7839999875645
-779.1239999943365
-309.6790000003384
-229.75800000047977
-159.82800000017158
-69.94699999999763
-59.920000000027265
0.0
0.0
0.0
0.0
0.0
0.0
