-1.413999999999955
0.0
0.0
0.23800000000000016
0.5550000000000004
0.3950000000000003
0.3770000000000003
-0.7680000000000006
-0.2310000000000001
0.0
0.3250000000000002
0.09200000000000078
0.0990000000000489
0.00800000000000341
-0.05299999999999533
0.10299999999996207
0.03599999999999942
0.6570000000000006
0.39000000000000024
-0.07499999999999916
-0.08800000000001883
0.13200000000001624
0.11399999999999842
-0.25400000000000006
-0.13300000000000006
-0.01800000000000001
-0.4520000000000003
-0.04700000000001071
0.051000000000016144
-0.15800000000000133
-0.0019999999999958766
0.11000000000000174
-0.2350000000000001
0.5300000000000004
0.259
-0.08700000000000296
-0.01300000000002978
9.999999999944498E-4
0.1190000000000081
0.028999999999993857
0.08900000000000027
0.031000000000000194
0.4770000000000003
0.05599999999999498
0.20600000000000002
0.09499999999997333
-0.058000000000004326
0.21899999999999858
-0.005
1.523999999999943
