7.649999999999881
0.0
0.0
0.0
0.0
0.0
0.0
0.0
0.0
0.0
0.0
-0.9600000000000005
-0.48000000000000026
0.0
0.0
0.0
0.0
0.0
0.0
-0.02
-2.5400000000000094
7.409999999999888
-2.0200000000000022
1.4100000000000021
0.22999999999995457
3.249999999999607
0.060000000000000095
-0.8600000000000007
-0.07
-0.01
0.0
0.0
0.02
-2.169999999999998
5.789999999999748
-0.05000000000001113
-0.7499999999999994
-0.3399999999999636
0.9200000000000013
0.0799999999999957
-0.9200000000000017
-2.2099999999998508
-1.2200000000000013
-4.529999999999988
-1.5400000000000011
0.0
0.0
7.389999999999887
2.3900000000000645
0.33999999999999225
1.8299999999999814
1.290000000000008
-1.5599999999999845
1.7099999999999982
-0.28999999999999426
1.4500000000000002
-1.7499999999999973
1.7899999999998615
-0.9600000000000006
-8.569999999999876
0.0
0.0
0.5300000000000018
2.64000000000007
-0.7000000000000096
-2.7799999999997733
-0.10000000000000489
-1.0300000000000118
0.3600000000000029
1.479999999999983
-0.45000000000014634
-0.41000000000002995
0.36999999999999555
-0.8999999999999988
-2.3299999999999965
0.0
0.0
6.649999999999821
-0.24999999999998287
2.1900000000001385
-0.9500000000000073
-2.0699999999997813
-0.8000000000000116
-0.319999999999987
2.929999999998968
-1.6000000000000034
1.8199999999998397
-1.180000000000005
-4.659999999999835
-1.6000000000000012
0.0
0.0
-2.3000000000000016
-9.749999999999838
-0.8299999999999967
-2.1699999999998605
1.2800000000000016
-1.3299999999999985
2.259999999999295
0.8500000000000032
-0.5400000000000138
-0.7100000000000108
-2.7299999999994693
-0.23999999999999502
1.8200000000000016
0.0
0.0
0.0
-6.479999999999767
-1.0400000000000016
2.5899999999989416
-2.100000000000247
1.7099999999999707
0.5500000000000271
-0.27999999999999076
0.07000000000000826
0.8200000000000187
0.22999999999996837
2.1899999999998165
-0.22999999999999973
0.0
0.0
-1.8499999999999739
1.8199999999999747
-1.6200000000000034
-0.7199999999999673
-0.9699999999999982
-2.150000000000279
-0.94
-0.9899999999999993
0.8000000000000043
-0.4699999999999859
-1.0799999999998988
-5.440000000000234
3.409999999999962
-0.02
0.0
1.0400000000000018
4.140000000000906
0.7999999999999813
1.8799999999999215
-1.2200000000000009
-0.040000000000014885
-0.670000000000006
2.459999999999824
0.23999999999999008
2.340000000000035
3.179999999999944
4.150000000000058
0.9300000000000015
-0.04
0.0
-2.350000000000204
2.449999999999973
1.7799999999999943
-1.4399999999999968
1.4999999999999927
-0.2900000000000021
0.39999999999996316
0.02000000000002233
0.26999999999998775
0.13000000000001455
-1.4000000000000017
1.1100000000000374
-7.029999999999996
0.0
0.0
3.009999999999992
-0.41000000000000525
3.0700000000004803
1.899999999999989
1.700000000000002
-0.3099999999999904
0.0299999999999419
1.570000000000003
-0.7499999999999966
1.2499999999999984
-2.479999999999848
-0.15999999999999998
-1.9100000000000015
0.0
0.0
5.7199999999999225
2.239999999999996
-1.12
-0.620000000000002
-0.69
2.1700000000001194
-0.019999999999997412
-1.8000000000000063
-1.5900000000000023
-0.8400000000000051
6.300000000000092
0.0
0.0
0.0
0.0
