-28324.683005311745
0.0
0.0
0.0
0.0
0.0
0.0
0.0
0.0
0.0
0.0
0.0
0.0
0.0
0.0
0.0
0.0
0.0
0.0
0.0
0.0
0.0
0.0
0.0
0.0
0.0
0.0
0.0
0.0
0.0
0.0
0.0
0.0
0.0
0.0
0.0
0.0
0.0
-19.981999999999804
-9.990999999999902
-59.960000000027314
-39.97900000000021
-69.9260000000115
-59.937000000001866
-69.9310000000115
-109.87599999994673
-49.941999999990614
-79.90700000000076
-49.943000000006926
-59.93400000002728
-39.95600000000022
-29.967000000000727
-19.977999999999806
0.0
0.0
0.0
0.0
0.0
0.0
0.0
0.0
0.0
0.0
-19.979999999999805
0.0
-19.977999999999806
-59.94000000002729
-59.941000000001864
-99.90900000001434
-239.78600000053822
-339.6620000003015
-569.4289999990248
-879.0989999917791
-1128.8129999854793
-1538.39599997574
-1818.0799999686292
-1828.1249999685172
-1518.4079999761902
-939.0129999895603
-489.47699999968916
-259.72500000057164
-109.88399999994671
-19.979999999999805
0.0
0.0
0.0
0.0
0.0
0.0
0.0
0.0
0.0
0.0
0.0
-79.91799999999515
-179.822000000171
-249.76200000059555
-689.3099999964219
-959.0409999891295
-1598.4259999743845
-2137.9159999670637
-2927.150999999274
-3786.294000040071
-4695.354000181578
-4725.2910002051985
-4505.528000156028
-3656.4060000391173
-2647.4559999858866
-1588.5299999747385
-739.3699999940983
-399.6600000002504
-189.86600000019763
-79.92599999999513
0.0
0.0
0.0
0.0
0.0
0.0
0.0
19.977999999999806
-10.01100000000013
-49.93900000002321
-149.83700000001164
-169.91100000019023
-469.5770000001785
-1289.0009999814677
-1898.452999967258
-2767.772999996472
-4166.634000066672
-5964.7970004444605
-7483.490000770619
-8452.536000988875
-9191.67900112762
-9301.60300113566
-7873.113000849473
-6154.545000494229
-4855.671000188779
-2937.500999993529
-1728.5729999712305
-999.1759999886758
-529.5260000006501
-99.91999999994853
0.0
0.0
0.0
0.0
0.0
-19.979999999999805
39.97800000000289
109.89399999994669
89.92400000000298
-219.8320000002885
-779.4659999955691
-1079.3049999866375
-2178.4179999687776
-3457.5570000208836
-5635.797000359177
-8093.667000862793
-10781.116001426435
-12649.625001839302
-14157.951002155602
-14727.507002272738
-13778.178002095407
-12708.792001851229
-10770.599001446135
-8282.705000928727
-5844.764000416742
-4206.228000058195
-2597.634999982367
-1688.3889999728763
-469.55900000090696
-139.87399999993977
0.0
0.0
0.0
0.0
0.0
99.92899999998144
69.9479999999976
-209.79200000022163
-499.7590000008704
-1259.1609999832806
-2997.6969999749876
-5046.133000218637
-7444.152000727771
-10351.730001340207
-13688.798002029325
-17195.582002754432
-18993.6410031429
-18893.88800314639
-19253.402003208477
-17684.78000290204
-16925.391002720764
-14707.21300224892
-11280.023001533731
-8412.705000947859
-5584.924000375405
-3946.1830000333985
-2627.457999980648
-1118.9279999861305
-229.81100000041673
-59.978000000027336
0.0
-19.977999999999806
0.002
-59.94000000002729
-99.89099999991576
-339.67200000065685
-999.0499999889552
-1908.3479999671413
-3676.9319999999634
-6144.821000458936
-10071.332001269926
-13518.203002003678
-17225.20500276789
-21521.124003639015
-23369.428004042944
-23509.1450040866
-23679.01200411018
-23069.498003991586
-22669.960003890024
-20422.107003427966
-17854.29400289113
-14057.627002106507
-10460.767001375321
-7223.477000700687
-4555.830000155511
-3047.2079999973794
-1458.6949999779101
-329.73700000047904
-59.99800000002736
0.0
-19.977999999999806
-29.965000000000728
-119.87099999995309
-309.6820000005633
-869.062999991287
-2197.88099996852
-3466.9470000364745
-6704.052000581615
-9671.576001227259
-13977.478002119293
-18223.67700299485
-22170.114003808158
-24378.25900426673
-24298.26000426246
-23668.785004131612
-23179.238004015515
-22250.18100382578
-21471.244003674296
-21610.847003680545
-19202.959003180356
-14966.74200232272
-11959.541001678796
-8092.937000875104
-4745.820000179733
-2597.7659999869134
-1218.9609999832996
-359.75000000084606
-39.996000000002915
0.0
-19.977999999999806
-69.9200000000115
-179.80800000017092
-429.5439999999418
-1468.5409999774517
-3007.2100000023515
-4685.717000206327
-8012.758000896814
-12098.95800174778
-17004.695002757588
-21830.338003735473
-23728.594004142065
-23968.557004189464
-22629.929003907313
-21470.778003650717
-20332.190003405733
-19862.425003319153
-19642.966003298967
-20271.912003419762
-19332.760003209107
-14946.76000232872
-10460.940001406902
-7193.8780006946345
-4306.43300006734
-2048.3879999639544
-949.2469999907222
-189.89900000019782
0.0
0.0
0.0
-39.955000000000226
-119.87200000000414
-499.49299999982105
-1578.4649999746607
-3047.2340000147137
-5484.981000362883
-9351.534001162141
-13987.321002129356
-19702.149003289902
-22419.492003864198
-22689.794003927425
-21500.970003661074
-18683.60600306499
-16955.525002689534
-16166.421002539346
-16955.338002721393
-19672.797003283056
-20641.742003487183
-19232.694003198278
-15246.39800238521
-10231.166001333519
-5894.985000420313
-2897.7779999825616
-1169.2189999851712
-299.8120000005272
-49.97700000000694
0.0
0.0
0.0
-39.954000000002864
-139.87099999999177
-529.4879999996076
-1558.608999975461
-2817.604000005607
-5505.058000363051
-10600.467001397323
-14856.624002303863
-19302.400003219598
-20781.396003533697
-19153.250003205892
-17125.828002746
-14797.78600224682
-13808.839002034487
-14947.783002285381
-19063.564003128315
-21950.4140037371
-22519.816003867818
-19052.859003181304
-15176.339002351608
-9811.362001225221
-5265.660000251882
-1928.7299999668903
-799.6259999938784
-249.89100000047966
-39.985000000002906
-19.979999999999805
0.0
0.0
-19.975999999999807
-109.8899999999467
-429.59300000057925
-1248.929999982687
-2757.706000001219
-6204.583000489118
-10770.348001442675
-14876.62500231507
-18533.454003076633
-18713.757003119597
-16356.076002625128
-14568.136002210258
-14697.796002211871
-15227.569002344904
-18384.244003000393
-23159.370003978405
-24568.092004291215
-22739.437003942894
-19412.250003251913
-14396.83800218648
-8952.34300103433
-4466.432000094035
-1828.7639999689552
-789.556999993666
-269.86700000055714
-30.00400000000073
-19.979999999999805
0.0
0.0
-9.987999999999904
-19.979000000001435
-359.7060000005589
-1079.1069999866424
-2588.0419999915503
-6254.64700050477
-10720.478001447396
-14846.82900232083
-18393.726003036867
-17185.032002806525
-16266.43200258577
-16366.145002566838
-19053.358003118377
-19323.488003227474
-23698.950004118324
-27375.13800485812
-24807.875004379486
-22599.464003917816
-18543.061003061408
-13517.857001988012
-7923.292000834952
-4306.637000075897
-1928.54799996625
-979.331999988832
-279.8500000005409
-39.99200000000291
0.0
0.0
0.0
-19.975999999999807
-29.96600000000073
-279.78600000056326
-949.2529999894125
-3147.4779999972716
-6704.268000587126
-11260.016001554352
-15086.402002365638
-17584.36300288698
-18693.513003099037
-19343.337003200028
-22060.60300373931
-23458.787004070742
-24168.322004257137
-28244.124005069123
-28923.726005196415
-24488.066004323493
-21490.601003682303
-16644.973002669038
-11100.314001526032
-7583.426000775533
-4506.27500012363
-2248.3209999701025
-1059.28699998721
-279.82900000051853
-59.978000000027336
0.0
0.0
0.0
0.0
-19.975999999999807
-199.82800000029886
-939.2619999902897
-3397.369000009344
-6794.166000621821
-11439.825001583378
-15136.478002373027
-17004.939002784595
-19312.684003239858
-21770.542003720486
-24777.299004343397
-25646.55700457027
-27924.105005035155
-30811.319005594618
-26855.76800480769
-23269.52200407545
-19712.22900330558
-14727.009002265786
-10441.108001383038
-6894.1850006439345
-4676.0680001606115
-2667.9389999823643
-1189.177999983903
-329.748000000374
-49.95600000000693
0.0
0.0
0.0
0.0
59.9460000000273
-139.87699999999182
-949.1729999899964
-3656.931000005801
-7013.878000660413
-10730.554001444585
-14736.985002287294
-17773.796002922947
-21001.288003567926
-23798.1940041369
-25456.43500449803
-28133.78700505358
-29612.340005364513
-30761.21200557838
-26465.841004719005
-22739.56400394131
-18363.500003021814
-13888.011002084138
-9811.577001248628
-6854.302000632716
-4356.319000108888
-2527.964999985156
-1478.905999977078
-519.5730000002083
-89.9359999999822
0.0
0.0
0.0
0.0
49.958000000006926
-49.967000000023276
-709.4569999957818
-3457.1420000063686
-6604.37700057304
-10081.207001313174
-13747.780002069323
-16705.176002691573
-20761.34100350465
-22249.78300382405
-24117.89000420995
-27474.520004893995
-28493.425005119323
-27305.056004888494
-25926.451004586626
-21660.676003709923
-17514.660002831017
-12978.992001893708
-9202.258001137061
-6964.195000645434
-4526.166000129165
-2508.078999989936
-1578.776999974566
-599.446999998036
-129.87999999992007
-19.9859999999998
0.0
0.0
0.0
9.97599999999991
-9.993000000000118
-529.6390000001257
-2787.7620000016655
-5415.724000361879
-8802.473001051281
-12339.22900177129
-15995.96000252956
-17934.200002950092
-20151.873003397905
-23478.53700406287
-25995.926004585905
-26835.13200478113
-26715.358004747817
-25307.13100443728
-21071.152003571242
-15616.504002463293
-11630.199001638692
-8932.57500106651
-5575.392000402515
-4166.526000068849
-2777.7189999927527
-1528.738999976183
-449.592000000391
-99.92199999994853
-59.96400000002732
0.0
0.0
0.0
39.932000000002844
39.92099999999765
-379.7450000002553
-2318.1749999768667
-4616.395000223564
-7833.463000859779
-11040.641001520675
-14707.38500228573
-17424.664002853326
-20262.187003422183
-22529.332003890213
-25346.81400446856
-26305.81300467081
-25017.145004400838
-23418.67800404883
-18563.76700306789
-14707.410002273267
-10720.985001448353
-7533.847000791355
-5605.272000359371
-3237.3680000283634
-2298.069999972511
-1408.783999979187
-389.6470000006921
-39.97400000000289
-39.97800000000289
0.0
0.0
0.0
69.9140000000115
279.71300000062956
-189.8220000002358
-1868.5999999677522
-4666.385000183466
-7214.212000727597
-10601.235001430347
-14487.56600224092
-16895.328002762453
-20132.09400341321
-22679.46500393451
-24887.29900438126
-24407.852004290326
-22219.9730038395
-20601.727003478514
-16815.548002701536
-12649.314001847202
-9592.177001201075
-6734.508000601519
-4446.375000119269
-2547.8479999916667
-1768.493999969857
-999.0279999884028
-389.66000000069215
-29.99000000000073
0.0
0.0
0.0
0.0
89.90499999998225
239.77000000041676
-169.95799999980497
-1558.8009999757226
-3247.5590000343655
-6424.9030005419645
-9631.958001216104
-13568.648002038672
-16675.67300269555
-20921.510003548952
-23049.36100398886
-24168.046004213084
-22569.732003891153
-20022.278003367144
-18583.92000303379
-14008.328002101289
-9932.124001285008
-7783.792000807836
-5355.706000305406
-3327.17000001615
-1998.2479999646362
-1248.8149999825791
-679.3769999961323
-229.79000000044826
-59.96100000002732
0.0
0.0
0.0
0.0
59.93400000002728
239.73100000044693
309.63000000026386
-699.6109999970826
-2358.2579999693817
-5165.971000251191
-8203.231000902915
-11800.25800165317
-15686.621002461203
-17555.086002864427
-19542.976003259995
-19482.997003250737
-18164.299002978863
-15896.58700250935
-13339.010001971486
-10411.75700136479
-7824.165000837608
-5465.806000344475
-3557.2790000279374
-2208.1389999705507
-1408.733999978698
-759.3139999944133
-429.6070000003666
-139.88500000004385
-39.972000000002886
0.0
0.0
0.0
0.0
39.95600000000287
219.79400000032138
349.65000000048184
-130.04799999969686
-989.4759999896578
-3267.575999985342
-5655.714000380614
-8563.104000997791
-11720.100001645798
-13468.617002019724
-14727.445002274591
-14567.55900224412
-13778.266002082783
-12279.795001760778
-9632.24400122378
-7863.840000828555
-5475.906000350449
-3517.2590000403243
-2318.001999978267
-1398.866999978573
-869.2029999916014
-399.6610000006224
-139.86999999993975
-39.96000000000287
-19.979999999999805
0.0
0.0
0.0
0.0
0.0
39.9840000000029
79.88900000000632
69.90400000001154
-609.572999998616
-1578.7469999742164
-3537.0610000294923
-5894.811000434275
-7603.330000811747
-8792.364001062453
-9811.2560012523
-9511.599001198563
-9691.370001216745
-8242.705000918015
-6694.253000609258
-5555.150000344597
-3886.603000037121
-2447.8589999789133
-1508.7229999755384
-849.2569999912208
-479.5629999998146
-209.80900000036038
-59.93400000002728
0.0
0.0
0.0
0.0
0.0
0.0
0.0
19.983999999999803
29.99200000000073
-109.8799999999895
-619.485999998283
-1488.6519999769055
-2227.853999974401
-3496.7280000380197
-3916.2160000981726
-4605.4560001789805
-4805.242000209288
-4925.269000224559
-5035.118000237542
-4185.9240000896625
-3556.60900003924
-2707.4619999925517
-2008.186999964789
-1019.053999987558
-729.3299999942103
-489.53600000020106
-279.7380000005854
-109.8899999999467
-59.95600000002731
0.0
0.0
0.0
0.0
0.0
0.0
0.0
0.0
-19.9859999999998
-79.94300000000074
-489.5600000007131
-799.2539999930232
-1308.694999980925
-1668.3349999725933
-1838.1489999678781
-2217.7199999696595
-2037.9229999635327
-1947.9809999658817
-2037.9049999640074
-1927.9889999668362
-1408.606999978701
-1068.9669999865437
-799.2899999937135
-339.67500000018293
-229.79600000051158
-189.81700000031236
-99.92499999998144
-59.93200000002728
0.0
0.0
0.0
0.0
0.0
0.0
