-40.27000000000056
0.0
0.0
-11.909999999999867
-2.7399999999999807
5.859999999999376
1.5400000000000014
0.19000000000000225
-11.149999999999896
4.069999999999958
5.310000000000427
1.659999999999906
1.059999999999798
0.9299999999997152
-2.1899999999984616
0.939999999999631
-10.739999999999757
-11.77999999999991
4.410000000001064
-3.2199999999985853
-2.8499999999998753
3.949999999998892
1.5899999999987526
-2.179999999998624
-3.689999999999842
-5.8899999999999295
-5.36000000000008
-3.190000000001309
1.3800000000008983
-2.7799999999988136
0.8099999999999378
1.8199999999999512
-1.63
28.519999999999843
7.509999999996774
-2.409999999999682
-0.5399999999999217
0.6800000000000856
1.9199999999999076
0.2699999999999937
4.709999999999975
-12.779999999999802
6.990000000001882
3.9199999999987196
2.3500000000000085
0.9899999999996241
-0.7700000000001522
-3.510000000000389
0.0
10.109999999999829
