2.5199999999999907
0.0
0.0
0.0
0.0
0.0
0.0
0.0
0.0
-0.1
0.0
-3.0800000000000023
-1.5400000000000011
0.0
0.0
0.0
0.0
0.0
0.0
1.3200000000000007
-1.5200000000000093
3.820000000000046
5.3099999999998335
-2.6499999999999786
2.6899999999995408
3.599999999999684
0.33000000000000185
0.22999999999999998
-0.05
-0.02
0.0
0.0
0.0
-2.879999999999983
3.289999999999618
1.8800000000000008
-1.2299999999999995
1.6999999999997752
0.9200000000000068
0.47999999999999565
-1.5999999999999974
-1.499999999999939
-3.4399999999999613
-3.1200000000002817
-2.1799999999999975
0.0
-0.09999999999999999
7.129999999999886
3.740000000000175
0.9300000000000006
0.5300000000000161
1.6500000000000041
-1.7199999999999867
2.5599999999993543
-2.0499999999995335
1.5899999999999777
-0.9500000000000008
1.3900000000000006
-1.0200000000000002
-7.229999999999893
-0.09999999999999999
-1.370000000000001
3.6099999999998302
-0.42
-0.7099999999999986
-2.1699999999994515
-0.5900000000000407
-0.8000000000000249
1.1299999999999997
1.7600000000000013
0.5699999999999158
-1.2300000000000237
0.4899999999999929
-2.3900000000000143
-2.640000000000001
0.0
0.0
1.1200000000000012
3.590000000000101
1.5400000000000746
-1.4800000000000246
-2.729999999999696
-1.1900000000000026
0.8299999999999854
2.6899999999994364
0.11999999999999705
2.339999999999307
-0.5000000000000107
-4.49999999999997
-2.7999999999999843
0.0
0.0
-5.009999999999981
-11.689999999999781
-1.5600000000003122
-1.5800000000000014
0.4599999999999812
-1.8500000000000028
2.079999999999865
0.17999999999999655
-0.28999999999999915
-1.5099999999999965
-2.8799999999991837
-0.5199999999999985
3.629999999999967
0.0
0.0
-0.01
-7.129999999999937
-2.8499999999995995
2.2599999999996614
-1.6200000000000008
3.2200000000002538
0.4800000000000268
0.6700000000000043
-1.6499999999999986
1.4199999999999953
0.7599999999999834
0.4000000000000079
-0.8700000000000007
0.0
0.0
3.8000000000000314
5.20999999999996
-2.749999999999912
0.11000000000002898
-2.650000000000985
-2.500000000000793
-1.4200000000000008
-0.40999999999997033
1.8499999999999952
0.7900000000000016
-0.9999999999999982
-4.080000000000235
4.3999999999999115
0.0
0.0
1.8900000000000026
3.1799999999995627
1.5099999999999636
0.819999999999993
-2.1899999999997277
0.5099999999999939
-0.7700000000000551
2.5000000000008553
-0.6199999999999788
0.63000000000002
3.7799999999993363
3.91000000000007
0.4600000000000002
0.0
0.0
-3.45000000000007
2.579999999999709
2.9999999999985736
-2.309999999999725
2.7500000000008167
-2.0100000000003053
0.8300000000000078
-0.7100000000000077
1.8299999999998453
0.859999999999997
0.1399999999999935
-0.09000000000000394
-3.0499999999999896
0.0
0.0
5.589999999999959
4.890000000000302
1.2100000000000593
2.1999999999998963
1.51999999999994
-0.0999999999999942
0.3200000000000071
1.38
-0.9600000000000104
1.030000000000124
-3.6399999999999255
1.660000000000001
0.0
0.0
0.0
10.119999999999829
4.229999999999954
-6.269999999999954
1.370000000000059
-0.43000000000000027
2.360000000000364
-0.3899999999999938
-1.9999999999999267
-1.7000000000000008
1.8700000000001433
3.380000000000118
-0.14
0.0
0.0
0.0
