-0.5300000000000002
0.0
0.0
0.0
0.0
0.0
0.0
0.0
0.0
0.0
0.0
0.0
0.0
0.0
0.0
0.0
0.0
0.0
0.0
0.0
0.0
0.0
0.0
0.0
0.0
0.0
0.0
0.0
0.0
0.0
0.0
0.0
0.0
0.0
0.0
0.0
0.0
0.0
0.0
0.0
0.0
0.0
0.0
0.0
0.0
0.0
0.0
0.0
0.0
0.0
0.0
0.0
0.0
0.0
0.0
0.0
0.0
0.0
0.0
0.0
0.0
0.0
0.0
0.0
0.0
0.0
0.0
0.0
-0.02
-0.02
-0.02
-0.02
-0.02
-0.02
-0.02
0.0
0.0
0.0
0.0
0.0
0.0
0.0
0.0
0.0
0.0
0.0
0.0
0.0
0.0
0.0
0.0
0.0
0.0
0.0
0.0
-0.02
-0.04
0.03
0.009999999999999997
0.09999999999999999
0.25000000000000006
-0.03
0.11999999999999998
0.17
0.11999999999999998
0.47000000000000025
-0.030000000000000006
-0.08
-0.09
-0.04
-0.01
-0.01
0.0
0.0
0.0
0.0
0.0
0.0
0.0
0.0
0.0
0.0
0.009999999999999997
0.07
0.09
0.09
0.15
0.05
-0.030000000000000006
0.15
0.10999999999999999
-0.15
0.13999999999999999
0.08
0.01999999999999997
-0.05
-0.060000000000000005
-0.19
-0.34000000000000014
-0.22000000000000006
-0.12999999999999998
-0.02
0.0
0.0
0.0
0.0
0.0
0.0
0.0
0.10999999999999999
0.12999999999999998
0.16
0.08
0.24000000000000007
0.04
0.21000000000000005
0.05
-0.07
0.12999999999999998
-0.3900000000000002
0.060000000000000005
0.37000000000000016
-0.13999999999999999
-0.009999999999999997
0.09999999999999996
-0.020000000000000004
0.04
-0.24000000000000007
-0.060000000000000005
-0.3300000000000001
-0.10999999999999999
0.0
0.0
0.0
0.0
0.0
0.0
0.0
0.24000000000000007
0.24000000000000007
0.4200000000000002
0.08
0.16
0.3100000000000001
-0.22000000000000006
0.18000000000000002
-0.019999999999999997
0.45000000000000023
-0.020000000000000004
0.10999999999999999
0.34000000000000014
0.12999999999999998
-0.10999999999999999
-0.18000000000000002
3.469446951953614E-18
0.07
-0.11999999999999998
-0.03
-0.09
-0.22000000000000006
-0.07
0.0
0.0
0.0
0.0
0.10999999999999999
-0.03
0.18000000000000002
0.34000000000000014
0.060000000000000005
0.5400000000000003
-0.11999999999999998
0.4000000000000002
-0.05
0.07
0.10999999999999999
0.34000000000000014
-0.3000000000000001
0.09999999999999999
0.21000000000000002
-0.15
0.22000000000000006
0.20000000000000004
0.11999999999999998
-0.16
-0.03
-0.10999999999999999
-0.010000000000000004
-0.25000000000000006
-0.16
0.0
0.0
0.0
0.0
0.0
-0.03
0.3100000000000001
0.4200000000000002
0.15
0.2700000000000001
0.05
-0.4100000000000002
-0.22000000000000006
0.35000000000000014
-0.17
-0.13999999999999999
0.010000000000000004
-0.09
-0.12999999999999998
0.36000000000000015
-0.12999999999999998
-0.4300000000000002
0.04
0.38000000000000017
-0.060000000000000005
0.05
-0.19000000000000003
-0.13999999999999999
-0.10999999999999999
0.0
0.0
0.0
0.0
0.0
0.04
0.25000000000000006
0.19000000000000003
-0.030000000000000006
0.4200000000000002
0.12999999999999998
0.22000000000000003
-0.010000000000000004
-0.34000000000000014
-0.08
0.08
0.21000000000000002
0.009999999999999997
0.3900000000000002
0.25000000000000006
0.2900000000000001
0.060000000000000005
0.08
0.09999999999999999
0.15
-0.060000000000000005
-0.20000000000000004
-0.23000000000000007
-0.10999999999999999
0.0
0.0
0.0
0.0
0.0
0.04
0.08
-0.03
-0.08
-0.22000000000000006
-0.09999999999999999
0.23000000000000007
-0.23000000000000004
0.030000000000000006
-0.4400000000000002
-0.15999999999999998
-0.17
-0.16
-0.11999999999999998
0.4000000000000002
0.21000000000000002
0.12999999999999998
0.4600000000000002
0.09
-0.15
0.15
-0.019999999999999997
-0.21000000000000005
0.0
0.0
0.0
0.0
0.0
0.0
0.0
0.07
-0.05
-0.4300000000000002
-0.26000000000000006
-0.16
-0.11999999999999998
-0.3900000000000002
-0.3100000000000001
0.060000000000000005
-0.04
-0.16
0.47000000000000025
0.2800000000000001
0.24000000000000005
-0.4300000000000002
0.07
0.060000000000000005
0.08
-0.060000000000000005
0.020000000000000004
0.09999999999999999
-0.07
0.0
0.0
0.0
0.0
0.0
0.0
0.0
0.0
-0.07
-0.36000000000000015
-0.36000000000000015
-0.009999999999999997
-0.15
-0.18000000000000002
-0.25000000000000006
0.4800000000000002
-0.2800000000000001
-0.19
-0.09999999999999999
-0.010000000000000004
0.09
0.2700000000000001
0.3000000000000001
0.030000000000000006
-0.37000000000000016
-0.05
0.04000000000000001
0.020000000000000004
-0.09999999999999999
0.0
0.0
0.0
0.0
0.0
0.0
0.0
0.02
-0.05
-0.2700000000000001
0.09999999999999999
0.020000000000000004
-0.12999999999999998
0.18000000000000002
0.09999999999999999
-0.35000000000000014
-3.469446951953614E-18
0.5000000000000002
0.25000000000000006
0.17
-0.09999999999999999
0.12999999999999998
0.25000000000000006
0.3900000000000002
0.07
-0.26000000000000006
-0.22000000000000006
-0.009999999999999997
-0.17
-0.09
0.0
0.0
0.0
0.0
0.0
0.0
0.0
-0.01
-0.07
-0.03
-0.16
-0.10999999999999999
0.46000000000000024
-0.38000000000000017
-0.17
0.060000000000000005
0.019999999999999997
0.12999999999999998
0.04
-0.36000000000000015
0.26000000000000006
-0.05
-0.15999999999999998
-0.17
0.04
-0.09
-0.03
0.08
-0.09
0.0
0.0
0.0
0.0
0.0
0.0
-0.04
-0.13999999999999999
-0.09
-0.09999999999999999
-0.12999999999999998
0.21000000000000002
-0.38000000000000017
-0.10999999999999999
0.05000000000000001
0.08
0.17
-0.09
0.13999999999999999
0.15
-0.34000000000000014
0.09999999999999999
0.09
-0.4400000000000002
0.21000000000000002
0.07
-0.04
0.11999999999999998
-0.09999999999999999
0.09999999999999999
0.0
0.0
0.0
0.0
0.05
0.05
-0.010000000000000004
-0.17
-0.019999999999999997
-0.2900000000000001
-0.6600000000000004
-0.009999999999999997
0.37000000000000016
-0.10999999999999999
-0.15
-0.3100000000000001
0.12999999999999998
0.23000000000000004
-0.12999999999999998
-0.26000000000000006
-0.07
0.38000000000000017
-0.09
-0.2800000000000001
0.16
-0.15
-0.09999999999999999
-0.01
0.0
0.0
0.0
0.0
0.0
0.05
0.12999999999999998
0.25000000000000006
0.020000000000000004
-0.09999999999999999
-0.10999999999999999
-0.24000000000000005
0.25000000000000006
-0.5600000000000003
-0.16
-0.009999999999999997
0.04
-0.10999999999999999
-0.35000000000000014
-0.020000000000000004
0.22000000000000006
0.5700000000000003
0.17
0.060000000000000005
-0.19000000000000003
0.46000000000000024
-0.4000000000000002
-0.13999999999999999
-0.02
0.0
0.0
0.0
0.0
0.0
-0.03
0.23000000000000007
0.2700000000000001
-3.469446951953614E-18
0.3000000000000001
0.04
0.16
0.3200000000000001
-0.12999999999999998
-0.20000000000000004
-0.36000000000000015
-0.09
-0.5700000000000003
-0.19000000000000003
0.10999999999999999
0.16
0.010000000000000004
0.09
0.03
0.2800000000000001
0.37000000000000016
-0.25000000000000006
-0.15
-0.01
0.0
0.0
0.0
0.0
0.0
-0.20000000000000004
0.05
0.36000000000000015
0.34000000000000014
0.25000000000000006
0.5600000000000003
-0.09
0.009999999999999997
-0.4200000000000002
-0.47000000000000025
0.2800000000000001
-0.48000000000000026
-0.3000000000000001
0.17
0.26000000000000006
-0.21000000000000005
-0.21000000000000002
0.009999999999999997
0.10999999999999999
-0.04
0.07
-0.17
-0.15
-0.09
0.0
0.0
0.0
0.0
0.0
-0.18000000000000002
0.07
0.5600000000000003
0.5100000000000002
0.16
0.060000000000000005
0.009999999999999997
-0.35000000000000014
-0.38000000000000017
0.03
0.17
0.12999999999999998
0.23000000000000004
0.15
-0.03
0.09
0.4200000000000002
0.07
0.08
0.19000000000000003
0.11999999999999998
0.010000000000000004
-0.11999999999999998
-0.12999999999999998
0.0
0.0
0.0
0.0
0.0
0.12999999999999998
0.21000000000000005
-0.08
-0.020000000000000004
0.4800000000000002
-0.09999999999999999
-0.019999999999999997
0.03
-0.020000000000000004
-0.34000000000000014
-0.04
-0.09999999999999999
0.009999999999999997
0.07
-0.16
0.3200000000000001
-0.18000000000000002
-0.020000000000000004
0.009999999999999997
0.2900000000000001
-0.2800000000000001
0.25000000000000006
-0.38000000000000017
-0.060000000000000005
0.0
0.0
0.0
0.0
0.0
0.05
0.060000000000000005
0.2900000000000001
-0.34000000000000014
-0.18000000000000002
-0.3200000000000001
0.3100000000000001
-0.09999999999999999
0.16
3.469446951953614E-18
-0.09
-0.11999999999999998
0.07
0.09
0.15
0.34000000000000014
-0.08
0.020000000000000004
-0.2800000000000001
0.26000000000000006
-0.18000000000000002
-0.11999999999999998
-0.17
-0.05
0.0
0.0
0.0
0.0
0.0
0.0
0.3100000000000001
0.38000000000000017
0.34000000000000014
-3.469446951953614E-18
0.08
0.019999999999999997
0.12999999999999998
0.2700000000000001
0.009999999999999997
0.019999999999999997
0.03
0.12999999999999998
-0.12999999999999998
0.10999999999999999
-0.10999999999999999
-0.4300000000000002
0.4200000000000002
0.4000000000000002
-0.16
-0.20000000000000004
-0.019999999999999997
-0.01
0.0
0.0
0.0
0.0
0.0
0.0
0.0
0.2900000000000001
0.25000000000000006
0.25000000000000006
0.13999999999999999
0.45000000000000023
0.060000000000000005
0.17
0.3200000000000001
0.009999999999999997
0.34000000000000014
-0.04
0.15
0.15
-0.17
-0.22000000000000003
0.060000000000000005
0.05
-0.04
-0.2700000000000001
0.01
0.02
0.0
0.0
0.0
0.0
0.0
0.0
0.0
0.0
0.02
0.21000000000000005
0.04
-0.05
0.3300000000000001
0.24000000000000005
0.34000000000000014
0.13999999999999999
0.12999999999999998
0.34000000000000014
0.34000000000000014
0.3200000000000001
-0.2700000000000001
-0.04
-0.36000000000000015
-0.10999999999999999
0.07
0.10999999999999999
-0.09999999999999999
0.03
0.0
0.0
0.0
0.0
0.0
0.0
0.0
0.0
0.0
0.0
0.0
0.0
-0.05
-0.08
-0.04
-0.04
0.15
0.13999999999999999
-0.020000000000000004
0.08
0.15
0.2800000000000001
0.0
-0.21000000000000005
-0.18000000000000002
-0.020000000000000004
-0.020000000000000004
0.04
0.0
0.0
0.0
0.0
0.0
0.0
0.0
0.0
