-31505.14000595969
0.0
0.0
0.0
0.0
0.0
0.0
0.0
0.0
0.0
0.0
0.0
0.0
0.0
0.0
0.0
0.0
0.0
0.0
0.0
0.0
0.0
0.0
0.0
0.0
0.0
0.0
0.0
0.0
0.0
0.0
0.0
0.0
0.0
0.0
0.0
0.0
-19.981999999999804
-29.97300000000073
-19.982000000001438
-79.94399999999509
-39.97900000000021
-69.93600000001149
-59.94200000000186
-89.94199999998219
-139.8759999999918
-79.94100000000637
-69.9280000000115
-29.97000000000073
-39.962000000002874
-9.990999999999902
-19.981999999999804
0.0
0.0
0.0
0.0
0.0
0.0
0.0
0.0
0.0
0.0
0.0
-19.979999999999805
0.0
-19.979999999999805
-79.92599999999513
-69.93699999999762
-129.91500000003225
-289.7920000004705
-359.68100000027187
-579.4769999989293
-969.1379999898379
-1168.932999984469
-1618.5079999739298
-1998.0959999645015
-2068.0609999642516
-1588.5009999741308
-1039.0159999872606
-509.5159999996926
-229.7840000004799
-109.90299999994667
-29.973000000000727
-19.981999999999804
0.0
0.0
0.0
0.0
0.0
0.0
0.0
0.0
0.0
-39.96000000000287
-119.88799999995305
-199.8160000002988
-339.7240000001826
-779.3169999939776
-1069.1129999865402
-1728.5199999713916
-2218.1079999699573
-3187.3430000040585
-4196.367000075039
-5405.315000313448
-5425.156000335599
-5005.568000258851
-4006.5490000579293
-2847.5849999925117
-1688.5999999723804
-769.4319999935647
-439.6500000002676
-179.88200000017127
-99.90999999994855
0.0
0.0
0.0
0.0
0.0
0.0
0.0
19.979999999999805
-29.991999999987787
-169.86200000006158
-239.79200000047751
-259.8670000005909
-799.3859999935385
-1249.1399999816867
-1708.816999971112
-2878.0340000000588
-4326.969000098576
-6355.139000527246
-8243.586000923757
-9362.679001167651
-9902.143001275283
-9912.047001262787
-8613.301000991598
-6475.030000554554
-4996.043000223274
-3157.690999999726
-1878.5569999677841
-1059.2099999873424
-559.5619999998513
-99.93799999994849
0.0
0.0
0.0
0.0
0.0
-19.983999999999803
29.98600000000073
59.92700000000186
-39.98500000000291
-459.639000000995
-809.4109999939158
-1139.3729999845768
-2278.630999973117
-3827.767000019892
-6206.060000465777
-8824.005001009551
-12111.10200169142
-13869.817002088606
-15588.201002441145
-16217.85200257052
-14968.72100233415
-14069.148002115584
-11641.014001616717
-8803.34200103167
-6285.145000500798
-4506.490000115536
-2907.650999989774
-1858.4359999689116
-509.59700000103425
-99.92599999994852
0.0
0.0
0.0
0.0
-19.981999999999804
99.93199999998144
59.92800000000186
-219.8220000003546
-389.89499999981
-1399.166999979948
-3447.732999971102
-5486.379000309689
-8174.600000875753
-11382.197001541925
-15199.099002333083
-18846.15500309418
-20854.217003524718
-20854.23900354099
-20874.229003541346
-19155.615003202536
-18386.14700301823
-15658.127002444915
-12160.719001713382
-9173.068001099218
-6025.28900046902
-4376.334000097669
-2847.586999986375
-1149.0229999855112
-259.8000000005321
-79.94599999999508
0.0
-19.979999999999805
0.002
-39.964000000002876
-9.998000000000333
-429.65000000121705
-929.221999990587
-2098.364999965025
-4136.918000007301
-6735.057000574405
-11061.71800146992
-14469.045002201316
-18995.5020031288
-23631.669004071675
-25809.96300454155
-26099.64000461502
-26179.554004625392
-26059.551004594174
-25240.235004413124
-22782.25200390453
-19744.73700327219
-15468.068002390826
-11381.180001556218
-7673.95600079403
-4965.980000240967
-3197.3540000034095
-1568.6969999754524
-399.70000000043643
-69.97400000001144
0.0
-19.979999999999805
-29.97000000000073
-129.88299999997608
-289.74900000059375
-939.1099999898519
-2328.0699999711983
-3727.071000043274
-7074.427000661118
-10442.0650013885
-15198.040002370268
-20094.109003375357
-24630.5540043094
-26598.977004725803
-27198.454004852425
-26828.599004773216
-26239.105004636695
-25070.195004401885
-23991.532004189372
-23831.38300413513
-20933.64900353272
-16257.218002583726
-12950.060001882895
-8673.288000994293
-5195.886000276904
-2877.7479999949983
-1368.9289999799898
-449.6800000013048
-59.98000000002734
0.0
-19.979999999999805
-109.90799999994667
-249.7720000005082
-479.5419999995652
-1508.6919999760883
-3287.3170000137898
-5135.8380002966
-8912.94600107728
-13259.442001988116
-19024.701003163616
-24120.75700420293
-26479.014004698565
-26578.939004721546
-25459.99000448472
-24140.886004196982
-22782.417003909803
-22272.506003813673
-22162.982003810725
-22582.23300388772
-21103.440003571242
-16517.18200264537
-11770.978001665932
-7943.924000845729
-4786.4810001639435
-2188.3929999674424
-1079.2129999876638
-149.90800000001198
-19.995999999999796
0.0
0.0
-79.92500000000074
-189.81600000027404
-609.4509999977126
-1808.4499999691884
-3527.1980000396024
-6155.076000500291
-10161.952001333646
-15307.664002397514
-21862.42400372852
-24879.881004364914
-25469.970004485756
-23891.283004147608
-21383.37900361122
-19135.461003136374
-18476.32400300814
-19295.2330031952
-21553.29600367362
-22732.316003917145
-20953.481003551024
-16856.839002713295
-11411.223001570366
-6565.1210005561525
-3257.818999989434
-1379.193999980409
-359.8010000005589
-49.975000000006936
0.0
0.0
0.0
-49.94700000000692
-169.85300000019
-579.5029999979754
-1818.54499996915
-3267.5760000349533
-6205.141000508435
-11550.85300159446
-16196.986002580647
-21252.801003616947
-22841.815003955133
-21323.549003639073
-19255.866003175175
-16977.628002688456
-15469.010002378573
-17037.697002713627
-21403.653003606192
-24530.8420042634
-24760.364004327526
-21093.328003596875
-16996.593002721813
-10761.624001417627
-5735.843000354945
-2278.620999967528
-919.574999991027
-269.8520000005593
-39.9820000000029
-19.981999999999804
0.0
0.0
-29.96700000000073
-129.87999999997606
-589.5069999988294
-1558.805999975368
-3047.7920000263057
-7084.668000663657
-12070.478001702599
-16207.14100258853
-20403.820003457222
-20863.93100354967
-17996.491002955954
-16378.357002579596
-16827.643002643137
-17207.63800275013
-20474.560003429924
-26129.50600457998
-27268.766004842128
-25090.002004423655
-21252.771003628583
-16117.103002535212
-9782.550001202457
-4726.63800014922
-1888.868999967366
-949.5199999898427
-349.8010000007448
-30.003000000000732
-19.981999999999804
0.0
0.0
-29.967000000000727
-49.94700000000692
-409.68500000054445
-1319.019999980853
-2828.150000007787
-6984.742000649209
-11590.833001628947
-16387.202002632483
-19874.61000334668
-19225.15500321568
-18236.507002981016
-18296.54100296208
-21683.40200364882
-21503.833003674452
-26159.463004621815
-30565.48300550611
-27598.343004947517
-24939.96500439759
-20653.335003486998
-14648.38500222511
-8773.348001003624
-4596.784000136669
-2168.586999968308
-1159.308999984503
-419.72300000066326
-39.99400000000291
0.0
0.0
0.0
-19.977999999999806
-9.988999999999903
-309.7760000005632
-1179.122999984184
-3477.596000006554
-7304.5700007105825
-12070.570001721606
-16716.832002693
-19374.746003250868
-20693.82000350417
-21433.633003625975
-24251.180004188132
-26049.34800459691
-26609.02800475791
-31344.635005698863
-32014.34900582747
-27168.641004868707
-24060.871004202287
-18445.390003033663
-12210.666001751086
-8393.541000935575
-4726.475000176342
-2698.274999983426
-1309.206999981335
-349.7920000003502
-59.98200000002734
0.0
0.0
0.0
0.0
-19.977999999999806
-249.8020000005375
-1039.2369999876541
-3827.352000015727
-7424.396000750023
-12400.311001780668
-16427.09200263619
-18865.238003163493
-21493.15200368282
-24580.697004285314
-27627.70000491856
-28636.892005176553
-30954.65300565356
-34092.02500377489
-29966.14300543904
-25969.673004624747
-22152.56700379691
-16477.204002617673
-11581.316001614106
-7764.185000819549
-5116.318000253856
-2928.090999994037
-1369.1359999795816
-379.7440000002554
-109.94599999994661
0.0
0.0
0.0
0.0
39.97600000000289
-239.7920000004169
-1189.0799999844862
-3917.0430000150473
-7654.106000789172
-11720.914001644402
-16177.571002577502
-19464.475003268366
-22921.923003963486
-26378.70800466125
-28186.97900505505
-30994.659005642145
-33042.823005518185
-34051.79100389411
-29206.700005280192
-25279.985004456827
-19894.428003338522
-15358.278002382418
-10492.120001398283
-7504.601000770823
-4926.366000222923
-2848.019999998669
-1548.9979999751883
-519.6250000002071
-99.94099999998143
0.0
0.0
0.0
0.0
29.98500000000073
-9.984999999999907
-789.5259999934916
-3727.2430000171507
-7284.536000711923
-11031.56300150279
-14728.53500227108
-18195.729002997294
-22831.89400392409
-25089.780004394743
-27067.999004810517
-30854.854005582976
-32143.49200586016
-30155.490005472227
-28527.341005117465
-23591.554004103826
-18855.47500310644
-14039.5700021122
-10092.463001319378
-7614.443000775848
-4886.409000204645
-2828.092000005376
-1818.7489999689171
-649.473999996658
-139.8929999999919
-19.9899999999998
0.0
0.0
0.0
-29.98699999998779
9.995000000000125
-569.647999998292
-2837.977000008744
-5925.930000466928
-9872.57500126375
-13539.643002013894
-17746.31000288078
-20304.336003422675
-22652.131003903152
-26348.894004647227
-29296.194005257137
-29865.59700540098
-29356.239005289564
-27727.847004929616
-22862.032003934994
-17026.914002748945
-12680.623001854226
-9912.630001261976
-6265.4390005294135
-4416.843000127634
-3027.807000004209
-1728.7559999711464
-579.5579999986891
-149.90200000001195
-59.970000000027326
0.0
0.0
0.0
19.96099999999822
109.86399999994676
-269.87800000054796
-2368.347999980354
-5106.478000315843
-8633.63200102724
-12061.041001733116
-16247.736002602507
-19455.025003264425
-22262.584003835007
-25379.57800446937
-28107.1730050339
-28856.592005195183
-27947.483004995764
-25679.2940045072
-20074.563003375235
-15977.864002532995
-11751.202001659876
-8174.1370009194
-6215.479000475619
-3617.4640000423533
-2498.2029999799483
-1628.813999974078
-489.6050000009693
-59.95400000002731
-39.980000000002896
0.0
0.0
0.0
59.934000000027275
329.68900000079356
-39.97600000000554
-1908.7419999669874
-4776.717000209202
-7984.234000880778
-11901.328001690854
-15858.21200252282
-18605.815003112973
-22222.683003841703
-25149.936004439332
-27457.824004907437
-26638.518004749007
-24680.370004336026
-22482.473003857704
-18176.228002982447
-13899.535002102526
-10402.521001373196
-7234.764000708492
-4796.653000193511
-2877.8660000038403
-1928.5569999661068
-1129.0639999854734
-399.6920000008083
-29.98900000000073
0.0
0.0
0.0
0.0
89.92200000000298
329.71100000058397
89.81200000014726
-1599.0149999754074
-3257.864000033856
-6795.307000611252
-10432.41300137836
-14529.36600223561
-18396.033003039334
-22902.161003949237
-25269.961004441997
-26418.87400467433
-24820.198004349942
-22102.625003784906
-20094.607003340327
-15168.97200233783
-10682.538001441202
-8454.067000947978
-5875.923000410655
-3667.3270000383386
-2348.2859999752663
-1428.885999978247
-709.4679999951974
-189.85600000027426
-59.96200000002732
0.0
0.0
0.0
0.0
109.89399999994669
379.6250000007529
369.59999999956574
-689.7899999980133
-2378.497999968473
-5626.278000335469
-8563.812000976528
-12890.701001863017
-17157.10900275394
-19015.762003159252
-22022.989003755254
-21833.139003725966
-20304.46600340735
-17576.93300284725
-14579.560002221593
-11022.427001495675
-8584.212000992082
-5996.005000458492
-4277.177000078212
-2488.237999986047
-1678.754999972234
-859.3889999918945
-459.64500000028755
-139.8970000000439
-39.97600000000289
0.0
0.0
0.0
0.0
39.964000000002876
259.78100000053206
429.58800000036666
-120.11599999969606
-1169.525999985164
-3377.799000002131
-6105.920000471347
-9393.357001161137
-12880.56100187994
-14838.894002296802
-16387.81800261079
-16107.811002559885
-14968.799002331718
-13430.21500200155
-10592.524001423983
-8763.826001019102
-6255.829000512343
-4077.1320000733535
-2777.9010000007697
-1688.8279999718027
-1019.2449999880956
-429.6990000003665
-219.82800000032154
-39.96600000000288
-19.983999999999803
0.0
0.0
0.0
0.0
0.0
99.94599999994847
89.84400000002364
-0.09800000000000007
-839.4589999926567
-1788.7969999690145
-3867.210000051647
-6345.021000531923
-8503.392000987913
-9902.337001281796
-11271.04400154058
-10861.44500146366
-10751.512001431476
-9222.955001116035
-7564.30200078657
-6115.337000463287
-4516.505000126456
-2837.8149999965735
-1788.6289999690955
-1039.256999986989
-559.5939999986165
-269.80100000055495
-59.9460000000273
0.0
0.0
0.0
0.0
0.0
0.0
0.0
19.983999999999803
-10.004000000000122
-289.8170000005528
-709.4909999957811
-1608.6719999740235
-2437.9829999883405
-3826.866000063461
-4566.206000202483
-5355.397000332731
-5295.372000317111
-5355.439000310488
-5395.365000315906
-4666.122000177519
-3846.7760000575836
-2997.4430000042416
-2158.2039999668214
-1219.007999982732
-899.2499999904089
-549.5409999991952
-329.7260000006889
-129.8879999999201
-59.96200000002732
0.0
0.0
0.0
0.0
0.0
0.0
0.0
-19.999999999999794
-49.972000000006936
-129.92699999997632
-519.5740000004741
-859.2549999914155
-1438.6989999778832
-1838.3069999685504
-2207.976999971344
-2567.627999984704
-2337.8449999766935
-2237.9349999696487
-2148.0179999670795
-2078.091999964667
-1558.5829999751074
-1218.8769999831884
-829.2769999927983
-389.66499999981136
-289.7530000004707
-179.8310000002924
-109.92599999998949
-59.94200000002729
0.0
0.0
0.0
0.0
0.0
0.0
