7.989999999999874
0.0
0.0
0.0
0.0
0.0
0.0
0.0
0.0
-0.9600000000000005
0.0
-0.6600000000000003
-0.3300000000000001
0.0
0.0
0.0
0.0
0.0
0.0
0.0
-2.750000000000002
6.73999999999996
3.1200000000000507
-1.5199999999999985
3.2799999999995806
4.14999999999968
-1.440000000000001
1.1000000000000008
0.0
0.0
0.0
0.0
0.0
-1.1100000000000008
2.4999999999995457
0.5300000000001002
-0.6699999999999898
1.3699999999999886
1.1999999999999913
-0.7600000000000264
-0.9700000000000006
-1.4200000000000008
-1.620000000000001
-4.870000000000541
-6.989999999999895
0.0
-0.6500000000000004
6.759999999999888
2.170000000000123
0.6099999999999994
1.1200000000000023
2.3000000000004737
-1.1599999999999673
1.709999999999988
-0.5400000000000262
0.8699999999999746
-1.0799999999999998
0.16999999999999477
1.3000000000000023
-8.449999999999866
0.0
-2.7099999999999964
3.80999999999979
1.34
0.46000000000000035
-2.6099999999995145
-0.48000000000006243
-0.550000000000004
1.1899999999999922
1.3900000000000015
1.2400000000000002
-0.900000000000005
1.1599999999999944
-4.569999999999619
-1.9700000000000015
0.0
-1.320000000000001
1.209999999999941
3.719999999999924
-0.8499999999999972
-0.98
-2.0500000000002694
-1.330000000000019
0.44999999999998797
2.6599999999986808
-0.3499999999999729
1.7999999999995786
-2.3700000000001262
-3.249999999999851
-1.2100000000000009
0.0
0.0
-2.5199999999999902
-8.089999999999876
-1.540000000000001
-1.5799999999999317
0.460000000000009
-0.6900000000000016
1.5099999999999993
0.20000000000004875
-0.9700000000000084
-0.6900000000000128
-1.8299999999998255
-0.8999999999999949
-2.8400000000000105
0.0
0.0
0.0
-5.589999999999988
-3.239999999999846
1.3700000000000083
-1.420000000000004
2.380000000000377
0.9200000000000055
0.5400000000000048
-0.6699999999999882
0.7100000000000033
1.1599999999999973
2.1999999999998647
0.8400000000000006
0.0
0.0
1.1100000000000005
3.2299999999993942
-2.280000000000102
1.680000000000009
-2.8700000000012835
-2.120000000000128
-1.5000000000000007
0.41999999999997484
-0.3599999999999498
0.8800000000000221
-2.3599999999998746
-5.210000000000843
-0.28
-0.01
0.0
-0.3699999999999991
6.320000000002096
-0.5500000000000039
1.3499999999998165
-1.5899999999998777
0.24000000000000854
-1.4199999999999957
1.6599999999998873
0.4800000000000112
0.050000000000102164
3.32999999999946
4.179999999999903
-1.5000000000000009
-0.01
0.0
-6.5100000000000895
1.9599999999998432
3.6099999999986063
-1.9799999999999478
2.1600000000008888
-1.8699999999997194
0.8300000000000167
-0.6300000000000235
0.5900000000000394
0.5500000000000186
-0.22999999999999615
-0.04999999999999798
-2.919999999999984
0.0
0.0
2.759999999999988
5.7900000000005125
-0.2000000000000137
2.0299999999996436
0.640000000000009
0.14000000000000007
0.09999999999995915
0.7900000000000025
-1.0500000000000003
1.690000000000026
-4.060000000000203
0.6399999999999999
-1.0900000000000007
0.0
0.0
10.449999999999822
0.5800000000000003
-1.920000000000138
-2.239999999999976
1.500000000000001
-0.06000000000000126
-1.1400000000000001
-2.829999999999882
-1.9299999999999988
2.1900000000001993
3.9300000000001236
-0.21999999999999997
0.0
0.0
0.0
