-22.040000000000646
0.0
0.0
-14.959999999999807
5.989999999999932
2.7599999999996863
-0.9500000000000004
-8.909999999999854
-10.850000000000072
7.4099999999998865
3.719999999999391
0.7400000000000233
1.8700000000010908
1.239999999999536
-2.739999999999103
0.3699999999998654
-7.609999999999654
-0.6599999999999944
3.759999999999281
-2.8599999999990398
-2.290000000000896
2.8099999999992264
1.479999999998152
-2.869999999998183
-1.7000000000001947
-0.5900000000000001
-5.670000000000083
-2.600000000000402
1.180000000001532
-2.069999999999547
0.8900000000000485
0.970000000000204
-6.730000000002325
34.65000000000068
7.839999999999319
-1.6299999999990764
-0.6299999999997938
0.9100000000001014
0.9599999999996448
0.809999999999788
2.060000000000063
-14.889999999999821
7.3600000000009365
5.310000000000752
1.8199999999998813
0.7100000000000423
-0.13999999999998097
1.069999999999869
-0.060000000000000005
9.539999999999841
