-35326.000997432144
0.0
0.0
0.0
0.0
0.0
0.0
0.0
0.0
0.0
0.0
0.0
0.0
0.0
0.0
0.0
0.0
0.0
0.0
0.0
0.0
0.0
0.0
0.0
0.0
0.0
0.0
0.0
0.0
0.0
0.0
0.0
0.0
0.0
0.0
0.0
0.0
-19.983999999999803
-29.982000000000728
-19.987000000001444
-79.95799999999505
-39.98300000000021
-69.94100000001147
-59.947000000001864
-89.9389999999822
-159.8730000000808
-99.93100000001435
-79.93000000000076
-49.95900000000693
-59.9480000000273
-39.96500000000022
-29.973000000000727
-19.981999999999804
0.0
0.0
0.0
0.0
0.0
0.0
0.0
0.0
0.0
0.0
-19.983999999999803
0.0
-19.983999999999803
-79.94199999999509
-69.94699999999763
-129.9250000000323
-289.8270000004704
-399.70200000025045
-649.4989999972955
-1069.164999987314
-1378.903999979514
-1868.5109999679762
-2208.1959999705537
-2278.1669999727023
-1758.5779999701183
-1189.026999983558
-659.4629999963446
-299.75500000046867
-129.89399999992014
-29.97500000000073
-19.981999999999804
0.0
0.0
0.0
0.0
0.0
0.0
0.0
0.0
0.0
-19.983999999999803
-129.90999999992022
-229.8250000004168
-359.7520000001281
-819.3769999930995
-1189.1339999837878
-1938.5859999664149
-2568.0699999829903
-3577.3640000225287
-4716.46200017944
-5955.471000428182
-5905.445000436961
-5555.783000369478
-4486.623000142651
-3237.626000012108
-1978.6269999654996
-899.3949999905591
-479.6730000003137
-199.88800000026274
-99.91999999994853
0.0
0.0
0.0
0.0
0.0
0.0
0.0
19.983999999999803
-30.007999999987764
-169.87600000006162
-249.7890000005083
-299.8110000004685
-809.4439999932323
-1469.1659999767785
-2048.8059999633742
-3278.044000017804
-4897.0170002149725
-7225.223000701042
-9263.80100112864
-10452.952001388356
-11152.335001527183
-11282.25800154069
-9623.53300120361
-7445.009000753807
-5786.099000380923
-3547.6730000118046
-2048.6619999637633
-1149.2439999851451
-609.581999998616
-99.94999999994846
0.0
0.0
0.0
0.0
0.0
-19.983999999999803
49.97600000000694
99.90999999998145
-29.9769999999878
-389.7060000008684
-909.4449999916346
-1379.3299999793037
-2568.650999984746
-4237.844000062715
-6916.243000614831
-9974.18600124414
-13421.562001961327
-15370.380002395807
-17238.852002782005
-18018.41200294085
-17048.911002755347
-15809.551002476735
-13161.304001932054
-10163.353001307767
-7125.2550006711535
-5126.557000240487
-3177.7889999984213
-2048.522999964421
-529.6380000006475
-139.90599999993992
0.0
0.0
0.0
0.0
-19.983999999999803
119.92199999995302
69.92699999999763
-229.83900000038517
-559.7749999991053
-1609.1719999748702
-3697.9099999821115
-6096.477000431313
-9114.741001065175
-12882.363001846852
-17079.384002716914
-21206.601003572345
-23374.802004036974
-23374.875004057394
-23564.7000040891
-21745.951003727772
-20636.58100347844
-17738.46100286817
-13800.960002048592
-10283.314001325945
-6705.415000607873
-4836.50100018915
-3147.682999994191
-1309.0289999817614
-269.81300000055705
-79.96199999999504
0.0
-19.981999999999804
0.002
-59.9500000000273
-99.92099999991561
-449.6850000008479
-1099.1999999865743
-2408.389999970883
-4527.121000094927
-7575.199000748026
-12381.935001738697
-16409.27000259258
-21156.145003570487
-26342.441004624932
-28590.930005111037
-29270.350005259752
-29450.192005288864
-29050.46100520711
-28081.14500499537
-25632.87700448614
-22375.024003807466
-17488.452002802132
-12761.455001841494
-8794.084001021101
-5676.085000381021
-3717.3910000160786
-1838.6839999689923
-439.7010000002675
-69.98600000001142
0.0
-19.981999999999804
-29.973000000000727
-169.85700000014717
-359.7300000005589
-1009.153999987976
-2578.097999980163
-4277.081000095341
-8094.458000866356
-11862.139001674988
-17188.225002772502
-22614.52700388855
-27571.265004907844
-29899.72600539651
-30399.37900550399
-29999.50300541731
-29389.88700527669
-28030.999005004636
-26962.020004793027
-26841.961004748016
-23674.042004091243
-18517.500003041434
-14590.285002218325
-9963.377001257248
-5886.071000421069
-3297.823000013139
-1568.918999975007
-519.6750000012693
-59.98800000002735
0.0
-19.981999999999804
-109.92099999994664
-269.77900000055695
-559.5499999983706
-1738.648999970883
-3677.4010000296144
-5845.903000438932
-9983.159001295888
-14909.70800232417
-21415.25400365023
-26921.51200477556
-29419.929005301135
-29759.76100536811
-28450.80100509123
-26751.817004729804
-25443.042004450796
-24933.372004356443
-24933.442004373373
-25322.806004448546
-23843.840004131638
-18837.34300311609
-13181.223001957424
-9074.084001075631
-5446.530000297324
-2528.4419999762795
-1239.2069999838516
-209.8980000002915
-19.9919999999998
0.0
0.0
-79.93000000000076
-229.80700000044834
-669.4699999960329
-1968.5269999653449
-3937.3090000601787
-6765.34200062951
-11562.04300161365
-17348.03200281125
-24552.998004276735
-27880.68000497728
-28690.733005142174
-26722.053004723795
-23574.34800406005
-21506.00400361861
-20756.887003472693
-21575.862003661885
-24413.77400425359
-25622.82800450653
-23913.78400415241
-19057.141003159562
-12821.57300186086
-7485.250000742808
-3717.8469999980566
-1539.2269999765285
-459.7650000007593
-49.98200000000694
0.0
0.0
0.0
-49.955000000006926
-179.87100000025214
-659.5129999961339
-2028.614999964253
-3657.657000054875
-6895.277000650808
-13091.084001906398
-18427.349003032192
-23823.488004143423
-25692.495004536755
-23974.153004180658
-21446.592003621052
-18878.243003074946
-17279.481002748988
-19038.213003121236
-23934.325004121187
-27491.408004867157
-27731.0480049349
-23793.74500414552
-18817.243003095144
-12012.052001676997
-6465.97800050261
-2598.6649999714823
-1009.5929999889236
-299.86700000064485
-39.9830000000029
-19.983999999999803
0.0
0.0
-29.973000000000727
-169.87000000014726
-639.527999997621
-1728.8619999714635
-3457.859000046278
-7854.848000821654
-13460.883001989341
-18517.341003056747
-22894.457003967986
-23504.543004089064
-20117.03000338894
-18178.932002945676
-18878.133003057927
-19178.229003151464
-23005.154003943837
-29380.144005242164
-30679.27200553622
-28110.75300503887
-23793.422004147767
-18287.397002974085
-11072.767001465012
-5416.718000289292
-2168.917999967372
-979.5629999891086
-369.819000000805
-29.99800000000073
-19.983999999999803
0.0
0.0
-29.97300000000073
-59.95100000000186
-449.7190000006194
-1399.1339999789616
-3388.0570000294533
-7844.898000828568
-13271.049001968562
-18487.52100306117
-22355.11300385196
-21445.851003671778
-20557.002003452275
-20736.81500345328
-24173.92100415663
-24044.40600419301
-29440.080005290456
-34116.494004099906
-30968.955005634325
-27870.777004996235
-23273.772004019975
-16688.67300263901
-9973.476001250427
-5276.89900027397
-2448.625999978254
-1189.4159999837811
-419.78400000066324
-39.99000000000291
0.0
0.0
0.0
-19.981999999999804
-29.97900000000073
-349.8030000006133
-1259.2519999821816
-4067.5290000209848
-8344.615000923717
-13640.858002046016
-18817.32600312245
-21935.26600377012
-23124.532004001747
-24004.25900415005
-27171.75800478262
-29219.953005242485
-29969.672005440065
-35215.46900200547
-36005.155000961284
-30529.259005553347
-26941.566004790384
-20615.892003477966
-13860.872002087912
-9473.708001161594
-5526.485000335318
-2978.3469999914623
-1389.2919999795295
-369.79700000033944
-59.98400000002734
0.0
0.0
0.0
0.0
-19.981999999999804
-279.8160000005409
-1189.3009999841324
-4287.482000066119
-8514.494000971126
-14070.599002123048
-18647.453003088493
-21165.925003632387
-24093.816004212724
-27491.43500487985
-30908.50300558896
-32167.705005894302
-34765.40600226121
-38152.930996963754
-33676.961004385026
-29090.447005261616
-24923.091004362344
-18257.831002984654
-12991.63600190498
-8854.338001040662
-5826.330000397743
-3268.1440000052057
-1499.1969999766216
-419.7590000002547
-89.94799999998219
0.0
0.0
0.0
0.0
59.96200000002732
-239.82500000044737
-1359.1329999803631
-4497.17300010064
-8714.331001006201
-13251.275001957198
-18157.999002982997
-22034.886003790678
-25692.594004528208
-29629.446005323818
-31597.725005750195
-34585.55200283398
-36833.778998685375
-38042.88299733195
-32927.30800572632
-28240.63300506217
-22554.7430038769
-16998.79700272118
-11852.332001673527
-8504.739000970936
-5426.588000329132
-3208.07500001078
-1729.0379999710597
-629.6189999977285
-99.94999999998142
0.0
0.0
0.0
0.0
49.97100000000694
-49.96800000000693
-969.4819999892597
-4187.404000048358
-8194.74800089857
-12541.804001808307
-16758.842002683563
-20566.26300347837
-25672.55400450287
-27950.69400497969
-30168.895005443417
-34545.6460033136
-36054.34000065372
-33906.30400400949
-32187.822005860926
-26552.068004705783
-21315.818003605546
-15759.934002461074
-11192.88400154629
-8594.648000973217
-5456.5880003201855
-3068.222000019713
-1998.807999964692
-749.4659999943503
-159.89000000008087
-19.9919999999998
0.0
0.0
0.0
-10.008000000000132
-19.976999999999816
-669.5899999960301
-3287.9990000288653
-6756.059000629904
-11172.742001528564
-15260.031002365324
-19776.96700329728
-22674.907003905988
-25322.879004446386
-29459.618005281536
-32797.02300592378
-33666.28700451772
-33046.81600554362
-31208.480005637488
-25592.69500449292
-19077.426003166376
-14181.048002158746
-10903.105001467324
-6935.662000669991
-4976.9480002401415
-3397.879000018187
-1928.8059999665304
-649.568999997081
-149.91100000001197
-59.978000000027336
0.0
0.0
0.0
49.941000000023216
119.88999999995308
-279.8450000004287
-2668.462999995445
-5856.597000463532
-9833.842001269602
-13781.196002080716
-18338.08600302471
-21655.678003713874
-25053.154004402608
-28340.27000507584
-31577.957005739634
-32657.113005965566
-31218.275005662475
-28930.022005168223
-22545.151003878487
-17828.324002910555
-13131.640001938613
-9044.425001102001
-6955.619000627417
-3967.64500006824
-2878.1809999937523
-1788.8499999702487
-539.6250000002954
-59.95400000002731
-39.9860000000029
0.0
0.0
0.0
89.92099999998223
339.74900000089406
-119.93799999990182
-2078.789999964691
-5546.71200036378
-8934.561001082307
-13241.688001969569
-17898.526002939197
-20946.207003589247
-25083.08600442325
-28400.39000510054
-30978.494005622728
-30059.132005443043
-27751.009004961947
-25302.96700443307
-20176.927003390985
-15430.0990024144
-11582.849001609668
-8144.954000893263
-5346.799000308126
-3207.949000028379
-2268.5259999737023
-1349.0309999803362
-449.66900000084786
-29.98300000000073
0.0
0.0
0.0
0.0
109.92099999998948
299.7930000005859
-20.07899999998519
-1769.032999971094
-3827.778000061434
-7815.460000822553
-11762.650001649972
-16539.60800264526
-20566.551003487344
-25752.63700453212
-28380.63000507568
-29729.458005348133
-27750.971004947725
-24733.34900432357
-22685.074003867354
-16859.413002686084
-12092.83100172508
-9434.281001145446
-6496.105000538615
-4157.354000066207
-2588.344999986193
-1628.8859999733977
-859.4179999917332
-239.813000000508
-59.959000000027316
0.0
0.0
0.0
0.0
109.91099999994665
339.7300000006569
339.69799999982735
-789.739999995411
-2698.5529999729883
-6406.389000491427
-9893.895001246436
-14600.92800221693
-19257.488003185983
-21556.052003675457
-24343.84400423107
-24333.767004235313
-22585.21700387452
-19487.629003240854
-16559.855002620916
-12562.5710018057
-9514.540001181818
-6686.1530005975665
-4627.348000155015
-2808.2289999999757
-1838.8169999684633
-979.3759999889719
-579.5959999989265
-159.88300000012634
-39.972000000002886
0.0
0.0
0.0
0.0
39.96800000000288
239.83600000044743
409.67700000034915
-190.07200000004534
-1329.5639999815003
-3837.9520000105867
-6876.154000630051
-10733.446001434068
-14580.676002226852
-16569.31100265235
-18358.15100301109
-17998.253002943067
-16689.285002679786
-14940.67800230767
-11962.749001697845
-9764.16300122057
-6896.035000645642
-4477.353000158494
-3107.991000019367
-1888.8649999671466
-1099.302999986195
-489.696000000457
-219.84800000032163
-39.96800000000288
-19.983999999999803
0.0
0.0
0.0
0.0
0.0
99.95199999994846
89.85500000002367
-0.09800000000000007
-899.5369999913237
-1998.854999964138
-4507.183000138055
-7325.11300073066
-9733.444001239734
-11072.633001524613
-12581.431001808554
-12091.878001715035
-11911.994001670166
-10193.32900131477
-8374.469000950647
-6785.5260006034
-4976.69200022167
-3107.9850000088295
-1938.7499999654133
-1139.3139999846999
-579.610999998211
-269.82900000055497
-59.9500000000273
0.0
0.0
0.0
0.0
0.0
0.0
0.0
19.9879999999998
9.9979999999999
-289.8560000005528
-819.4929999932652
-1828.720999968805
-2817.9720000127804
-4336.941000133063
-5156.2010003249925
-5945.581000453374
-6025.36000045686
-5935.6510004369475
-6185.431000476782
-5196.26000028933
-4366.795000124351
-3317.621000021939
-2368.329999973673
-1319.0669999804327
-949.3319999892652
-589.582999998359
-329.769000000689
-129.90999999992022
-59.970000000027326
0.0
0.0
0.0
0.0
0.0
0.0
0.0
-19.9879999999998
-49.972000000006936
-149.9110000000605
-589.5779999988277
-1069.1859999866676
-1758.6479999702738
-2218.235999969964
-2507.9989999868176
-2877.6819999937343
-2607.9069999885974
-2458.03499997956
-2438.05899997762
-2348.141999971608
-1678.665999972154
-1348.961999980031
-949.3119999899933
-429.7029999997284
-289.80900000047046
-179.8610000002925
-109.93899999998948
-59.9500000000273
0.0
0.0
0.0
0.0
0.0
0.0
