-3.509999999999969
0.0
0.0
-0.7200000000000004
13.089999999999934
19.960000000000388
35.04000000000095
4.209999999999955
-20.660000000000025
-2.3800000000000017
-21.149999999999903
-8.899999999999931
-46.57999999999953
-20.50999999999931
-56.77000000000088
-136.35000000000258
-26.2500000000002
-0.01
-9.890000000000004
20.370000000000026
-18.93000000000011
-148.25999999999704
-74.60000000000133
6.639999999999401
4.889999999999983
0.0
5.890000000000078
28.330000000000407
62.53000000000242
91.66000000000007
5.119999999999686
66.64999999999661
-9.220000000000121
-3.1099999999999777
-31.230000000000167
-24.159999999999485
41.74000000000031
56.18999999999913
55.269999999998326
37.67000000000074
-4.779999999999961
-0.01
-40.65000000000033
-4.000000000000001
-46.06000000000009
-80.04000000000038
-52.49999999999963
-3.179999999999976
0.0
0.0
