-0.05000000000000001
0.0
0.0
0.0
0.0
0.0
0.0
0.0
0.01
0.01
0.0
0.0
0.0
0.0
0.0
0.0
0.0
0.0
0.0
0.0
-0.030000000000000002
0.04000000000000001
0.18000000000000002
0.2200000000000001
-0.02999999999999999
0.11999999999999995
0.060000000000000046
-0.01
0.0
0.03
0.0
0.0
0.0
0.0
-0.03
0.060000000000000005
0.08
-0.2799999999999999
-0.15999999999999998
-0.26
0.29999999999999993
0.39999999999999997
0.22
0.4899999999999998
0.3399999999999999
0.19999999999999996
0.0
0.0
-0.02
-0.060000000000000005
-0.09
-0.11999999999999998
-0.6400000000000001
-0.33999999999999975
-0.12000000000000008
-0.19999999999999987
-0.04000000000000004
-0.1299999999999998
0.2199999999999999
-0.07000000000000003
0.15
0.0
0.0
-0.03
-0.16000000000000003
-0.14000000000000004
-0.15000000000000002
-0.44
-0.35999999999999976
-0.24000000000000019
-0.47000000000000003
-0.7700000000000002
-0.3199999999999998
-0.08999999999999993
-0.11000000000000001
0.0
0.0
0.0
-0.04
0.27999999999999997
0.07000000000000003
0.029999999999999978
0.060000000000000005
-0.27999999999999986
-0.2800000000000001
-0.12999999999999992
-0.3499999999999998
-0.18000000000000002
0.02999999999999997
0.13
0.0
0.0
-0.05
2.0816681711721685E-17
0.25
0.06000000000000011
0.27999999999999986
0.3799999999999997
-0.19999999999999984
0.3799999999999997
0.29000000000000004
-0.13999999999999987
0.2399999999999999
0.2500000000000002
-0.04000000000000002
-0.09
0.0
-0.05
0.09999999999999999
0.3199999999999999
0.29999999999999954
0.5499999999999998
-0.2799999999999997
-0.24999999999999992
0.06000000000000002
-3.469446951953614E-17
-0.13
0.21000000000000005
0.40000000000000024
-0.27
-0.07
0.0
-0.05
-6.938893903907228E-18
0.02000000000000001
0.3899999999999997
0.4899999999999999
0.5799999999999994
0.31999999999999995
-0.09999999999999981
-0.13000000000000006
0.049999999999999975
0.2299999999999998
-0.09000000000000005
-0.32000000000000006
-0.07
0.0
0.0
0.10999999999999999
-0.4300000000000001
0.1599999999999998
0.1500000000000002
0.5199999999999999
0.39
0.3800000000000002
0.3
0.18999999999999992
0.31
0.13
-0.02
0.0
0.0
0.0
0.05000000000000001
-0.3400000000000002
-0.2899999999999998
0.07999999999999993
-0.13999999999999993
0.27999999999999986
0.10999999999999988
0.5799999999999997
0.4600000000000001
-0.10000000000000003
-0.02
0.0
0.0
0.0
0.0
-0.03
-0.01
-0.09000000000000004
-0.3400000000000001
-0.010000000000000026
-0.16000000000000014
1.9081958235744878E-17
-0.33999999999999986
-0.06999999999999995
-0.06
-0.01
0.0
0.0
0.0
0.0
0.0
-0.01
-0.03
-0.06
-0.04
-0.04
-0.05
-0.07999999999999999
-0.05
-0.04
-0.01
0.0
0.0
0.0
