-0.4830000000000004
0.0
0.0
0.0
0.0
0.0
0.0
0.0
0.0
0.0
0.0
0.0
0.0
0.0
0.0
0.0
0.0
0.0
0.0
0.0
0.0
0.0
0.0
0.0
0.0
0.0
0.0
0.0
0.0
0.0
0.0
0.0
0.0
0.0
0.0
0.0
0.0
0.0
0.0
0.0
0.0
0.0
0.0
0.0
0.0
0.0
0.0
0.0
0.0
0.0
0.0
0.0
0.0
0.0
0.0
0.0
0.0
0.0
0.0
0.0
0.0
0.0
0.0
0.0
0.0
0.0
0.0
0.0
0.0
0.002
0.006
0.004
0.008
0.006
0.010000000000000002
0.009000000000000001
0.019000000000000003
0.013000000000000005
0.007
0.002
0.0
0.0
0.0
0.0
0.0
0.0
0.0
0.0
0.0
0.0
0.0
0.0
0.0
0.0
0.002
0.0
0.0
-0.001
-0.006
0.002
0.0
-0.010000000000000002
-0.004
-0.023000000000000007
-0.008
0.007
0.043000000000000024
-0.001
-0.011000000000000001
-0.010000000000000002
-0.012
0.0
0.0
0.0
0.0
0.0
0.0
0.0
0.0
0.0
0.0
0.0
-0.002
-0.002
-0.005
-0.012000000000000002
-0.023000000000000007
-0.06600000000000004
-0.09000000000000007
-0.1330000000000001
-0.1400000000000001
-0.1360000000000001
-0.1380000000000001
-0.11500000000000009
-0.10900000000000008
-0.07600000000000005
-0.08600000000000006
-0.05900000000000004
-0.04900000000000003
-0.06000000000000004
-0.011000000000000001
-0.006
0.0
0.0
0.0
0.0
0.0
0.0
0.0
0.0
-0.002
-0.004
-0.013000000000000001
-0.021000000000000005
-0.04000000000000002
-0.10600000000000008
-0.11500000000000009
-0.1480000000000001
-0.21700000000000016
-0.21900000000000017
-0.2800000000000002
-0.3060000000000002
-0.33100000000000024
-0.2790000000000002
-0.23700000000000018
-0.20800000000000016
-0.1550000000000001
-0.09600000000000007
-0.1220000000000001
-0.032000000000000015
-0.019000000000000003
-0.002
0.0
0.0
0.0
0.0
0.0
0.0
0.0
-0.006
-0.022000000000000006
-0.03600000000000002
-0.04700000000000003
-0.1230000000000001
-0.1410000000000001
-0.22500000000000017
-0.2820000000000002
-0.2980000000000002
-0.3950000000000003
-0.3930000000000003
-0.3800000000000003
-0.4120000000000003
-0.3710000000000003
-0.3930000000000003
-0.2900000000000002
-0.23400000000000018
-0.21700000000000016
-0.11200000000000009
-0.05700000000000004
-0.018000000000000002
-0.002
0.0
0.0
0.0
0.0
0.0
0.0
-0.002
-0.006
-0.034000000000000016
-0.05300000000000003
-0.12800000000000009
-0.19100000000000014
-0.18500000000000014
-0.2760000000000002
-0.34200000000000025
-0.4100000000000003
-0.4930000000000004
-0.44900000000000034
-0.44600000000000034
-0.36600000000000027
-0.45700000000000035
-0.44600000000000034
-0.3920000000000003
-0.2950000000000002
-0.20500000000000015
-0.1470000000000001
-0.07400000000000005
-0.02600000000000001
-0.006
0.0
0.0
0.0
0.0
0.0
0.0
-0.002
-0.022000000000000006
-0.03900000000000002
-0.08900000000000007
-0.16200000000000012
-0.17900000000000013
-0.25300000000000017
-0.32800000000000024
-0.34600000000000025
-0.3750000000000003
-0.45700000000000035
-0.44100000000000034
-0.47900000000000037
-0.43700000000000033
-0.4940000000000004
-0.4820000000000004
-0.3970000000000003
-0.3100000000000002
-0.22700000000000017
-0.1580000000000001
-0.11200000000000009
-0.05000000000000003
-0.021000000000000005
-0.002
0.0
0.0
0.0
0.0
-0.002
-0.01
-0.018000000000000002
-0.06200000000000004
-0.10600000000000008
-0.1590000000000001
-0.20800000000000016
-0.2780000000000002
-0.32700000000000023
-0.36500000000000027
-0.3770000000000003
-0.4110000000000003
-0.4110000000000003
-0.4270000000000003
-0.44600000000000034
-0.4820000000000004
-0.45100000000000035
-0.3900000000000003
-0.3110000000000002
-0.19100000000000014
-0.11200000000000009
-0.09500000000000007
-0.045000000000000026
-0.015000000000000001
-0.002
0.0
0.0
0.0
0.0
-0.001
-0.001
-0.024000000000000007
-0.06700000000000005
-0.08600000000000006
-0.1500000000000001
-0.22800000000000017
-0.2900000000000002
-0.32200000000000023
-0.3920000000000003
-0.35600000000000026
-0.2910000000000002
-0.33200000000000024
-0.4220000000000003
-0.3990000000000003
-0.45300000000000035
-0.45000000000000034
-0.35300000000000026
-0.2800000000000002
-0.18400000000000014
-0.10500000000000008
-0.07200000000000005
-0.031000000000000014
-0.016
0.0
0.0
0.0
0.0
0.0
-0.002
-0.003
-0.04000000000000002
-0.06400000000000004
-0.09200000000000007
-0.1530000000000001
-0.21600000000000016
-0.2830000000000002
-0.34500000000000025
-0.32200000000000023
-0.35000000000000026
-0.3020000000000002
-0.3150000000000002
-0.4240000000000003
-0.47000000000000036
-0.4850000000000004
-0.45600000000000035
-0.3730000000000003
-0.23700000000000018
-0.1470000000000001
-0.06400000000000004
-0.03700000000000002
-0.009000000000000001
0.0
0.0
0.0
0.0
0.0
0.0
0.0
-0.002
-0.029000000000000012
-0.055000000000000035
-0.10200000000000008
-0.16900000000000012
-0.2450000000000002
-0.23500000000000018
-0.3110000000000002
-0.2970000000000002
-0.32500000000000023
-0.33400000000000024
-0.3790000000000003
-0.4180000000000003
-0.44200000000000034
-0.46400000000000036
-0.3950000000000003
-0.33200000000000024
-0.21900000000000017
-0.1360000000000001
-0.022000000000000006
-0.019000000000000003
-0.009000000000000001
0.0
0.0
0.0
0.0
0.0
0.0
0.0
0.0
-0.019000000000000003
-0.07800000000000006
-0.08900000000000007
-0.19000000000000014
-0.2590000000000002
-0.23700000000000018
-0.2650000000000002
-0.33900000000000025
-0.35700000000000026
-0.3800000000000003
-0.3920000000000003
-0.44700000000000034
-0.4820000000000004
-0.44900000000000034
-0.3920000000000003
-0.3100000000000002
-0.2450000000000002
-0.09300000000000007
-0.045000000000000026
-0.004
-0.005
0.002
0.0
0.0
0.0
0.0
0.0
0.0
0.0
-0.012
-0.055000000000000035
-0.1360000000000001
-0.16600000000000012
-0.21200000000000016
-0.2640000000000002
-0.3000000000000002
-0.33400000000000024
-0.3740000000000003
-0.36500000000000027
-0.3850000000000003
-0.3880000000000003
-0.4840000000000004
-0.4000000000000003
-0.3910000000000003
-0.2660000000000002
-0.23800000000000018
-0.09800000000000007
-0.05900000000000004
-0.013
-0.013000000000000001
0.001
0.0
0.0
0.0
0.0
0.0
0.0
0.0
-0.024000000000000007
-0.08200000000000006
-0.11900000000000009
-0.16000000000000011
-0.21200000000000016
-0.25000000000000017
-0.2830000000000002
-0.3760000000000003
-0.35600000000000026
-0.3860000000000003
-0.43200000000000033
-0.4290000000000003
-0.46700000000000036
-0.36600000000000027
-0.3950000000000003
-0.2880000000000002
-0.20900000000000016
-0.11300000000000009
-0.04100000000000002
-0.02600000000000001
-0.009000000000000001
0.002
0.0
0.0
0.0
0.0
0.0
0.0
0.0
-0.02500000000000001
-0.08500000000000006
-0.10900000000000008
-0.1390000000000001
-0.20600000000000016
-0.22000000000000017
-0.32600000000000023
-0.3090000000000002
-0.32500000000000023
-0.35800000000000026
-0.3750000000000003
-0.3880000000000003
-0.3810000000000003
-0.4310000000000003
-0.34200000000000025
-0.25600000000000017
-0.17900000000000013
-0.09100000000000007
-0.02800000000000001
-0.03700000000000002
-0.02800000000000001
0.0
0.0
0.0
0.0
0.0
0.0
0.0
0.0
-0.043000000000000024
-0.08400000000000006
-0.1240000000000001
-0.16000000000000011
-0.18300000000000013
-0.19900000000000015
-0.2700000000000002
-0.2570000000000002
-0.2810000000000002
-0.32300000000000023
-0.4070000000000003
-0.3830000000000003
-0.3740000000000003
-0.4120000000000003
-0.33600000000000024
-0.2450000000000002
-0.22200000000000017
-0.09300000000000007
-0.06600000000000004
-0.05000000000000003
-0.02800000000000001
-0.001
-0.002
-0.002
0.0
0.0
0.0
-0.008
-0.006
-0.043000000000000024
-0.09500000000000007
-0.16100000000000012
-0.17100000000000012
-0.20000000000000015
-0.20500000000000015
-0.24000000000000019
-0.23800000000000018
-0.2870000000000002
-0.34600000000000025
-0.36000000000000026
-0.34000000000000025
-0.44000000000000034
-0.35400000000000026
-0.2590000000000002
-0.23100000000000018
-0.18200000000000013
-0.08800000000000006
-0.07300000000000005
-0.04800000000000003
-0.018000000000000002
-0.002
-0.002
-0.002
0.0
0.0
0.0
-0.015000000000000003
-0.013000000000000001
-0.034000000000000016
-0.09500000000000007
-0.19300000000000014
-0.17400000000000013
-0.18000000000000013
-0.20600000000000016
-0.2810000000000002
-0.2600000000000002
-0.32600000000000023
-0.33700000000000024
-0.33100000000000024
-0.36200000000000027
-0.3740000000000003
-0.2740000000000002
-0.2780000000000002
-0.22500000000000017
-0.18500000000000014
-0.09900000000000007
-0.06600000000000004
-0.02600000000000001
-0.003
0.0
0.0
0.0
0.0
0.0
0.0
-0.009000000000000001
-0.013000000000000005
-0.03900000000000002
-0.12700000000000009
-0.20200000000000015
-0.22000000000000017
-0.25100000000000017
-0.2790000000000002
-0.3170000000000002
-0.3090000000000002
-0.3720000000000003
-0.4230000000000003
-0.36600000000000027
-0.43800000000000033
-0.4120000000000003
-0.2970000000000002
-0.21900000000000017
-0.20100000000000015
-0.18100000000000013
-0.11500000000000009
-0.056000000000000036
-0.033000000000000015
-0.005
-0.002
0.0
0.0
0.0
0.0
0.0
-0.004
-0.009000000000000001
-0.04600000000000003
-0.10500000000000008
-0.17600000000000013
-0.2670000000000002
-0.2800000000000002
-0.32200000000000023
-0.32000000000000023
-0.33200000000000024
-0.3720000000000003
-0.4140000000000003
-0.3920000000000003
-0.3960000000000003
-0.3070000000000002
-0.2820000000000002
-0.2790000000000002
-0.18600000000000014
-0.1560000000000001
-0.07900000000000006
-0.044000000000000025
-0.032000000000000015
-0.003
0.0
0.0
0.0
0.0
0.0
0.0
0.0
-0.004
-0.031000000000000014
-0.07700000000000005
-0.12700000000000009
-0.20800000000000016
-0.2740000000000002
-0.34100000000000025
-0.36900000000000027
-0.3720000000000003
-0.4170000000000003
-0.36600000000000027
-0.34400000000000025
-0.35100000000000026
-0.2780000000000002
-0.2840000000000002
-0.21600000000000016
-0.18000000000000013
-0.1240000000000001
-0.06700000000000005
-0.02700000000000001
-0.008
-0.001
0.0
0.0
0.0
0.0
0.0
0.0
0.0
-0.002
-0.007
-0.06500000000000004
-0.09500000000000007
-0.1410000000000001
-0.19900000000000015
-0.25200000000000017
-0.3090000000000002
-0.35300000000000026
-0.36900000000000027
-0.4030000000000003
-0.34500000000000025
-0.2940000000000002
-0.2740000000000002
-0.21600000000000016
-0.17000000000000012
-0.1230000000000001
-0.06300000000000004
-0.04000000000000002
-0.016
-0.01
-0.002
0.0
0.0
0.0
0.0
0.0
0.0
0.0
0.0
-0.002
-0.008
-0.024000000000000007
-0.03700000000000002
-0.09400000000000007
-0.10900000000000008
-0.17400000000000013
-0.17700000000000013
-0.19600000000000015
-0.21800000000000017
-0.23800000000000018
-0.19300000000000014
-0.1360000000000001
-0.11100000000000008
-0.07800000000000006
-0.06600000000000004
-0.044000000000000025
-0.019000000000000003
-0.006
-0.002
0.0
0.0
0.0
0.0
0.0
0.0
0.0
0.0
0.0
0.0
-0.004
-0.004
-0.020000000000000004
-0.04900000000000003
-0.04600000000000003
-0.06400000000000004
-0.06600000000000004
-0.07100000000000005
-0.08300000000000006
-0.09800000000000007
-0.07200000000000005
-0.04000000000000002
-0.04000000000000002
-0.032000000000000015
-0.02800000000000001
-0.02600000000000001
-0.012
-0.004
0.0
0.0
0.0
0.0
0.0
0.0
0.0
0.0
0.0
0.0
0.0
0.0
-0.004
-0.013
-0.019000000000000003
-0.02500000000000001
-0.007
-0.004
-0.009000000000000001
-0.008
-0.019000000000000003
-0.015000000000000005
-0.011000000000000003
-0.018000000000000002
-0.009000000000000001
-0.01
-0.006
-0.004
0.0
0.0
0.0
0.0
0.0
0.0
0.0
0.0
