0.04
0.0
0.0
0.0
0.0
0.02
0.04
0.02
0.04
0.0
0.0
0.02
0.01
0.0
0.0
0.0
0.0
0.0
0.0
0.02
0.08
0.15000000000000002
0.19000000000000022
0.44000000000000006
0.25
0.49
0.43000000000000005
0.16
0.04
0.0
0.0
0.0
0.0
0.02
0.05
0.07999999999999997
0.22999999999999998
0.09000000000000004
-0.4099999999999997
0.1400000000000001
0.4799999999999994
0.6600000000000003
0.07999999999999997
-0.05999999999999999
0.0
-0.06
0.0
-0.08
-0.32
-0.31
-0.3399999999999999
-0.24999999999999992
-0.01999999999999997
-0.23000000000000004
-0.56
-0.3500000000000002
-0.42
-0.48000000000000015
-0.029999999999999992
-0.13
-0.06
0.0
-0.08
-0.13
-0.04000000000000001
0.040000000000000015
0.12999999999999995
-0.2399999999999997
-0.009999999999999926
-0.7800000000000004
-0.8600000000000003
-0.5399999999999999
-0.37999999999999995
-0.1900000000000001
0.03
0.0
0.0
0.0
-0.09
0.11999999999999995
0.07000000000000006
0.11999999999999988
0.0699999999999999
-0.31999999999999973
-0.6599999999999999
-0.3600000000000001
0.2799999999999998
0.33999999999999997
0.63
0.14999999999999997
-0.09
0.0
0.0
-0.04999999999999998
0.26
-0.010000000000000018
0.7000000000000001
0.33999999999999997
0.06999999999999998
0.2800000000000001
-0.16999999999999968
-0.22999999999999982
0.24000000000000007
0.3700000000000002
0.029999999999999978
0.0
0.0
0.0
-0.11
0.20999999999999996
0.31999999999999995
-0.05999999999999998
-0.12
0.1499999999999999
0.01999999999999988
-0.30999999999999983
-0.3299999999999999
-0.27999999999999986
0.43000000000000005
0.18
0.0
0.0
-0.02
-0.23
-0.05
0.7800000000000007
0.7299999999999999
0.46999999999999953
0.2900000000000001
-0.010000000000000061
-0.16000000000000017
0.049999999999999815
0.2099999999999999
0.27
-0.01999999999999999
0.0
0.0
-0.01
-0.09
-0.07999999999999997
0.61
0.44999999999999984
0.9200000000000004
0.17999999999999985
0.039999999999999966
0.16999999999999987
0.009999999999999894
0.24999999999999978
0.15
-0.02
0.0
0.0
-0.01
-0.06
-0.3900000000000001
-0.43000000000000016
-0.15999999999999986
0.0299999999999997
0.5099999999999999
0.42000000000000004
0.18000000000000005
0.17999999999999994
-0.00999999999999999
0.03
0.0
0.0
0.0
0.0
-0.02
-0.02
-0.09
-0.3800000000000001
-0.27999999999999997
-0.13000000000000006
-0.14000000000000015
-0.21000000000000008
0.05000000000000001
-0.02
0.0
0.0
0.0
0.0
0.0
0.0
0.0
0.0
0.0
0.0
-0.02
-0.04
-0.02
0.0
0.0
0.0
0.0
0.0
0.0
