-17.92
0.0
0.0
10.050000000000006
23.15000000000017
69.7000000000011
84.0300000000005
2.739999999999999
-6.319999999999995
-0.02
-0.060000000000000026
32.719999999997604
-58.47999999999812
-19.059999999999263
-106.78999999999776
-281.6199999999965
-23.670000000000165
-0.08
-21.37000000000004
-62.11000000000568
-59.23000000000064
-137.56999999999894
-189.9100000000212
-15.580000000000412
65.84000000000027
-3.889999999999961
2.9800000000000066
97.87000000000701
20.11000000000099
85.43999999998938
-49.26999999999951
122.47000000001084
91.85999999999875
4.399999999999951
-44.46999999999924
87.73000000000408
37.02000000000047
177.719999999997
135.81000000000662
-50.18000000000101
-5.669999999999991
0.0
-29.660000000000995
1.5200000000000011
-36.740000000000514
-164.64000000000124
-94.7800000000034
-7.30999999999991
0.0
0.0
