0.0
0.0
0.0
0.0
0.0
0.0
0.0
0.0
0.0
0.0
0.0
0.0
0.0
0.0
0.0
0.0
0.0
0.0
0.0
0.0
0.0
0.0
0.0
0.0
0.0
0.0
0.0
0.0
0.0
0.0
0.0
0.0
0.0
0.0
0.0
0.0
0.0
0.0
0.0
0.0
0.0
0.0
0.0
0.0
0.004
0.002
0.004
0.0
0.0
0.002
0.001
0.002
0.0
0.0
0.0
0.0
0.0
0.0
0.0
0.0
0.0
0.0
0.0
0.0
0.0
0.0
0.0
0.0
0.0
0.0
0.0
-0.002
0.006
0.009000000000000001
0.007000000000000001
0.008000000000000002
0.009000000000000001
0.005000000000000001
0.006
0.004
0.002
0.0
0.0
0.0
0.0
0.0
0.0
0.0
0.0
0.0
0.0
0.0
0.0
0.0
0.0
0.0
0.0
0.006
0.005
0.006
0.006
0.007
0.013000000000000005
0.008
0.011000000000000003
0.02500000000000001
0.015
0.008
0.016
0.005
0.002
0.004
0.0
0.0
0.0
0.0
0.0
0.0
0.0
0.0
0.0
0.0
0.0
0.0
-0.002
-0.002
0.001
-0.001
0.005
0.0
-0.002
0.004
0.001
0.0020000000000000018
0.001
0.017
0.013000000000000001
0.005
0.007
0.008
0.016
0.0
0.0
0.0
0.0
0.0
0.0
0.0
0.0
0.0
0.0
0.0
-0.002
-0.005
-0.005
0.003
-0.002
0.001
-0.008
-0.018000000000000002
-0.002
-0.005
0.003
-0.001
0.001
-0.006
-0.005
-0.005
0.009000000000000001
0.012
0.0
0.0
0.0
0.0
0.0
0.0
0.0
0.0
0.0
-0.002
-0.004
-0.003
-0.010000000000000002
0.001
-0.003
0.002
-0.004
-0.008
-0.003
-0.004
-0.004
0.001
-0.014000000000000002
-0.005
-0.005
0.009999999999999998
-0.002
-0.004
0.004
0.0
0.0
0.0
0.0
0.0
0.0
0.0
0.0
-0.002
-0.001
-0.003
-0.011000000000000001
-0.008
0.009000000000000001
-0.001
-0.009000000000000001
-0.011
0.003
0.0
-0.005
-0.006
-0.002
-0.011999999999999997
-0.018000000000000002
-0.005
-0.014
-0.005
0.001
-0.004
0.0
0.0
0.0
0.0
0.0
0.0
0.0
0.0
-0.001
-0.003
-0.008
-0.01
-0.004
-0.005
-0.009000000000000001
-0.009000000000000001
0.008
-0.003
-0.005
0.006
-0.002
-0.009999999999999998
-0.008
-0.018000000000000002
-0.013000000000000005
-0.018000000000000002
-0.009000000000000001
0.001
-0.001
0.0
0.0
0.0
0.0
0.0
0.0
0.0
0.0
-0.003
-0.002
-0.006
-0.001
0.003
-0.002
0.001
0.0
0.002
-0.006
0.0
-0.001
-0.01
-0.009999999999999998
-0.025
-0.020000000000000004
-0.018000000000000002
-0.015999999999999997
0.0
-0.013000000000000001
-0.009000000000000001
-0.004
0.0
0.0
0.0
0.0
0.0
0.0
0.0
-0.001
-0.001
-0.011
-0.002
0.002
0.003
0.009000000000000001
-0.008
-0.005
0.001
-0.003
-0.003
-0.002
-0.023000000000000007
-0.02600000000000001
-0.008000000000000002
-0.008000000000000002
-0.003
-0.005
-0.005
-0.004
-0.003
-0.002
0.0
0.0
0.0
0.0
0.0
0.0
-0.002
-0.004
0.0
0.0
0.014000000000000002
-0.002
-0.002
-0.002
0.013000000000000001
0.013000000000000003
-0.002
-0.004
-0.018000000000000002
-0.007000000000000006
-0.014000000000000005
-0.002
0.002
-0.005
0.002
-0.005
0.0
0.002
0.0
0.0
0.0
0.0
0.0
0.0
0.0
-0.002
-0.001
-0.002
0.008
0.003
0.0
0.007
0.006
0.009000000000000001
-0.003
-0.009000000000000001
0.008
-0.003
-0.02000000000000001
-0.009000000000000001
-0.007
0.004
-0.001
0.005
0.001
0.004
0.007
0.002
0.0
0.0
0.0
0.0
0.0
0.0
-0.001
-0.001
-0.004
0.01
-0.003
0.004
0.018000000000000002
0.0
0.003
-0.004
0.005
0.006
-0.005
-0.006
0.004
0.010000000000000002
0.004000000000000001
0.009000000000000003
0.018000000000000002
0.009000000000000001
0.006
0.008
0.003
0.0
0.0
0.0
0.0
0.0
0.0
-0.001
-0.003
0.004
-0.001
0.002
0.004
0.001
0.0
0.004
0.006
-0.005
0.001
0.009000000000000001
0.018000000000000002
0.004
-0.002
-0.001
0.010000000000000004
0.014999999999999998
0.011000000000000001
0.008
0.001
-0.001
0.0
0.0
0.0
0.0
0.0
0.0
-0.003
-0.004
0.004
0.002
0.005
0.006
0.013000000000000005
0.005
0.01800000000000001
-0.01
0.010000000000000002
0.003
0.011000000000000001
0.001
0.006
0.011000000000000001
0.009000000000000003
0.007000000000000001
0.009000000000000003
0.017
0.013999999999999999
0.009000000000000001
-0.001
0.0
0.0
0.0
0.0
0.0
0.0
-0.004
-0.004
-0.005
-0.001
0.007000000000000001
0.009999999999999998
0.019000000000000003
0.008999999999999998
0.001
0.010000000000000004
0.009000000000000001
0.003
-0.004
-0.011000000000000003
-0.007000000000000003
-0.005
-0.002
0.009999999999999998
0.001
0.008000000000000004
0.005
0.007000000000000001
0.003
0.0
0.0
0.0
0.0
0.0
0.0
-0.001
-0.006
-0.006
-0.002
-0.004
0.009000000000000001
0.022000000000000006
0.007
0.007
0.013000000000000001
-0.007000000000000001
0.007
-0.008
0.001
-0.006
-0.002
-0.002
0.001
-0.003
-0.004
0.008
-0.004
0.002
0.0
0.0
0.0
0.0
0.0
0.0
-0.004
-0.004
-0.010000000000000002
-0.004
-0.012
0.005
0.014000000000000009
0.008000000000000005
0.024000000000000007
0.006000000000000002
0.016
0.002
-0.005
0.010000000000000002
0.0
-0.004
-0.003
-0.003
-0.005
0.007
0.0
-0.003
0.004
0.0
0.0
0.0
0.0
0.0
-0.002
-0.003
-0.004
-0.01
-0.009000000000000001
0.001
0.010000000000000002
0.015
0.003
0.012
0.007
0.004
0.009000000000000001
0.002
0.020000000000000004
0.020000000000000004
0.009000000000000001
0.015
0.004
-0.004
-0.004
0.004
0.0
0.0
0.0
0.0
0.0
0.0
0.0
-0.002
-0.001
0.001
-0.001
-0.013000000000000001
-0.015
0.012
-0.003
-0.004
0.003
0.006
0.008000000000000004
0.004
0.011000000000000003
0.004
0.013000000000000001
0.006
0.001
-0.005
-0.003000000000000001
0.005
0.0
0.005
0.002
0.0
0.0
0.0
0.0
0.0
-0.001
-0.001
-0.003
0.002
-0.005
-0.006
-0.001
0.004
0.007
0.008
0.016000000000000007
0.021000000000000005
0.023
0.009000000000000001
0.015000000000000001
0.01
0.010000000000000002
-0.008
0.008
-0.001
0.0
0.0
-0.001
-0.001
0.0
0.0
0.0
0.0
0.0
-0.002
-0.001
-0.001
-0.002
-0.004
-0.008
-0.013000000000000001
0.006
-0.007000000000000001
-0.002
0.004
-0.004
0.001
0.002
0.010000000000000002
-0.005
-0.003
-0.002
-0.006
-0.004
-0.001
-0.003
-0.002
-0.002
0.0
0.0
0.0
0.0
0.0
0.0
0.0
0.0
-0.003
-0.005
-0.010000000000000002
-0.005
-0.006
-0.015000000000000001
-0.009000000000000001
-0.010000000000000002
-0.014000000000000002
-0.007000000000000001
-0.013000000000000001
-0.006000000000000001
-0.01
-0.004
-0.003
-0.003
-0.003
-0.001
-0.002
0.0
0.0
0.0
0.0
0.0
0.0
0.0
0.0
0.0
0.0
-0.002
-0.001
-0.001
-0.004
-0.005
-0.007
-0.007
-0.005
-0.001
-0.004
-0.006
-0.006
-0.004
-0.001
-0.001
-0.001
0.0
0.0
0.0
0.0
0.0
0.0
0.0
0.0
0.0
0.0
0.0
0.0
0.0
0.0
0.0
0.0
0.0
-0.002
-0.001
-0.001
-0.002
0.0
-0.002
-0.002
-0.002
-0.002
0.0
0.0
0.0
0.0
0.0
0.0
0.0
0.0
0.0
0.0
0.0
0.0
0.0
0.0
0.0
0.0
0.0
0.0
0.0
0.0
-0.002
-0.001
-0.002
0.0
0.0
0.0
0.0
0.0
0.0
0.0
0.0
0.0
0.0
0.0
0.0
0.0
0.0
0.0
0.0
0.0
0.0
