0.25000000000000006
0.0
0.0
0.0
0.0
0.10999999999999999
0.31
0.09
0.0
-0.12000000000000001
-0.060000000000000005
0.0
0.0
0.0
0.0
0.0
0.0
0.0
0.0
0.10999999999999999
0.2500000000000001
0.41000000000000014
-0.12999999999999992
0.5699999999999997
0.3699999999999998
0.5500000000000003
0.4
0.009999999999999976
0.08
0.19000000000000003
0.0
0.0
0.0
0.10999999999999999
0.6700000000000002
0.12999999999999992
0.02999999999999999
0.06000000000000007
-0.32999999999999996
-0.24999999999999978
0.72
0.7100000000000004
0.3699999999999998
-0.07
-0.11000000000000003
-0.3700000000000001
0.0
-0.12999999999999998
-0.5299999999999999
-0.09
-0.8700000000000004
-0.5800000000000001
-0.23999999999999969
0.2899999999999993
-1.1600000000000008
-0.34
-0.5400000000000004
-0.30000000000000004
-0.04999999999999986
-0.9700000000000004
-0.4400000000000001
0.0
-0.12999999999999998
-0.19000000000000003
-0.3400000000000001
-0.5300000000000002
-0.029999999999999923
-0.5599999999999995
0.7200000000000001
-0.46000000000000113
-0.7100000000000002
-0.7600000000000002
-0.6499999999999997
-0.22000000000000003
-0.20999999999999994
0.0
0.0
0.0
-0.13999999999999996
0.3999999999999996
0.12999999999999975
0.25000000000000017
-1.07
0.5999999999999996
-1.910000000000001
-0.6900000000000007
-0.3199999999999994
-0.040000000000000036
0.8300000000000005
0.13999999999999999
0.0
0.0
0.0
0.15000000000000002
0.7000000000000003
0.3699999999999999
0.39999999999999925
-0.1499999999999998
0.21999999999999997
0.29999999999999993
0.10999999999999956
-0.05
0.6300000000000009
1.2400000000000004
0.30000000000000004
0.0
0.0
0.0
0.040000000000000015
-0.33999999999999986
0.8000000000000004
0.1699999999999999
-0.30000000000000004
0.09999999999999978
0.06999999999999985
0.24999999999999992
0.47999999999999965
-0.1900000000000003
0.5300000000000002
0.10000000000000002
0.0
0.0
0.0
-0.39000000000000007
0.019999999999999844
0.7500000000000008
0.5799999999999994
0.41000000000000014
0.14000000000000007
0.5599999999999999
-0.12999999999999978
0.09999999999999967
-5.377642775528102E-17
-0.3099999999999997
0.10999999999999999
0.0
0.0
-0.02
-0.8900000000000006
-0.7299999999999998
0.14999999999999997
1.0100000000000007
0.9100000000000008
0.67
0.4300000000000003
0.3400000000000001
0.12999999999999973
0.019999999999999865
0.4399999999999999
0.059999999999999984
0.0
0.0
-0.02
-0.35000000000000014
-0.8600000000000002
-0.13
-0.13000000000000003
0.6399999999999999
0.3599999999999995
0.82
0.9499999999999998
0.42000000000000004
-0.7300000000000002
-0.2
0.0
0.0
0.0
0.0
-0.08
-0.13999999999999999
-0.24000000000000002
-0.6100000000000002
-0.8800000000000007
-0.9900000000000002
-0.9400000000000001
-0.6900000000000002
-0.28999999999999987
-0.20000000000000007
-0.06
0.0
0.0
0.0
0.0
0.0
0.0
0.0
-0.05
-0.08
-0.08
-0.05
-0.02
-0.02
0.0
0.0
0.0
0.0
0.0
