-9.799999999999836
0.0
0.0
8.589999999999861
-1.7200000000000701
76.48999999999957
103.66999999999611
16.02999999999969
41.42999999999859
19.999999999999662
-7.82999999999989
-56.71999999999874
-116.64999999999219
5.879999999999535
-192.6000000000036
-210.90000000000734
-87.50000000000374
-0.9500000000000006
-61.570000000000014
-201.6300000000109
-65.93999999999885
-185.81000000000972
-170.55000000001485
85.84999999999908
98.38000000000527
-3.1699999999999764
-18.34000000000033
166.66000000000582
26.870000000001024
121.12999999999515
-70.01000000000205
212.76999999997975
122.0999999999972
-3.099999999999978
27.810000000001594
109.63000000001432
92.52999999999086
153.66000000002242
66.3999999999947
83.0499999999971
-11.270000000000367
0.0
-60.19000000000136
-21.459999999999066
-96.4699999999996
-142.94000000000452
-24.310000000000006
-46.31999999999972
-6.199999999999912
0.0
