0.002
0.0
0.0
0.0
0.0
0.0
0.0
0.0
0.0
0.0
0.0
0.0
0.0
0.0
0.0
0.0
0.0
0.0
0.0
0.0
0.0
0.0
0.0
0.0
0.0
0.0
0.0
0.0
0.0
0.0
0.0
0.0
0.0
0.0
0.0
0.0
0.0
0.0
0.0
0.0
0.0
0.0
0.0
0.0
0.0
0.004
0.002
0.002
0.004
0.0
0.0
0.0
0.0
0.0
0.0
0.0
0.0
0.0
0.0
0.0
0.0
0.0
0.0
0.0
0.0
0.0
0.0
0.0
-0.002
-0.001
0.005
0.005
0.005
0.006
0.004
0.013000000000000003
0.009000000000000001
0.006
0.002
0.0
0.0
0.0
0.0
0.0
0.0
0.0
0.0
0.0
0.0
0.0
0.0
0.0
0.0
0.0
-0.002
-0.001
-0.005
0.003
0.003
0.002
0.011000000000000001
0.01
0.011999999999999997
0.005
0.006
0.024000000000000007
0.020000000000000004
0.013000000000000001
0.013000000000000001
-0.003
0.004
-0.002
-0.004
0.0
0.0
0.0
0.0
0.0
0.0
0.0
0.0
0.0
0.0
-0.001
-0.001
-0.005
0.003
0.004
-0.001
-0.001
-0.004
-0.011
0.001
0.005
0.013999999999999999
0.019000000000000003
0.012
0.016999999999999994
0.012
-0.001
0.002
-0.004
0.0
0.0
0.0
0.0
0.0
0.0
0.0
0.0
0.0
0.0
-0.001
-0.001
-0.001
-0.006
-0.008
-0.008000000000000002
-0.009
0.005
0.0
-0.009
0.006
0.007
0.006
0.002
0.0
-0.005
-0.003
0.004
0.0
0.0
0.0
0.0
0.0
0.0
0.0
0.0
0.0
-0.002
-0.002
-0.001
-0.005
-0.009000000000000001
0.004
-0.005
0.0
-0.011
-0.003
0.0
-0.009000000000000003
-0.001
-0.010000000000000002
0.003
0.005
-0.003000000000000001
-0.006
-0.001
0.002
-0.004
-0.004
0.0
0.0
0.0
0.0
0.0
0.0
0.0
-0.002
-0.002
-0.006
-0.008
0.004
-0.007
-0.009999999999999997
-0.013
-0.002
0.007
-0.001
-0.011999999999999999
-0.006999999999999993
-0.013
-0.016
-0.018999999999999996
-0.018000000000000002
-0.013000000000000005
-0.007
-0.008
-0.002
-0.002
0.0
0.0
0.0
0.0
0.0
0.0
0.0
-0.005
-0.009000000000000001
-0.01
-0.010000000000000002
-0.004
-0.012
-0.017
0.004
0.002
-0.005
0.006
0.004
-0.008999999999999998
0.001
-0.021000000000000005
-0.022000000000000006
-0.019000000000000003
-0.013000000000000001
-0.011000000000000001
-0.006
-0.004
-0.002
0.0
0.0
0.0
0.0
0.0
0.0
-0.004
-0.006
-0.007
-0.009000000000000001
0.001
-0.003
-0.001
-0.012999999999999996
0.0
-0.007
-0.003
0.002
-0.021000000000000005
0.0
-0.020000000000000004
-0.023000000000000007
-0.017
-0.020999999999999998
-0.015
-0.016
-0.010000000000000002
-0.003
-0.006
0.0
0.0
0.0
0.0
0.0
0.0
-0.002
-0.003
-0.011000000000000001
-0.008
-0.001
-0.005
0.004
0.006
0.002
-0.016
0.003
-0.008
-0.010999999999999996
-0.014000000000000004
-0.020000000000000004
-0.016
-0.003
0.002
-0.006
-0.008
-0.004
-0.005
-0.001
0.0
0.0
0.0
0.0
0.0
0.0
-0.004
-0.007
0.002
-0.007
0.003
0.003
0.0049999999999999975
0.003
0.003
0.002
-0.002
-0.009000000000000001
-0.013000000000000005
-0.002
-0.004
-0.007
0.002
-0.005
-0.003
0.003
0.0
0.005
-0.002
0.0
0.0
0.0
0.0
0.0
0.0
-0.002
-0.002
0.005
0.002
0.005000000000000001
0.009000000000000005
0.010000000000000002
0.013999999999999995
0.003
0.0029999999999999966
0.0
-0.004
-0.011000000000000001
-0.004
0.0
-0.003
0.006
0.005
-0.003
0.020000000000000004
0.014000000000000002
0.007
-0.002
0.0
0.0
0.0
0.0
0.0
0.0
-0.001
-0.003
-0.003
0.006
0.002
-0.010000000000000002
0.012
0.004
-0.005
-0.009999999999999998
0.009999999999999998
-0.003
-0.005
-0.004
0.005
0.008
0.009000000000000001
0.006
0.006000000000000002
0.021000000000000005
0.014000000000000002
0.006
0.0
0.0
0.0
0.0
0.0
0.0
0.0
-0.001
-0.001
0.003
0.003
0.007000000000000002
-0.008
-0.001
0.004
-0.001
-0.008
0.0
-0.007000000000000001
0.005
0.008
0.001
-0.005000000000000001
0.001
0.0060000000000000045
0.014000000000000005
0.023000000000000007
0.009000000000000001
-0.007000000000000001
-0.004
-0.006
0.0
0.0
0.0
0.0
0.0
-0.003
-0.005
-0.001
0.008
0.004
0.001
0.018000000000000002
-0.005
-0.002
-0.004
0.019000000000000003
-0.002
0.020000000000000004
0.012000000000000004
0.004
0.005
0.008
0.002
-0.011000000000000001
0.006000000000000004
0.017000000000000008
0.004
-0.007
-0.008
0.0
0.0
0.0
0.0
0.0
-0.003
-0.005
-0.002
-0.006
0.012000000000000004
0.001
0.02700000000000001
-0.002
0.0020000000000000018
0.002
0.009000000000000001
0.005
0.006
0.008
-0.003
0.0
0.009000000000000001
0.016999999999999994
0.006000000000000001
0.010000000000000007
0.012000000000000002
0.005000000000000001
-0.004
-0.005
0.0
0.0
0.0
0.0
0.0
-0.002
-0.013000000000000001
0.001
-0.009000000000000001
0.0
0.004999999999999997
0.008000000000000009
0.01800000000000001
0.014000000000000002
0.014000000000000002
0.005
-0.004
-0.004
-0.007
-0.0069999999999999975
0.015000000000000005
0.012
-0.003
0.009000000000000001
0.006
0.001
-0.003
-0.01
-0.003
0.0
0.0
0.0
0.0
0.0
0.0
-0.01
-0.006
-0.017
-0.007
0.015000000000000001
0.02500000000000001
0.008
0.013000000000000005
0.015000000000000006
0.007
0.002
0.007
0.0
-0.001
-0.004
-0.012
0.002
0.013000000000000005
-0.003
-0.013000000000000001
-0.01
-0.003
-0.006
0.0
0.0
0.0
0.0
0.0
0.0
-0.006
-0.003
-0.024000000000000007
-0.004
0.004
-0.002
0.013999999999999999
0.013000000000000008
-0.001
0.006000000000000002
0.003
0.0
0.005
0.016
0.003
0.006
0.008
0.006
-0.01
0.009000000000000001
0.004
0.001
0.0
0.0
0.0
0.0
0.0
0.0
0.0
0.0
-0.003
-0.012
-0.015
-0.004
0.004999999999999997
0.017
0.016
0.006
0.015
0.018000000000000002
0.008
0.006
0.01400000000000001
0.008
0.008
0.014999999999999998
0.001
0.012
-0.002
0.001
-0.001
0.0
0.0
0.0
0.0
0.0
0.0
0.0
0.0
-0.004
-0.007
-0.003
-0.014000000000000005
0.001
0.004
0.007
0.015000000000000008
0.014000000000000009
0.021000000000000005
0.008
0.006
0.015
0.018000000000000006
-0.001
0.003
0.002
-0.001
-0.005
0.0
0.0
0.0
0.0
0.0
0.0
0.0
0.0
0.0
0.0
0.0
-0.012
0.002
-0.002
0.009000000000000001
-0.003
-0.002
0.007000000000000002
0.011000000000000003
0.004
-0.004000000000000002
0.007
-0.009999999999999998
0.008
0.004
-0.008
-0.004
-0.003
-0.004
0.0
0.0
0.0
0.0
0.0
0.0
0.0
0.0
0.0
0.0
0.0
0.0
-0.006
-0.001
-0.012
-0.010000000000000002
-0.015000000000000008
-0.010000000000000004
-0.005000000000000001
-0.005
-0.005
0.002
-0.008
-0.011000000000000001
-0.006
0.0
0.0
0.0
0.0
0.0
0.0
0.0
0.0
0.0
0.0
0.0
0.0
0.0
0.0
0.0
-0.002
-0.001
-0.003
-0.003
-0.007
-0.01
-0.010000000000000002
-0.004
-0.008
-0.007
-0.004
-0.003
0.0
0.0
0.0
0.0
0.0
0.0
0.0
0.0
0.0
0.0
0.0
0.0
0.0
0.0
0.0
0.0
0.0
-0.002
-0.001
-0.004
-0.003
-0.001
-0.003
-0.001
-0.002
-0.002
-0.001
-0.001
-0.002
0.0
0.0
0.0
0.0
0.0
0.0
0.0
0.0
0.0
0.0
0.0
0.0
0.0
0.0
0.0
0.0
0.0
0.0
0.0
-0.002
-0.001
-0.002
0.0
0.0
0.0
0.0
0.0
0.0
0.0
0.0
0.0
0.0
0.0
0.0
0.0
0.0
0.0
0.0
0.0
0.0
0.0
