-14.76999999999973
0.0
0.0
10.779999999999887
44.03000000000154
57.590000000000686
52.9200000000035
26.230000000000604
62.44999999999824
19.999999999999662
-9.989999999999904
-55.57000000000025
-131.86000000001198
-116.1400000000012
-87.27000000000726
-417.999999999962
-68.1600000000018
-1.0400000000000007
-165.40000000000222
-135.04000000000323
-125.22000000001788
-325.58999999999145
-284.82999999997634
53.55999999999369
161.80000000000445
-4.599999999999946
-58.71999999999628
263.2600000000299
104.26999999998785
91.15000000000522
-51.89999999999601
232.87000000002047
149.50999999999505
-10.19999999999983
-68.88000000000169
215.56000000000884
153.42999999998847
275.0000000000107
130.73999999998998
103.85000000000322
-9.50999999999993
0.0
-155.87000000000552
-4.160000000000022
-98.59000000000466
-191.08000000000925
-105.64000000000476
-10.619999999999951
0.0
0.0
