-0.3100000000000001
0.0
0.0
0.0
0.0
0.0
0.02
0.13999999999999999
0.25
-0.1
-0.02
0.0
0.0
0.0
0.0
0.0
0.0
0.0
0.0
0.0
-0.32999999999999996
0.049999999999999926
-1.2700000000000007
0.5400000000000003
0.3299999999999993
-0.030000000000000027
0.42000000000000015
-0.5600000000000003
-0.25000000000000006
-0.24999999999999983
0.0
0.0
0.0
0.12999999999999998
0.49999999999999994
0.6500000000000004
-1.0000000000000002
0.1700000000000003
-0.62
-0.44000000000000067
1.3
0.9999999999999996
-1.1100000000000003
1.4600000000000002
0.92
-0.009999999999999992
0.0
0.0
-0.060000000000000005
0.07999999999999999
-0.5499999999999996
-0.03999999999999987
-1.2100000000000015
0.09999999999999941
-1.2300000000000009
-0.05999999999999983
-1.150000000000001
-1.0700000000000005
0.5400000000000006
-1.1700000000000004
0.09000000000000002
0.0
-0.15
-0.7800000000000002
-1.3400000000000007
-0.7999999999999998
0.16999999999999982
-0.01999999999999855
-0.5699999999999987
-1.4400000000000015
-1.1600000000000004
-1.2100000000000015
-1.1800000000000002
-0.8299999999999993
-1.0400000000000005
-0.01
0.0
-0.15
-0.6200000000000003
0.35000000000000003
-0.42999999999999955
0.0999999999999992
-1.8400000000000012
1.0499999999999994
-2.4899999999999984
-0.4400000000000004
-1.3500000000000012
1.0800000000000003
0.46999999999999986
-0.5000000000000002
0.0
0.0
0.0
-0.05999999999999998
0.6099999999999997
-0.7100000000000002
0.9500000000000004
-0.57
-0.6100000000000012
0.7999999999999999
-0.7300000000000008
-0.07999999999999953
1.4400000000000006
0.7900000000000006
0.6400000000000003
0.0
0.0
-0.01
-0.4900000000000002
0.8900000000000008
1.710000000000001
-0.5000000000000014
0.04000000000000023
1.1500000000000006
0.16999999999999973
0.6899999999999996
2.220446049250313E-16
0.3300000000000008
0.9500000000000001
0.35
-0.02
0.0
-0.01
-0.46
-0.5800000000000001
1.0400000000000016
1.2600000000000002
1.0200000000000005
0.3799999999999987
-0.1899999999999986
-1.0599999999999992
1.05
-0.7700000000000005
-0.07000000000000037
-0.6300000000000003
0.0
0.0
-0.01
-1.400000000000001
-1.4500000000000006
0.6800000000000012
1.1500000000000008
0.6900000000000036
2.5300000000000047
0.8999999999999998
1.7200000000000015
0.27999999999999925
0.3199999999999997
0.6800000000000003
0.030000000000000006
-0.02
0.0
0.0
-0.5100000000000002
-1.670000000000001
-0.44999999999999896
0.8900000000000001
0.8400000000000002
0.3899999999999999
0.2699999999999994
1.3500000000000003
1.4700000000000006
0.3699999999999998
-0.35
-0.07
0.0
0.0
0.0
-0.04
-0.08
-0.18999999999999992
-0.78
-0.09
-0.9799999999999999
-1.3200000000000005
-0.9100000000000005
-0.4999999999999999
-0.25
-0.03
0.0
0.0
0.0
0.0
0.0
0.0
0.0
-0.02
-0.06999999999999999
-0.04
-0.060000000000000005
-0.060000000000000005
-0.03
-0.01
0.0
0.0
0.0
0.0
