-13990.480002391485
0.0
0.0
0.0
0.0
0.0
0.0
0.0
0.0
0.0
0.0
0.0
0.0
0.0
0.0
0.0
0.0
0.0
0.0
0.0
0.0
0.0
0.0
0.0
0.0
0.0
0.0
0.0
0.0
0.0
0.0
0.0
0.0
0.0
0.0
0.0
0.0
19.95199999999982
29.930000000000728
19.953000000001403
39.906000000002805
0.0
0.0
0.0
19.993999999999797
10.002999999999897
29.971999999987805
-9.96900000000008
19.94999999999982
0.0
0.0
0.0
0.0
0.0
0.0
0.0
0.0
0.0
0.0
0.0
0.0
0.0
0.0
0.0
0.0
19.94999999999982
59.85600000002719
19.953000000001403
29.906000000013563
69.83299999999753
109.75099999994693
89.74899999998249
299.27900000058537
408.954000000156
628.4309999973177
778.035999993299
718.191999994345
718.2259999949199
418.94999999944355
259.3590000005723
109.72699999998956
49.878000000006885
9.975000000000087
-19.95399999999982
0.0
0.0
0.0
0.0
0.0
0.0
0.0
0.0
0.0
-0.002
-19.946999999999825
19.954999999998233
-109.73199999986178
-159.56500000003382
-189.45300000019566
-419.01600000066276
-319.2880000002584
-239.45100000050624
169.56000000018855
408.86299999802037
767.9889999914442
1047.3189999859642
847.8869999906028
648.4199999960448
379.07700000025727
79.81100000000623
19.953000000001403
19.978999999998177
-59.89200000002723
0.0
0.0
0.0
0.0
0.0
0.0
0.0
-19.94999999999982
-29.929000000000727
-69.82300000001163
-199.55500000022474
-458.95500000122837
-778.1819999943588
-1087.6149999869003
-1616.338999974408
-2285.084999971488
-2744.2609999902206
-3123.5830000136098
-2854.6230000080336
-3133.690999991688
-2565.152999975129
-2175.7989999666383
-2015.8919999644436
-1786.2729999697692
-1666.2729999731387
-977.7779999890097
-678.5359999963555
-418.9970000004595
-209.54700000032446
-39.922000000002825
0.0
0.0
0.0
0.0
0.0
0.0
-19.94999999999982
-89.78499999998243
-269.3890000005551
-658.5869999969935
-1067.678999986445
-1846.0269999681161
-3043.441999992935
-4271.149000076983
-5029.832000269233
-5718.889000422926
-6826.45500064627
-6617.089000645769
-7395.337000776717
-7315.671000766288
-7304.926000759977
-6606.224000616856
-5887.690000443712
-4400.611000127779
-3103.2950000056303
-2045.6299999635967
-1187.2299999837169
-838.0509999931836
-109.71599999998956
-19.903999999999847
0.0
0.0
0.0
0.0
19.94999999999982
-69.84800000001161
-199.5810000002977
-628.7149999977498
-1317.2309999812094
-1826.1719999681857
-3183.3730000228184
-4949.546000236991
-6406.933000554974
-7644.636000825576
-8243.62200096411
-9840.179001274244
-9959.915001328567
-10149.329001384305
-10997.273001538577
-10857.600001513738
-9919.52000132121
-8921.174001088819
-7065.3310006851825
-5538.36300033728
-3372.766000015916
-2175.230999967638
-1327.054999981144
-518.8110000002264
-99.73699999994896
0.04600000000000003
0.0
-19.945999999999824
-39.9000000000028
-39.91600000000282
-149.68300000010797
-538.8140000003145
-937.8659999898815
-1845.9709999681925
-3272.9350000126096
-5209.001000277297
-7035.014000669939
-8332.32000096407
-10009.087001297708
-11087.08200152168
-11586.419001633025
-12005.078001730746
-13212.17000196474
-13461.403002036808
-14099.991002156012
-13022.095001942502
-11605.281001642852
-9250.459001137802
-6526.1450005761935
-4370.846000115402
-2833.898999986732
-1486.6769999771377
-678.4129999965618
-129.66799999997508
19.999999999999794
0.0
-19.945999999999824
-29.921000000000728
-109.75499999998955
-289.32000000055285
-668.4309999960574
-1676.1009999728728
-2654.201999988467
-4420.497000122875
-5807.79000044542
-7853.208000864862
-9799.342001262956
-10538.138001436188
-10358.752001423556
-10498.558001439373
-10867.297001512567
-12393.574001809078
-13012.111001960677
-13451.42100205978
-13910.238002129638
-12563.257001842741
-9739.462001263164
-7234.73700073042
-4690.141000186371
-2694.1959999895266
-1347.0629999800756
-588.7449999983788
-149.6180000000106
-19.959999999999816
0.0
-19.945999999999824
-29.920000000000726
-129.6979999999192
-299.27000000046996
-808.21799999292
-1915.730999966939
-2953.710000011216
-4460.338000168738
-6156.823000532356
-8302.316000971301
-9989.036001319644
-9680.404001286393
-9770.24700127961
-9939.923001284395
-10348.262001369
-11655.508001637712
-12602.99800186183
-13620.856002076895
-13670.598002079196
-12453.569001815918
-9420.159001205742
-6276.846000548702
-4061.606000058488
-2404.873999971433
-1037.7959999878212
-499.0370000011312
-89.8069999999824
0.0
0.0
0.0
0.0
-39.9020000000028
-279.3110000005416
-818.1559999922855
-1726.217999970887
-2953.503000013892
-4420.540000160163
-6266.776000550602
-8761.471001051365
-9061.233001155873
-9281.235001157826
-8762.356001017062
-8203.508000903345
-8871.513001057576
-10537.974001413562
-11914.82400171888
-13181.72000198502
-13580.768002051847
-11465.533001623153
-8691.65100104336
-5568.241000371462
-2854.122000004302
-1516.838999976773
-608.8819999986325
-169.77200000010396
-19.97399999999981
0.0
0.0
0.0
0.0
-29.921000000000728
-319.28900000061714
-898.0469999907446
-1406.8829999780555
-2564.368999993169
-4480.377000167944
-6456.291000585718
-8143.033000937097
-8033.561000937416
-8094.024000893813
-7395.732000729747
-7425.177000756759
-8422.852000997398
-10328.68000139727
-12952.429001914232
-13341.626002008137
-12632.81200186414
-9769.217001300955
-7504.048000782089
-4031.6100000526017
-1946.146999965854
-638.8339999974214
-169.79000000014688
-99.94999999994846
0.0
0.0
0.0
0.0
-19.945999999999824
-49.89300000000689
-289.34900000059315
-808.2649999934309
-1357.0249999796
-2784.230999993429
-4540.377000173857
-6336.834000570712
-7314.709000791126
-7574.714000823314
-7245.835000724227
-7216.19600070682
-8432.908000986727
-9410.74900123858
-11795.295001696655
-13461.240002029297
-13491.374002038714
-11206.108001594659
-8691.592001065466
-6247.109000488578
-2814.231999982873
-898.2869999905855
-359.3870000009878
-60.03600000007851
9.922000000000022
-19.999999999999794
0.0
0.0
0.0
-9.972999999999912
-19.969000000001422
-239.51500000047625
-459.044999999348
-1447.0809999785088
-2465.0349999872083
-4550.34100017653
-5798.158000487194
-7345.075000777104
-7894.1130008571945
-8403.482000930724
-8932.323001065764
-11176.439001550314
-11196.525001616214
-13022.191001967834
-14039.860002164187
-12713.277001917386
-10926.775001525175
-8302.403000941546
-4750.318000173625
-2116.1189999649973
-639.1159999980626
-159.97299999999026
-90.01099999989839
89.77999999998244
-39.95000000000286
0.0
0.0
0.0
-19.945999999999824
-29.94500000000073
-179.66300000021067
-499.0179999995609
-1507.0259999770428
-2744.383999991327
-4141.483000117471
-5658.6880004400255
-7185.418000728587
-7794.024000854205
-9470.778001174858
-11017.148001523954
-12014.045001776985
-11884.740001786848
-14189.417002209417
-13999.92500216649
-12174.650001813228
-10477.800001436435
-7614.170000801459
-4042.33000005165
-2066.259999964791
-559.1940000003539
-209.93400000029166
-110.07199999977426
59.82299999997658
-39.95000000000286
0.0
0.0
0.0
0.0
-19.945999999999824
-209.5750000003246
-508.91599999942713
-1676.7429999726107
-2734.4179999970697
-4221.433000110621
-5259.5130003394215
-6527.174000611475
-7754.311000864774
-9789.629001270045
-11685.11300168128
-12163.701001828898
-13400.997002058242
-14568.109002277908
-13351.738002041242
-11735.250001727623
-9759.256001284617
-6985.566000682593
-4351.431000076326
-1787.0659999705229
-798.7139999944183
-389.41400000121916
-50.12200000000701
19.882999999999864
-69.88100000001157
0.0
0.0
0.0
0.0
0.0
-209.56300000032454
-658.6179999967834
-1846.1489999686364
-2694.502000001992
-3872.194000069429
-4760.873000232263
-6087.590000497179
-7624.6810008099865
-9539.918001212225
-10716.940001482817
-11355.319001653073
-12632.54900190467
-13371.388002049682
-12603.517001900433
-11395.618001645116
-9070.777001151004
-6267.214000539
-3543.3960000435673
-2136.3719999663854
-888.6599999910237
-588.9799999995449
-209.73300000036002
-59.94200000000186
-49.90800000000691
0.0
0.0
0.0
0.0
-19.95199999999982
-289.3930000005528
-888.2079999913448
-2015.8409999642395
-2963.8900000149165
-3453.0120000532165
-4221.597000088963
-4890.695000232408
-6427.302000540082
-7734.248000832794
-8851.397001091093
-10787.219001490219
-11834.74300172022
-12413.361001847446
-11964.484001752995
-10777.18600149219
-8232.8130009527
-5858.308000426829
-3523.204000031949
-1926.7819999653605
-1467.350999977668
-798.6129999937295
-369.4400000001856
-89.85800000002365
-69.85800000001159
0.0
0.0
0.0
0.0
-59.85800000002719
-309.2990000004146
-1117.6189999855444
-2225.2879999724355
-3393.254000040862
-3772.3690000693095
-4431.568000088653
-4272.111000087897
-5020.711000246716
-6427.324000530113
-7674.238000826706
-9569.873001238317
-10906.55800152397
-11704.76700167553
-10986.513001526166
-9240.697001155313
-6995.576000687653
-5429.3470003319635
-3283.9040000436444
-2175.872999973147
-1786.5489999693766
-1018.062999988259
-439.2020000000482
-169.66700000018912
-49.93300000000691
-19.959999999999816
0.0
0.0
0.0
-59.87900000000186
-349.30399999995933
-1217.332999982205
-2574.468999995788
-3901.92800008592
-4421.007000189254
-4810.6340002224515
-5000.256000250439
-5409.562000319998
-6457.148000534841
-8292.980000922715
-9809.256001262445
-10348.09200139993
-10567.541001432493
-9839.396001253615
-7793.863000851823
-6396.863000569643
-4810.652000251008
-3732.5990000703746
-2455.2639999940825
-1796.3919999688103
-1087.7549999866433
-498.99499999982265
-189.6000000002347
-19.94999999999982
-19.959999999999816
0.0
0.0
0.0
-69.8540000000116
-468.90700000017983
-1476.8219999772205
-2714.325000002798
-4191.243000139531
-5279.072000365251
-5788.23800046895
-6397.317000581186
-6387.397000574453
-7923.8000008458575
-9240.738001128573
-10258.194001350868
-10667.269001426077
-9869.362001272664
-9191.15900111886
-7684.270000832686
-5888.432000507621
-4730.725000263073
-3792.2860000759247
-2754.486000001044
-1556.696999974709
-1047.8119999874007
-369.2240000000321
-129.73499999991938
0.0
0.0
0.0
0.0
0.0
-49.875000000006885
-389.08300000069147
-1287.1759999821538
-2574.474999987046
-4121.162000098704
-5498.6550004050405
-6965.522000703993
-7883.893000912811
-8342.836001013726
-9430.30000121876
-10218.553001365894
-11136.610001533018
-10088.772001344314
-9021.286001141638
-8881.856001083721
-7075.789000742078
-5319.537000414974
-4740.374000228846
-3393.3320000461395
-2285.3269999747813
-1227.5219999823805
-818.2129999927898
-359.2060000004161
-89.797000000003
-19.95199999999982
0.0
0.0
0.0
0.0
-39.9000000000028
-189.5370000002344
-718.4709999956822
-1886.061999967725
-3313.13900002004
-5218.889000308001
-7274.773000750209
-8761.48200107854
-10448.046001430565
-11136.462001587248
-11724.921001701923
-11445.444001643418
-11106.378001560735
-9490.362001249896
-8512.596001023801
-7015.828000704319
-5239.626000355299
-4052.087000074963
-2854.2189999956736
-1746.4889999707475
-997.8839999885681
-469.02500000017966
-249.46400000053586
-99.80299999998155
0.0
0.0
0.0
0.0
0.0
-19.94999999999982
-139.65999999993875
-409.16600000054444
-948.171999989729
-2185.516999967147
-4071.592000033064
-5767.978000413155
-8083.095000904813
-10018.933001311878
-10657.210001470148
-11565.311001640928
-11076.35900154735
-9669.496001276368
-9050.853001125175
-7903.606000857177
-6057.713000462483
-4131.850000068322
-2874.319999993611
-1726.5719999709581
-928.2029999894222
-578.7659999987078
-179.56000000025062
-119.72799999990237
-19.95199999999982
0.0
0.0
0.0
0.0
0.0
0.0
-39.91000000000281
-209.56400000032454
-519.0060000004876
-1217.4969999837876
-1965.9469999651953
-3203.1310000169506
-4680.006000189513
-5797.496000442843
-6865.252000653168
-7324.214000732141
-6855.400000649407
-6655.92500059049
-5808.015000395019
-4490.909000136064
-3572.8350000166593
-2415.1229999769616
-1506.949999976221
-898.1499999896669
-678.5769999957446
-339.27300000042067
-129.74499999997545
-39.89600000000279
0.0
0.0
0.0
0.0
0.0
0.0
0.0
-19.95599999999982
-9.97799999999991
-169.6920000001464
-409.2210000001552
-1017.8989999881272
-1586.5579999742636
-1975.7979999643796
-2404.645999988665
-2933.4130000052937
-2773.7709999994186
-2414.7619999851654
-2624.1629999862143
-2085.508999965042
-1706.3449999710895
-1356.9549999797032
-1037.711999987956
-588.684999998146
-369.1720000000324
-249.43500000053572
-129.68799999991916
-29.92500000000073
-19.95399999999982
0.0
0.0
0.0
0.0
0.0
0.0
0.0
0.0
-19.94999999999982
-59.89400000000187
-209.5540000003245
-458.9170000002885
-708.3339999948348
-1017.5719999879998
-1117.338999984934
-1207.073999983281
-1117.3159999853046
-997.6389999881592
-937.7709999897367
-857.939999991768
-658.4149999963693
-458.94799999981853
-309.28800000063734
-109.74700000003216
-79.85300000000628
-99.77700000001428
-59.90200000002724
-19.94999999999982
0.0
0.0
0.0
0.0
0.0
0.0
