-0.016000000000000007
0.0
0.0
0.0
0.0
0.0
0.001
0.005
0.008
-0.015000000000000001
0.003
0.0
0.0
0.0
0.0
0.0
0.0
0.0
0.0
0.004
-0.04200000000000002
-0.10800000000000007
-0.09100000000000005
0.002000000000000008
0.046999999999999986
0.12200000000000008
-0.06500000000000006
0.0020000000000000052
-0.04000000000000002
-0.09700000000000007
0.0
0.0
0.0
0.001
-0.008
-0.004000000000000021
-0.1390000000000001
0.03700000000000003
-0.13100000000000006
-0.09600000000000006
-0.013999999999999992
0.10000000000000006
-0.10900000000000006
-0.006000000000000052
0.09600000000000004
0.09600000000000007
0.0
0.0
-0.010000000000000002
-0.03499999999999999
-0.1370000000000001
-0.08900000000000004
-0.10800000000000008
-0.023000000000000013
-0.03
-0.07300000000000004
0.02099999999999991
-0.04800000000000004
0.06200000000000001
0.03699999999999998
0.08600000000000006
0.0
-0.009000000000000001
-0.048000000000000015
-0.07500000000000004
-0.06700000000000003
-0.013999999999999992
-0.047999999999999945
-0.09500000000000003
-0.060000000000000026
-0.2720000000000002
-0.1350000000000001
-0.10300000000000005
-0.11100000000000007
-0.06600000000000002
-0.001
0.0
-0.009000000000000001
-0.027999999999999997
-0.029
0.024000000000000004
-0.07000000000000003
-0.06700000000000003
0.08600000000000006
-0.2750000000000002
0.1560000000000001
-0.12700000000000009
3.469446951953614E-18
0.09100000000000007
-0.04099999999999997
0.0
0.0
0.0
-0.011
0.10600000000000005
-0.11500000000000007
0.14000000000000004
-0.027999999999999973
-0.11300000000000004
0.02099999999999997
-0.07400000000000002
-0.002000000000000028
0.20000000000000015
0.16300000000000012
0.09300000000000005
-0.010000000000000002
0.0
0.0
-0.042000000000000016
0.010999999999999989
0.09400000000000003
-0.016999999999999904
-0.004000000000000056
0.11100000000000007
-0.01699999999999997
0.09200000000000001
-0.051000000000000004
0.10900000000000007
0.11400000000000006
-0.01799999999999999
-0.02000000000000001
0.0
0.0
-0.08400000000000006
-0.12200000000000005
0.21500000000000016
0.1640000000000001
0.06200000000000003
0.09200000000000005
-0.09100000000000004
0.031000000000000014
0.06500000000000003
0.026999999999999934
-0.05500000000000002
-0.04699999999999999
-0.016000000000000007
0.0
0.0
-0.1360000000000001
-0.16300000000000012
0.024
0.07800000000000004
0.13600000000000007
0.23600000000000018
0.04000000000000002
0.19800000000000015
0.033999999999999975
0.11500000000000005
9.999999999999992E-4
-0.008
-0.005
0.0
-0.001
-0.048000000000000036
-0.04500000000000001
0.02599999999999996
0.09400000000000006
0.047
0.17800000000000013
0.027999999999999928
0.12700000000000009
0.10200000000000006
-0.03699999999999995
-0.024000000000000007
-0.011000000000000001
0.0
0.0
0.0
-0.011000000000000001
-0.03500000000000002
-0.061000000000000026
-0.11100000000000008
-0.02999999999999997
-0.10100000000000006
-0.1370000000000001
-0.1390000000000001
-0.003999999999999997
-0.04000000000000001
-0.015000000000000001
0.0
0.0
0.0
0.0
0.0
0.0
0.0
-0.006
-0.024000000000000007
-0.03900000000000002
-0.026000000000000016
0.0
-0.006
-0.006
-0.002
0.0
0.0
0.0
