0.026000000000000016
0.0
0.0
0.47000000000000036
0.6540000000000005
-0.001000000000001256
0.33600000000000024
-0.12600000000000003
-0.046999999999999466
0.0
-0.07300000000000005
-0.0020000000000002845
-0.17200000000000104
-0.2900000000000004
0.030000000000000318
-0.5940000000000004
-0.052999999999999936
-0.09800000000000007
-0.23000000000000012
0.03300000000000117
-0.060999999999999895
-0.5370000000000004
-0.22099999999999947
0.01099999999999806
0.32000000000000023
-0.7870000000000006
0.014000000000000571
0.31500000000000017
0.10100000000000317
0.16400000000000003
0.01299999999999821
-0.07699999999998323
-0.0290000000000023
-0.8090000000000006
0.04100000000000037
0.31600000000000095
0.40200000000000113
0.4230000000000002
0.11800000000000371
-0.11999999999999661
0.010000000000000016
-0.015000000000000006
-0.8620000000000007
-1.2729999999999762
-0.24200000000000016
-0.3180000000000002
0.11800000000000002
-0.10300000000000008
0.0
0.0
