-17469.311003100214
0.0
0.0
0.0
0.0
0.0
0.0
0.0
0.0
0.0
0.0
0.0
0.0
0.0
0.0
0.0
0.0
0.0
0.0
0.0
0.0
0.0
0.0
0.0
0.0
0.0
0.0
0.0
0.0
0.0
0.0
0.0
0.0
0.0
0.0
0.0
0.0
0.0
0.0
0.0
19.959999999999816
19.95900000000141
49.8970000000069
49.89300000000689
69.89800000001154
39.93500000000024
29.963999999987816
-19.959999999999816
0.0
19.957999999999817
29.937000000000726
29.93700000000073
19.957999999999817
0.0
0.0
0.0
0.0
0.0
0.0
0.0
0.0
0.0
0.0
0.0
0.0
19.959999999999816
19.959999999999816
39.92400000000283
29.900000000000727
79.79900000000622
179.65400000021063
229.51800000044693
439.1000000004885
558.8399999986341
718.4929999951058
997.9289999887053
1007.9119999877315
968.0239999890092
658.638999996364
329.32400000027116
179.63600000021054
69.8570000000116
19.957999999999817
0.0
0.0
0.0
0.0
0.0
0.0
0.0
0.0
0.0
0.0
-19.95599999999982
-49.8980000000069
-39.93199999999764
-149.73500000001113
-159.6870000001254
-279.4130000006061
-389.2620000012182
-389.33800000104304
-279.6150000005848
79.6640000000267
349.009999998919
927.8509999888356
1237.2469999815569
1167.6419999833179
808.3049999917233
508.9719999996945
159.61600000017057
29.915000000000738
49.9320000000232
-19.961999999999815
0.0
0.0
0.0
0.0
0.0
0.0
0.0
-19.957999999999817
-49.92700000000691
-119.78099999990225
-219.58300000035348
-429.22800000057913
-808.4759999930845
-1447.4989999781171
-1966.580999965952
-2565.5669999828965
-3424.082000015816
-3753.569000050678
-3813.9510000599967
-3863.5770000346893
-3384.323000017007
-3104.862999998187
-2735.0989999862013
-2585.2439999798344
-1946.2779999663474
-1307.4789999812706
-898.3559999915053
-459.05100000052346
-299.4210000006436
-59.936000000027285
0.0
0.0
0.0
0.0
0.0
-19.957999999999817
-59.896000000027236
-69.89699999999759
-319.4020000005274
-738.7479999946735
-1557.172999975495
-2545.443999982366
-3803.2880000340324
-5111.433000261821
-6279.443000522974
-6978.400000691234
-7956.731000899777
-8006.914000939093
-8945.140001104548
-9084.651001129898
-8814.79600107106
-8465.086000983425
-7426.775000755851
-5619.81600038141
-4042.6700000362234
-2635.2319999783635
-1457.1789999778512
-998.033999989394
-209.5940000003247
-19.91799999999984
0.0
0.0
0.0
0.0
19.957999999999817
-119.76999999990227
-299.4740000005275
-698.7859999957199
-1786.7879999702977
-2645.3489999935923
-4332.595000125835
-6039.5310004835255
-8056.497000893796
-8925.207001102981
-10362.795001396978
-11790.217001679093
-12199.15000178703
-12338.910001834549
-13037.467001966204
-13087.301001976533
-12667.511001876861
-10970.543001519947
-9024.082001078265
-6129.251000477638
-3942.8300000461554
-2415.5119999769745
-1487.1619999769407
-668.7359999968754
-129.72699999991934
0.04200000000000002
0.0
0.0
0.0
-19.957999999999817
-249.55300000050718
-708.7949999959922
-1377.4699999796483
-2575.358999983582
-4052.9120000617386
-6568.6710005657305
-8625.065001003195
-10471.726001392113
-12408.734001785066
-13666.365002047994
-14624.681002247631
-15043.830002346112
-16251.310002584944
-16530.667002663547
-16809.9570027278
-16430.452002636623
-14703.619002273916
-11469.628001590458
-7885.9790008423915
-5140.820000266113
-3144.3990000064123
-1846.5019999685533
-868.3179999917813
-219.55100000035333
10.021000000000143
0.0
0.0
-19.95599999999982
-79.8250000000008
-409.2730000005446
-1127.896999985379
-2026.2559999639006
-3314.0150000217723
-5250.535000305674
-7636.561000800783
-9772.940001252979
-11639.489001644197
-12687.864001881395
-13007.77700195962
-13327.362002011723
-13776.086002100483
-15223.30400238695
-16520.451002662427
-16560.349002698793
-17708.0140029037
-15991.261002538507
-12427.792001801192
-9014.120001073867
-5929.738000415661
-3064.723000012211
-1547.24699997523
-858.5049999920763
-199.59000000026134
-19.983999999999803
0.0
0.0
-29.932000000000727
-159.6670000000798
-399.22500000006613
-1257.7139999821081
-2385.6609999793336
-3613.414000042149
-5590.05200038846
-7596.5150008236205
-10182.048001348454
-11839.216001699473
-11829.643001725184
-12498.957001823073
-11780.034001679905
-13077.114001921755
-13995.46100212092
-15462.191002444908
-16849.956002736504
-17288.774002816586
-15592.225002461118
-11809.02300169035
-7746.549000845128
-5231.152000274294
-2585.7889999825215
-1118.2029999857773
-668.9309999974898
-99.84399999994871
0.0
0.0
0.0
-29.933000000000728
-99.80099999998156
-369.24900000018624
-1177.7699999838646
-2375.8999999803805
-3164.4280000457125
-5410.419000357414
-7506.90100080951
-10321.921001370805
-11210.370001580815
-11360.901001587294
-10921.501001460978
-10961.12300145763
-11440.217001575702
-13256.968001968457
-14703.98100229143
-16700.277002696756
-16590.401002674946
-14364.222002217055
-11020.637001523
-6908.02300065426
-3633.972000036722
-1727.288999971341
-689.0029999962288
-329.5320000006884
-29.943000000000726
0.0
0.0
0.0
-19.95399999999982
-89.8139999999824
-309.38900000041434
-1237.7689999829938
-1906.7249999661665
-3144.579000035663
-5640.07500038824
-7616.701000821215
-9583.040001230747
-10182.61800136206
-10013.2580012885
-10063.708001261999
-10053.175001290503
-10741.686001487451
-13107.472001969116
-15812.060002504253
-16800.2160027115
-15701.947002488181
-11889.043001734573
-9064.138001116044
-5500.522000343811
-2455.9759999794796
-938.8029999908888
-180.0060000002123
-159.8620000000352
-19.968999999999813
0.0
0.0
0.0
0.0
-79.83999999999533
-309.42600000063766
-988.2469999887095
-1697.151999970927
-3444.1670000214926
-5500.293000370407
-7467.073000790188
-8814.961001091873
-9553.959001219207
-9065.145001104123
-9284.834001150664
-10542.021001437848
-12328.602001826324
-14295.003002224794
-16909.775002729497
-16291.479002614582
-14105.21600217396
-10811.121001490455
-7457.042000748474
-3753.7480000061087
-1318.2229999818142
-269.938000000562
-60.1030000000531
19.884999999998406
-0.014
0.0
0.0
0.0
0.0
-0.004
-259.5680000005517
-868.4729999914599
-1667.3719999724506
-3104.753000025198
-5570.225000386666
-7008.168000724596
-8715.172001060326
-9793.280001241792
-10452.705001364913
-10981.521001507403
-14244.903002184206
-13915.490002180733
-16111.273002602986
-17678.50200289727
-15931.86600255877
-12987.035001952217
-10072.376001299554
-5970.03100041076
-2366.539999969749
-859.0669999928667
-140.2159999996294
49.67999999997492
19.8730000000013
-0.014
0.0
0.0
0.0
0.0
0.0
-169.7560000001467
-718.7139999949085
-1846.9529999687668
-3304.4270000291676
-5251.058000337178
-6718.8940006674
-8535.555001007606
-9873.291001266043
-11500.565001597506
-14574.367002234558
-15332.494002454627
-15652.196002544537
-17129.203002822404
-17159.32100280969
-14864.044002364877
-13067.005001953825
-8944.445001081876
-4762.569000188374
-2027.1429999645602
-849.0209999938286
-170.06500000006253
-40.305000000013095
39.889999999997734
0.0
0.0
0.0
0.0
0.0
0.0
-199.65300000029802
-698.8439999957186
-1986.8369999653478
-3344.325000026676
-4731.96000023816
-5960.106000498833
-7537.4190008106925
-9274.418001165028
-12069.178001726865
-14653.681002277846
-15262.447002453797
-16280.714002656676
-17707.84200291814
-16660.4980027084
-14844.198002355628
-12667.886001875493
-8485.427000999025
-4682.580000170471
-1997.4859999654836
-949.0799999908718
-409.7200000009353
-100.03499999994825
-20.01099999999811
-89.86499999998232
0.0
0.0
0.0
0.0
-39.938000000002845
-329.4520000006883
-938.4559999901616
-2046.692999963774
-3484.2990000221093
-4402.685000149007
-5161.774000319547
-7287.8300007180505
-8865.124001068343
-11450.032001603557
-13086.583001972886
-14314.184002242453
-15821.678002547476
-16390.400002661376
-15512.603002493164
-14683.956002307603
-12068.879001747295
-7836.812000867831
-4223.30000010883
-2436.558999976233
-948.8819999895667
-709.077999996375
-179.87300000029254
-79.86300000000078
-49.923000000006915
0.0
0.0
0.0
0.0
-59.89800000002724
-379.2770000005871
-1088.207999986506
-2206.4029999704717
-3224.770000025528
-3993.68600007398
-4772.354000189117
-5790.572000396657
-7467.683000759645
-9443.942001182031
-10651.258001469567
-13535.937002047182
-14703.879002308224
-15522.11500247813
-14883.78100235072
-13067.20700196368
-10631.7710014281
-7118.052000694138
-4682.597000150914
-2336.6789999811554
-1637.5809999732458
-1138.3489999855717
-369.6229999997202
-169.64800000023186
-49.895000000006895
0.0
0.0
0.0
0.0
-69.86000000001158
-349.3380000003513
-1357.6369999800936
-2485.928999990393
-3893.6600000614517
-4682.383000191954
-4842.281000191019
-5391.552000291344
-6389.945000507593
-7707.106000802394
-9892.782001272442
-11709.376001679595
-13735.538002101504
-14254.668002205011
-14165.224002164572
-11370.38100158785
-8575.344001012707
-6169.789000502761
-4063.691000080765
-2556.068000004292
-1887.174999966309
-1487.7259999772057
-449.4229999990222
-229.6210000004791
-49.8980000000069
0.0
0.0
0.0
0.0
-129.76599999997552
-409.2279999995712
-1517.3009999754888
-3134.5530000207686
-4642.175000206801
-5341.070000365267
-5431.262000362713
-6050.385000463503
-6439.775000535992
-8106.799000865144
-10012.744001273755
-11929.184001700518
-12847.24300191263
-13127.033001958122
-12518.259001809136
-9953.145001291054
-7846.90000087139
-5850.445000466975
-4372.825000145129
-2875.607000021351
-1936.8949999650297
-1317.86999998088
-828.6689999928126
-199.69100000029823
-39.93600000000284
0.0
0.0
0.0
0.0
-119.78200000000413
-638.7859999972065
-1457.4329999766144
-3124.569000027336
-5211.001000325161
-6339.225000582756
-7736.937000840444
-8146.254000924265
-8156.773000943588
-9863.376001244233
-11140.603001512454
-13016.989001904682
-13555.79300202187
-12498.53700182152
-11679.953001637674
-9803.521001258197
-7237.810000770275
-5620.851000454958
-4332.789000153357
-3095.0730000226613
-1876.7899999669437
-1138.2299999844831
-618.8979999971822
-189.71800000023526
-10.003999999999895
0.0
0.0
0.0
0.0
-99.80699999998154
-409.21400000034987
-1487.2699999772167
-2804.962000003347
-5070.998000292599
-7057.893000723481
-8305.680001005067
-10022.838001348311
-10931.209001544512
-12138.745001766758
-12996.963001936803
-13845.35700210063
-13017.137001953963
-11669.813001695806
-10881.34700150555
-9104.69500113858
-6758.854000690528
-5950.034000465562
-4073.27900008871
-2905.129000002617
-1397.6409999784041
-958.4259999897201
-399.31000000006577
-109.82999999998951
-59.90500000002725
0.0
0.0
0.0
0.0
-69.85800000001159
-259.5200000005517
-868.4379999920963
-2225.988999969464
-4332.446000091979
-6638.369000602546
-8854.298001086516
-11489.860001628555
-13376.353002030151
-14065.109002186597
-15402.493002441306
-14983.190002363892
-14045.077002177635
-13007.221001942604
-10771.422001476329
-8415.656001002151
-6648.817000620266
-5111.579000277978
-3234.6120000184737
-2056.7289999639447
-1168.0549999848442
-499.2070000003459
-259.54800000055167
-49.95100000000693
-39.93400000000284
0.0
0.0
0.0
0.0
-39.92000000000282
-159.72000000003453
-489.1370000007129
-1218.041999983888
-2845.2479999826382
-5111.00900024023
-7776.291000814554
-10481.526001392629
-12507.911001825838
-13226.235002003124
-14244.435002197615
-14393.937002219174
-13136.463001962327
-11489.657001603802
-9253.967001135543
-7277.644000708004
-5181.344000269782
-3234.669000026592
-2156.3599999682506
-1108.2509999854378
-609.0289999981758
-239.62800000047676
-99.79799999994881
-19.961999999999815
-19.961999999999815
0.0
0.0
0.0
0.0
0.0
-39.964000000002876
-209.71700000032527
-449.3680000001631
-1178.1769999844407
-2595.668999980491
-4072.9800000486757
-5410.317000369245
-7037.37600070556
-8115.743000919282
-9073.839001080974
-8664.519001009421
-8125.628000885566
-6987.923000639822
-5190.959000291779
-4082.823000040966
-2944.893999994277
-1896.7659999670798
-1218.0059999826424
-698.8739999951254
-389.3320000005161
-179.6790000001703
-39.914000000002815
0.0
0.0
0.0
0.0
0.0
0.0
0.0
-19.963999999999814
-49.92000000000691
-109.8950000000323
-489.25100000071285
-1227.8569999834965
-1826.7269999684747
-2535.4569999906926
-3074.482000030835
-3343.8480000369595
-3423.666000024717
-3403.8020000155248
-3254.1090000172358
-2684.983999998015
-2185.9479999705086
-1647.0009999730764
-1167.8539999847308
-658.9239999961478
-479.2349999995666
-309.46800000033954
-239.58700000044624
-69.8520000000116
-39.92600000000283
0.0
0.0
0.0
0.0
0.0
0.0
0.0
-19.96999999999981
-29.953000000000728
-29.95400000000073
-199.63800000026154
-608.8199999979541
-858.2759999909565
-1257.4779999823331
-1327.3849999800968
-1317.3869999805775
-1257.5859999823306
-1157.702999984541
-1277.4509999817801
-1287.5089999817171
-918.186999990008
-658.677999996363
-449.1180000003914
-189.66200000034996
-189.68600000027345
-119.78600000005507
-89.868000000003
-39.91200000000281
0.0
0.0
0.0
0.0
0.0
0.0
