0.11400000000000009
0.0
0.0
0.34800000000000025
0.06800000000000073
0.1170000000000003
0.34300000000000025
0.7650000000000006
0.4660000000000003
0.2930000000000002
0.08600000000000146
0.04500000000000015
-0.2800000000000002
-0.11100000000000207
-0.08500000000001076
-0.3030000000000002
0.02799999999999922
-0.5780000000000004
-0.4140000000000003
-0.2620000000000006
-0.21300000000000052
-0.30000000000000016
-0.08500000000001799
0.12800000000000156
0.4350000000000003
-0.6950000000000005
0.2980000000000002
0.2610000000000001
0.04500000000000832
0.242
-0.008999999999997465
0.057000000000003534
0.4750000000000004
-0.5940000000000004
-0.29700000000000015
0.1220000000000038
0.24100000000000021
0.28800000000000014
0.30100000000000027
0.06199999999998768
0.47200000000000036
0.0
-0.6950000000000005
0.23800000000000027
-0.2910000000000002
0.05300000000000106
0.003999999999999702
-0.20800000000000013
-0.001
0.0
