-13.389999999999759
0.0
0.0
0.0
0.0
0.35000000000000014
0.7000000000000003
0.16
0.5700000000000002
4.1
3.980000000000003
0.0
0.0
0.0
0.0
0.0
0.0
0.0
0.0
0.6800000000000003
10.550000000000004
1.5299999999999985
9.480000000000103
27.809999999998738
24.21000000000013
32.53000000000036
29.320000000000476
6.650000000000027
-3.319999999999973
2.040000000000002
0.0
0.0
0.0
-0.18999999999999997
0.09000000000000007
-15.179999999999854
-5.449999999999956
21.560000000000606
-10.890000000000157
7.530000000000019
23.94999999999799
25.170000000001
-12.339999999999833
27.71999999999894
21.719999999999924
3.470000000000085
0.0
-1.400000000000001
-6.2999999999999945
-8.979999999999949
-4.979999999999798
-15.839999999999918
-51.56000000000177
-12.389999999999686
-49.35999999999772
-27.58000000000202
-57.05000000000184
-56.87000000000145
2.480000000000114
-11.289999999999823
4.900000000000013
0.0
-1.6400000000000012
-5.2299999999999525
-11.14999999999991
3.86000000000006
-49.05000000000311
-29.679999999999843
-8.869999999999624
-29.89000000000061
-63.150000000000105
-77.1200000000014
-67.16000000000021
-13.629999999999866
-11.579999999999933
-0.02
0.0
-0.01
-7.909999999999887
-15.459999999999765
-4.5299999999995055
3.8500000000001426
-6.829999999999557
17.659999999999403
-112.95000000000431
-50.93000000000305
-78.56000000000229
-36.53999999999927
21.85999999999982
2.330000000000001
-2.8399999999999834
0.0
-4.3099999999999525
-17.44999999999982
9.210000000000116
-9.099999999999936
61.790000000001264
-1.640000000000068
-77.22000000000153
-13.199999999999882
-13.439999999999932
-6.5999999999998815
49.32000000000173
42.109999999999566
8.650000000000267
0.0
0.0
-4.3099999999999525
-17.449999999999864
32.78000000000104
18.909999999999805
39.87999999999703
-42.32999999999735
12.440000000000031
-11.840000000000003
-3.6000000000000285
42.94000000000005
44.58000000000087
47.6300000000003
13.949999999999822
-4.539999999999948
0.0
-4.3099999999999525
-25.03999999999964
-9.129999999999884
59.14000000000111
60.90999999999483
68.43999999999909
22.98999999999951
-32.39000000000044
-8.220000000000217
31.059999999998556
-8.570000000000004
19.489999999998673
16.77999999999987
-0.31000000000000005
0.0
0.0
-18.80999999999997
-46.8600000000018
39.68000000000161
26.559999999997338
59.070000000000924
95.88000000000093
55.220000000001896
38.919999999997266
2.3999999999999813
-4.119999999999981
30.829999999998936
-2.769999999999985
-0.05
0.0
0.0
-13.639999999999795
-57.19999999999987
-32.0199999999984
30.61000000000137
56.46999999999961
1.3300000000000598
-14.709999999999827
9.669999999999813
22.389999999998786
-2.760000000000008
-19.14000000000006
-2.629999999999988
0.0
0.0
0.0
-8.079999999999876
-14.219999999999782
-7.649999999999906
-5.0400000000000365
-21.509999999999465
-38.7900000000001
-26.7700000000002
-16.109999999999808
-15.03999999999988
-30.410000000000736
-21.849999999999763
0.0
0.0
0.0
0.0
0.0
-0.6000000000000003
-0.8000000000000002
-4.020000000000002
-3.5200000000000027
-0.06
-0.08
0.0
-12.399999999999824
0.0
0.0
0.0
0.0
0.0
