-20661.06400375046
0.0
0.0
0.0
0.0
0.0
0.0
0.0
0.0
0.0
0.0
0.0
0.0
0.0
0.0
0.0
0.0
0.0
0.0
0.0
0.0
0.0
0.0
0.0
0.0
0.0
0.0
0.0
0.0
0.0
0.0
0.0
0.0
0.0
0.0
0.0
0.0
0.0
19.96799999999981
9.983999999999906
39.93400000000284
19.96600000000142
69.88300000001155
59.89700000000186
69.91000000001152
29.947000000000727
29.96999999998781
19.965999999999813
9.982999999999906
39.93400000000284
29.95200000000073
9.983999999999906
19.96799999999981
0.0
0.0
0.0
0.0
0.0
0.0
0.0
0.0
0.0
0.0
19.96799999999981
0.0
19.96799999999981
39.93600000000284
49.926000000006916
29.945000000013614
89.86500000002367
169.7520000001467
249.57400000050728
539.0770000000524
778.6709999938156
1028.2859999876964
1118.144999985038
1178.0409999843266
838.605999991854
648.9229999958204
479.20500000006507
189.68600000031176
129.78399999991962
9.984000000000098
-19.96799999999981
0.0
0.0
0.0
0.0
0.0
0.0
0.0
0.0
0.0
0.002
-39.92900000000284
-39.93599999999762
-159.74400000008018
-259.55700000057186
-439.24600000114896
-579.0679999991773
-469.2850000006641
-139.81500000004363
279.520000000389
618.8699999936152
1327.6749999794663
1647.1299999721516
1237.943999981429
1008.2669999874493
569.0469999985486
169.6840000002749
69.87399999999758
69.94200000002533
-19.96799999999981
0.0
0.0
0.0
0.0
0.0
0.0
0.0
-19.965999999999813
-49.94700000000692
-179.7490000001302
-279.596000000585
-698.9319999965063
-1148.330999985287
-1677.5999999726728
-2426.515999973058
-3195.363000008105
-4054.122000048518
-4753.227000181934
-4593.762000154001
-4543.758000112035
-3595.2770000303594
-3575.089000003426
-3125.4649999939224
-2975.648999979059
-2306.5459999675913
-1427.7879999782726
-968.6199999894226
-599.0249999982764
-289.5880000005936
-59.96200000002732
0.0
0.0
0.0
0.0
0.0
0.0
-49.93300000000691
-179.74700000021107
-449.3480000001631
-958.6569999894266
-1857.3229999680461
-2945.811000000992
-4273.848000086107
-6281.336000494188
-7589.503000790456
-8908.083001070117
-9896.88300129087
-10156.605001352405
-10625.818001448184
-10805.416001483973
-10575.70400142896
-10165.90300133292
-8717.934001030411
-6830.472000625626
-4893.021000195433
-2925.854999992645
-1747.3279999708857
-1058.3449999876236
-309.54300000063785
-39.9000000000028
0.0
0.0
0.0
0.0
0.0
-209.69000000029047
-379.4810000002561
-968.7119999891354
-1967.235999965586
-3095.7420000182215
-5003.008000260157
-7439.398000750201
-9706.685001232752
-11444.470001602991
-12563.037001849787
-14190.862002177268
-14949.653002342962
-14889.607002354367
-16247.50100261446
-15608.26600249507
-14999.191002358144
-13251.406001984402
-10814.994001452276
-7769.257000808003
-4793.453000190947
-3015.6109999933187
-1757.2639999706207
-838.7149999930034
-99.87099999994865
-19.961999999999815
0.0
0.0
-19.96799999999981
-39.93400000000284
-309.5370000004885
-878.8019999916291
-1637.6809999732434
-3175.3750000093273
-5052.891000251531
-8038.698000857539
-10814.696001438662
-12782.05400186503
-15168.980002345881
-16896.7710027016
-17246.447002791305
-18095.038002967434
-18903.682003140406
-19931.929003359215
-20560.852003480508
-19692.076003298087
-17595.076002860795
-13870.676002081063
-9556.624001186192
-6211.447000486597
-3794.636000028837
-2226.768999969789
-1118.3559999860206
-259.63100000055175
-29.973000000000727
0.0
0.0
-19.965999999999813
-99.84299999998152
-439.35700000026804
-1168.2359999842492
-2276.6449999734327
-4124.045000045975
-6840.191000607965
-8917.418001069258
-12082.968001718524
-14369.806002195239
-15708.427002482502
-15468.998002459326
-15778.53900250839
-16617.07100267075
-18803.52000310745
-19562.27400328354
-19782.038003349066
-20610.5370034979
-18743.294003102157
-14809.092002289137
-10934.742001473174
-6820.637000615114
-3854.8120000356816
-1867.3729999674856
-958.6899999892818
-309.6000000007128
-39.9840000000029
0.0
0.0
-29.95700000000073
-169.76900000010394
-469.2970000004216
-1308.1109999812554
-2596.195999985035
-4483.5860001359015
-6850.238000645261
-8997.30700111763
-12302.785001784028
-14040.412002145857
-14001.21000215415
-14540.800002234526
-14011.21900212367
-15308.780002378764
-16626.655002656877
-18054.346002978866
-19991.546003373
-20620.568003492514
-18443.77200304142
-14090.151002162744
-9736.622001249141
-6161.714000481306
-3505.3260000039572
-1548.0099999757467
-738.9739999956021
-109.89999999994669
-19.9899999999998
0.0
0.0
-39.938000000002845
-169.7390000001466
-339.473000000184
-1138.287999984603
-2406.586999979519
-3684.606000080102
-6620.721000599458
-9306.949001168574
-12123.275001743545
-13072.052001949944
-12823.187001885
-12902.796001865247
-12752.635001828206
-13561.266002010148
-15528.272002435131
-17595.084002875377
-19871.91400333888
-19532.405003273794
-17105.746002772805
-13141.609001956409
-8628.213001004897
-4883.454000198411
-2317.0459999679197
-839.0389999931604
-269.7390000005569
-19.983999999999803
0.0
0.0
0.0
0.0
-139.8070000000435
-279.5930000004755
-1088.465999986246
-1997.1449999643858
-3714.6170000459956
-6980.100000657452
-9167.240001143007
-11284.346001577107
-11884.256001697937
-11564.937001612107
-11655.147001600448
-11784.301001648117
-13481.59700201936
-15508.520002456165
-19143.167003178947
-19741.88000331677
-18863.302003130186
-14439.687002253306
-10974.652001501583
-6590.949000554539
-2946.185999990307
-1048.8869999884284
-120.01700000000412
-139.90399999999192
-19.970999999999812
-19.96799999999981
0.0
0.0
0.0
-129.79699999991968
-329.5580000005839
-848.8419999922064
-1717.6679999709559
-4134.247000042216
-6790.369000637237
-8837.951001086743
-10865.236001492529
-10945.536001502425
-10536.311001406879
-11674.993001619157
-13531.4600020278
-14649.876002305671
-17165.80400280941
-19522.105003278142
-19772.142003320987
-16506.873002674907
-12722.162001891838
-9247.086001107073
-4683.851000121826
-1508.3729999770112
-419.80900000127644
-100.01399999988226
9.932000000000043
-9.989999999999903
-19.96799999999981
0.0
0.0
0.0
-19.965999999999813
-239.71000000047718
-709.0089999955977
-1777.8319999702303
-3814.765000049706
-6610.765000605306
-8308.934000993602
-10465.930001406417
-11155.01800152141
-11954.508001681605
-13521.869002013447
-16386.733002634217
-16147.347002649889
-19352.36300326323
-20680.389003517823
-19302.95300324405
-16107.168002576418
-12432.545001777104
-7210.307000664531
-2926.568999968972
-859.2729999931832
-80.33799999996245
39.749999999993506
39.885000000000254
-0.006
0.0
0.0
0.0
0.0
0.0
-179.83600000017105
-718.9999999954778
-1957.4689999663367
-3964.625000042146
-6201.622000528403
-7699.724000873077
-10246.211001346095
-11694.353001630667
-13661.682002035435
-16656.60100266621
-17864.450002969425
-18104.132003041792
-20620.34800352134
-20380.81100346815
-17945.10500298577
-15508.30800245435
-10934.83000148408
-5982.22400042914
-2507.0059999689056
-809.4389999940857
-300.0460000008229
-110.07599999977423
-59.98000000010375
-19.999999999999794
0.0
0.0
0.0
0.0
0.0
-189.76000000023546
-689.0879999960265
-2197.252999968252
-3864.8270000557304
-5901.935000465748
-7200.632000748615
-8558.884001024773
-10636.030001442752
-14020.809002125812
-17305.336002816388
-18114.153003029274
-19552.04100331038
-20770.010003541523
-19542.588003295215
-17505.72500289409
-14290.154002212746
-10275.783001352947
-5492.931000346689
-2587.1679999745293
-1079.1999999876643
-319.9480000006179
-139.96800000004424
-129.89799999986414
-109.90399999994668
0.0
0.0
0.0
0.0
-39.95200000000286
-259.6330000005517
-1038.7379999879317
-2606.6339999784154
-4354.188000108453
-5562.533000391164
-6282.041000546843
-8059.494000885312
-10236.414001340245
-13391.563001998533
-15368.450002435537
-16716.176002737408
-17864.385002980176
-19611.9360033139
-18514.06500309334
-16716.32100273031
-14270.023002187765
-9507.119001192832
-4764.105000215616
-2796.8769999885267
-1458.5749999783864
-589.4599999985962
-399.5930000002505
-219.72700000038728
-59.94300000000187
0.0
0.0
0.0
0.0
-79.88799999999522
-439.34800000070874
-1428.1269999788447
-2866.144999997847
-4434.1100001304985
-4903.681000252493
-5682.691000376474
-7270.564000677138
-8628.723000986947
-11294.751001550248
-12972.076001930447
-15638.108002479323
-17864.627002937654
-18403.920003065105
-17994.72000297253
-15658.103002490729
-12562.649001831474
-8359.088000940581
-5023.747000219977
-2367.573999984191
-1778.0249999696823
-1128.7669999852358
-669.3029999958305
-359.4390000002727
-59.91700000000187
0.0
0.0
0.0
0.0
-129.8419999999199
-579.1579999989368
-1587.802999974408
-3295.599000029825
-4783.765000220854
-5592.569000374231
-5642.892000343343
-5822.685000382837
-7200.989000671062
-9257.751001113551
-11234.713001552771
-13950.72200212922
-16536.642002660883
-16756.27900271983
-16546.779002653133
-13651.426002064683
-10236.267001357222
-7560.15000077118
-4694.370000193089
-2746.6950000212564
-2067.674999963881
-1518.1039999760155
-639.2849999952508
-319.5620000004372
-59.93800000002729
-39.96600000000288
0.0
0.0
0.0
-179.76500000017072
-649.0519999962426
-1937.2229999655206
-3744.8350000717796
-5832.0630004513205
-6421.53900059122
-6261.875000536006
-6791.687000610522
-7630.343000760697
-8798.44200102026
-11644.198001608178
-13900.640002102278
-15318.428002412014
-15937.774002525486
-14849.410002286353
-11993.731001714259
-9866.940001260742
-7020.920000688388
-4973.559000285514
-3305.7780000646526
-2676.565999994177
-1558.0029999754756
-868.8729999919271
-309.5660000007127
-19.965999999999813
-39.96600000000288
0.0
0.0
0.0
-139.79900000004346
-868.6679999920908
-2096.9699999655636
-4214.2120001019375
-6580.916000613253
-8198.890000952317
-9067.55300112179
-9587.113001219152
-9497.527001207947
-11424.517001563967
-13570.955001996135
-15468.142002399329
-15847.59000248943
-14779.617002282586
-14050.770002117504
-11624.280001634343
-9247.688001156743
-6461.748000636459
-5243.013000343756
-3854.9480000712665
-2326.8689999784406
-1428.1729999783604
-679.0469999961402
-219.70500000035406
-19.97199999999981
0.0
0.0
0.0
0.0
-129.8049999999757
-698.9319999965063
-1907.1509999671696
-3794.5990000534835
-6291.246000554978
-8478.330001025359
-10485.511001439754
-11544.167001674841
-12762.590001913039
-14200.27900217872
-15218.773002379832
-16546.790002637634
-15288.893002402512
-14130.548002179465
-13421.598002012082
-10406.146001429683
-8309.209000994759
-6890.727000668498
-4923.325000266965
-3565.199000036522
-1877.5309999672938
-1028.6329999879565
-419.4450000000515
-119.82100000000413
-39.93700000000285
0.0
0.0
0.0
0.0
-69.88600000001155
-349.46500000061303
-1168.2679999850754
-3035.7169999907273
-5612.156000354822
-8428.15600096478
-10774.826001482124
-13730.646002091658
-15757.624002518347
-16576.458002699997
-17405.212002860808
-17514.792002878803
-16616.403002690462
-15048.994002367866
-13122.042001958996
-9976.442001329418
-7659.860000842191
-5732.427000414989
-3934.7530000407623
-2516.73999997725
-1328.2789999806992
-599.2179999980414
-309.5800000004884
-89.888000000003
-19.97199999999981
0.0
0.0
0.0
0.0
-19.96799999999981
-209.68900000029046
-639.1289999974144
-1448.0489999781043
-3684.9870000009328
-6401.0360005046505
-9346.987001139649
-12662.115001832877
-14758.924002294141
-16316.646002626745
-17475.234002851335
-17225.294002794668
-15797.527002498067
-13830.607002088638
-11294.418001559106
-8868.076001031748
-6311.650000496107
-3974.7300000411697
-2406.737999975189
-1228.4139999832585
-539.2809999990235
-239.66400000053767
-179.72600000013006
0.0
0.0
0.0
0.0
0.0
0.0
0.0
-99.86999999994865
-379.58900000058725
-788.9679999938547
-1647.8249999731404
-3215.6940000052414
-5053.16600025521
-7160.00500070434
-9147.200001112304
-10255.561001346487
-11074.328001497895
-10345.468001356643
-9636.692001203108
-8748.003000995626
-6850.537000611886
-5003.074000218053
-3395.332000005753
-1877.4379999675166
-1028.624999986749
-629.1829999970805
-259.6840000005916
-139.8310000000436
-59.90600000002725
0.0
0.0
0.0
0.0
0.0
0.0
0.0
-19.96799999999981
-69.9260000000115
-249.70800000053703
-669.1469999966595
-1617.736999974204
-2346.6639999778
-3285.307000023718
-3365.0970000636007
-4153.79000008092
-3894.1800000657104
-3934.2970000471732
-3774.499000049038
-3215.24800001807
-2626.035999991969
-1927.029999966214
-1477.7949999774776
-748.8829999938112
-519.3149999988852
-309.56500000048845
-139.86399999993972
-9.986999999999904
-39.94800000000286
0.0
0.0
0.0
0.0
0.0
0.0
0.0
0.0
-39.94200000000285
-89.879000000003
-409.43000000054445
-758.8439999940607
-1178.2029999838544
-1487.5969999767449
-1607.479999973365
-1767.1929999702
-1487.653999976558
-1287.9639999811707
-1307.9019999807329
-1407.757999979015
-948.5419999892838
-788.7859999936841
-509.27900000049755
-219.7130000004534
-149.82400000010864
-109.8639999999895
-49.967000000006934
-19.96799999999981
0.0
0.0
0.0
0.0
0.0
0.0
