-0.025000000000000015
0.0
0.0
0.0
0.0
0.0
0.006
0.006
0.036000000000000025
-0.07300000000000005
-0.004000000000000002
0.04600000000000003
0.023000000000000013
0.0
0.0
0.0
0.0
0.0
0.0
-0.04500000000000003
0.33100000000000024
0.5450000000000004
0.12500000000000008
0.22400000000000017
0.1930000000000001
-0.15000000000000016
0.29000000000000015
-0.19000000000000014
-0.32100000000000023
-0.16100000000000012
0.0
0.0
0.0
-0.07500000000000004
0.1370000000000001
0.1350000000000001
0.059999999999999984
-0.12799999999999995
-0.33700000000000024
-0.09300000000000004
-0.008999999999999661
0.4290000000000003
-0.11599999999999998
0.3700000000000003
0.2860000000000002
0.19700000000000015
0.0
-0.028000000000000018
-0.19000000000000014
-0.06700000000000007
-0.1680000000000001
-0.19700000000000015
-0.08100000000000003
0.017999999999999863
-0.17700000000000018
0.037999999999999895
-0.04000000000000001
-0.06300000000000003
-0.003999999999999991
-0.11200000000000009
0.22600000000000017
0.0
-0.028000000000000018
-0.09300000000000005
-0.12700000000000009
-0.026000000000000616
0.05599999999999998
-0.34700000000000025
-0.23800000000000018
-0.019000000000000187
-0.3870000000000003
-0.45500000000000035
-0.014999999999999902
-0.6540000000000005
-0.21200000000000013
0.0
0.0
-0.001
-0.1640000000000001
0.21200000000000016
0.10800000000000011
0.1460000000000001
-0.01600000000000014
0.001999999999999929
-0.5450000000000004
-0.06199999999999983
-0.22000000000000014
0.1770000000000001
0.5710000000000004
0.05800000000000005
-0.18400000000000014
0.0
0.0
-0.008999999999999897
-0.012000000000000066
-0.13000000000000003
0.10700000000000004
0.11699999999999999
-0.24500000000000016
0.34900000000000025
-0.14200000000000007
-0.06200000000000001
0.19700000000000015
-0.009999999999999776
-0.22200000000000017
-0.035000000000000024
0.0
0.0
-0.019999999999999914
0.11000000000000011
0.22500000000000014
0.2800000000000002
-0.09100000000000005
0.11700000000000008
-0.20400000000000001
0.11900000000000002
-0.20400000000000015
0.07900000000000003
0.2780000000000002
0.2380000000000002
-0.12500000000000008
0.0
-0.002
-0.20100000000000015
0.18600000000000017
-0.033000000000000126
0.33000000000000024
0.36000000000000026
0.14700000000000008
0.053000000000000505
-0.06999999999999972
0.18800000000000006
-0.27400000000000024
0.001999999999999896
-0.05700000000000006
-0.04000000000000003
0.0
-0.001
-0.3150000000000002
-0.16200000000000017
0.16600000000000012
-0.03499999999999995
0.32600000000000023
0.1590000000000001
0.22800000000000015
9.8879238130678E-17
-0.041000000000000356
0.06900000000000006
0.013999999999999967
-0.05600000000000004
0.0
0.0
0.0
-0.18900000000000014
-0.2700000000000002
-0.10100000000000013
0.08900000000000005
0.2670000000000002
0.21300000000000016
0.17000000000000012
0.05200000000000006
0.2780000000000002
-0.06299999999999976
-0.2590000000000002
-0.016
0.0
0.0
0.0
-0.048000000000000036
-0.06900000000000005
-0.16300000000000012
-0.24900000000000017
-0.261
-0.34000000000000025
0.0010000000000002082
-0.35900000000000026
0.17200000000000013
-0.02700000000000001
-0.008
0.0
0.0
0.0
0.0
0.0
0.0
-0.003
-0.002
-0.006
-0.02800000000000001
-0.08500000000000006
-0.08300000000000006
-0.003
0.0
0.0
0.0
0.0
0.0
