-0.19200000000000014
0.0
0.0
0.9320000000000007
0.4150000000000003
-0.17900000000000024
0.5830000000000004
-0.03299999999999993
0.5760000000000004
0.3030000000000002
-0.08699999999999997
-0.14500000000000074
-0.21000000000000024
-0.16400000000000042
-0.15800000000000286
-0.4490000000000003
0.046999999999999584
0.0
0.037000000000000095
-0.1879999999999994
-0.15000000000000097
-0.3300000000000001
-0.030000000000003257
0.10799999999999031
0.16000000000000017
0.0
0.1790000000000001
0.33100000000000046
0.07999999999999427
0.2310000000000001
-0.005000000000002228
0.11200000000001419
0.19100000000000014
-0.06300000000000001
-0.15100000000000005
0.18200000000000038
0.23100000000000054
0.3360000000000002
0.19600000000000017
0.045000000000004724
0.10500000000000025
-0.012000000000000004
-0.8950000000000007
-0.19400000000000014
-0.19900000000000012
-0.1800000000000001
0.07199999999999995
-0.9450000000000007
0.0
0.0
