-0.020000000000000004
0.0
0.0
0.0
0.0
0.0
0.0
0.0
0.0
0.0
0.0
0.0
0.0
0.0
0.0
0.0
0.0
0.0
0.0
0.0
0.0
0.0
0.0
0.0
0.0
0.0
0.0
0.0
0.0
0.0
0.0
0.0
0.0
0.0
0.0
0.0
0.0
0.0
0.01
0.01
0.07
0.060000000000000005
0.01
0.01
0.03
0.03
0.03
0.01
0.02
0.04
0.04
0.04
0.0
0.0
0.0
0.0
0.0
0.0
0.0
0.0
0.0
0.0
0.0
0.0
0.0
0.0
0.01
0.01
-0.010000000000000004
0.07
0.09999999999999999
-0.01
0.08
0.09999999999999999
0.20000000000000004
0.18000000000000002
0.15
0.11999999999999998
0.09
0.07
0.07
0.03
0.0
0.0
0.0
0.0
0.0
0.0
0.0
0.0
0.0
0.0
0.0
0.0
0.04
0.05
0.060000000000000005
0.09999999999999999
0.20000000000000004
0.009999999999999997
0.04
-0.05
0.09
-0.07
-0.020000000000000004
-0.04000000000000001
0.060000000000000005
0.19000000000000003
0.21000000000000005
-0.030000000000000006
-0.060000000000000005
-0.09
0.0
0.0
0.0
0.0
0.0
0.0
0.0
0.0
0.0
-0.01
0.03
0.060000000000000005
0.08
0.019999999999999997
0.11999999999999998
0.15
-0.020000000000000004
-0.09999999999999999
-0.10999999999999999
-0.09
0.009999999999999997
-0.009999999999999997
0.2900000000000001
0.19000000000000003
0.18000000000000002
0.20000000000000004
0.10999999999999999
-0.07
-0.010000000000000004
0.0
0.0
0.0
0.0
0.0
0.0
0.0
0.0
0.0
-0.01
-0.02
0.09
0.09999999999999999
0.04
0.04
-0.20000000000000004
0.04
-0.09
-0.21000000000000005
-0.10999999999999999
-0.3200000000000001
0.04
-0.07
0.09999999999999999
0.13999999999999999
0.13999999999999999
-0.08
-0.05000000000000001
0.10999999999999999
0.0
0.0
0.0
0.0
0.0
0.0
0.0
0.0
-0.08
-0.09
-0.12999999999999998
-3.469446951953614E-18
-0.060000000000000005
3.469446951953614E-18
-0.04
-0.10999999999999999
-0.019999999999999997
-0.22000000000000003
-0.019999999999999997
0.08
0.010000000000000004
0.04
0.020000000000000004
-0.060000000000000005
0.04
-0.17
-0.15
-0.11999999999999998
-0.03
-0.060000000000000005
-0.060000000000000005
-0.060000000000000005
-0.05
0.0
0.0
0.0
0.0
-0.08
-0.09999999999999999
-0.09
-0.09999999999999999
-0.16
-0.22000000000000006
-0.11999999999999998
0.030000000000000006
0.010000000000000004
-0.13999999999999999
0.10999999999999999
-0.03
-0.34000000000000014
-0.21000000000000005
-0.25000000000000006
-0.22000000000000006
-0.2800000000000001
-0.22000000000000006
-0.17
-0.11999999999999998
-0.09
-0.09999999999999999
-0.15
-0.09
-0.05
0.0
0.0
0.0
0.0
-0.08
-0.12999999999999998
0.01
-0.08
-0.15
3.469446951953614E-18
-0.15
-0.07
0.08
-0.12999999999999998
0.05
-0.09
3.469446951953614E-18
-0.04
-0.08
-0.38000000000000017
-0.18000000000000002
-0.11999999999999998
-0.19000000000000003
-0.009999999999999997
0.04000000000000001
-0.16
-0.16
-0.09999999999999999
-0.01
0.0
0.0
0.0
0.0
-0.02
-0.060000000000000005
-0.10999999999999999
-0.05
-0.009999999999999997
0.05
0.09
-0.09999999999999999
-0.21000000000000005
-0.2700000000000001
0.020000000000000004
-0.13999999999999999
-0.19000000000000003
-0.08
-0.3900000000000002
-0.3300000000000001
-0.3100000000000001
-0.24000000000000005
-0.22000000000000006
-0.12999999999999998
0.010000000000000004
-0.12999999999999998
-0.07
-0.02
0.0
0.0
0.0
0.0
0.0
-0.02
-0.08
-0.11999999999999998
0.05
-0.060000000000000005
0.05
0.17
-0.08
0.09
0.20000000000000004
-0.010000000000000004
-0.09
-0.20000000000000004
-0.35000000000000014
-0.2800000000000001
-0.12999999999999998
-0.07
-0.19000000000000003
-0.15
-0.16
-0.030000000000000006
0.05
-0.02
-0.01
0.0
0.0
0.0
0.0
0.0
-0.02
-0.12999999999999998
0.07
0.04000000000000001
0.12999999999999998
-0.020000000000000004
-0.030000000000000006
0.04
-0.030000000000000006
-0.21000000000000005
-0.10999999999999999
-0.13999999999999999
-0.3000000000000001
-0.4200000000000002
-0.07
-0.019999999999999997
3.469446951953614E-18
-0.09
-0.18000000000000002
-0.04000000000000001
0.13999999999999999
0.17
0.0
0.0
0.0
0.0
0.0
0.0
0.0
-0.02
-0.09999999999999999
0.08
0.23000000000000007
0.23000000000000007
-0.05000000000000001
0.04
0.26000000000000006
-0.020000000000000004
0.09
3.469446951953614E-18
-0.09
-0.22000000000000006
-0.11999999999999998
-0.19000000000000003
-0.13999999999999999
-0.20000000000000004
-0.07
-0.019999999999999997
0.22000000000000006
0.20000000000000004
0.2900000000000001
-0.030000000000000006
-0.09999999999999999
0.0
0.0
0.0
0.0
0.0
-0.02
0.019999999999999997
0.04
0.13999999999999999
-0.020000000000000004
0.010000000000000004
0.2800000000000001
-0.05
0.009999999999999997
-0.13999999999999999
0.13999999999999999
-0.09999999999999999
-3.469446951953614E-18
0.07
0.05
0.04000000000000001
-0.07
0.22000000000000006
0.09999999999999999
0.19000000000000003
-3.469446951953614E-18
0.10999999999999999
0.04
-0.09999999999999999
0.0
0.0
0.0
0.0
0.0
-0.02
0.03
0.009999999999999997
0.16
0.03
0.08
0.09
0.10999999999999999
0.009999999999999997
-0.060000000000000005
0.060000000000000005
0.25000000000000006
0.22000000000000006
0.10999999999999999
0.07
-0.060000000000000005
-0.26000000000000006
0.17
0.2800000000000001
0.34000000000000014
-0.05000000000000001
0.009999999999999997
0.11999999999999998
0.0
0.0
0.0
0.0
0.0
0.0
-0.02
0.009999999999999997
-0.09999999999999999
0.2700000000000001
0.060000000000000005
0.19000000000000003
0.019999999999999997
-0.010000000000000004
0.060000000000000005
-3.469446951953614E-18
0.060000000000000005
0.15
0.09999999999999999
0.20000000000000004
0.11999999999999998
-0.04
-0.019999999999999997
-0.010000000000000004
0.08
-0.07
0.18000000000000002
0.060000000000000005
0.03
-0.09
0.0
0.0
0.0
0.0
0.0
-0.02
-0.019999999999999997
3.469446951953614E-18
0.10999999999999999
-0.05
0.16
0.13999999999999999
0.05
0.11999999999999998
0.11999999999999998
0.04
0.07
-0.13999999999999999
-0.04000000000000001
-0.060000000000000005
-0.07
-0.019999999999999997
0.07
0.03
0.13999999999999999
0.15
0.09
0.03
-0.09
0.0
0.0
0.0
0.0
0.0
0.0
-0.15
-0.09
0.08
-0.030000000000000006
0.22000000000000006
0.2700000000000001
0.2900000000000001
0.15
0.24000000000000005
0.11999999999999998
-0.09
0.009999999999999997
0.019999999999999997
-0.10999999999999999
-0.060000000000000005
0.20000000000000004
0.03
0.07
-0.010000000000000004
0.09999999999999999
-0.10999999999999999
-0.009999999999999997
-0.01
0.0
0.0
0.0
0.0
0.0
0.0
-0.10999999999999999
-0.09999999999999999
-0.019999999999999997
-0.060000000000000005
0.07
0.16
0.08
0.47000000000000025
0.18000000000000002
0.04
3.469446951953614E-18
0.060000000000000005
-0.020000000000000004
-0.020000000000000004
-0.03
-0.060000000000000005
-0.09
0.010000000000000004
-0.18000000000000002
-0.020000000000000004
-0.09999999999999999
-0.04
-0.01
0.0
0.0
0.0
0.0
0.0
0.0
-0.060000000000000005
0.04000000000000001
-0.08
-0.05
0.08
0.10999999999999999
0.17
0.24000000000000005
-0.020000000000000004
0.04
0.35000000000000014
-0.060000000000000005
0.05
0.16
0.04
-0.019999999999999997
0.13999999999999999
-3.469446951953614E-18
-0.10999999999999999
0.13999999999999999
0.010000000000000004
-0.01
0.0
0.0
0.0
0.0
0.0
0.0
0.0
0.01
3.469446951953614E-18
-0.20000000000000004
-0.17
0.020000000000000004
0.03
0.060000000000000005
0.15
0.22000000000000003
0.16
0.16
0.2800000000000001
0.060000000000000005
0.22000000000000006
0.2700000000000001
0.12999999999999998
0.22000000000000006
-0.20000000000000004
0.08
-0.019999999999999997
0.0
0.04
0.0
0.0
0.0
0.0
0.0
0.0
0.0
-0.01
-0.10999999999999999
-0.17
0.08
0.019999999999999997
0.09999999999999999
0.16
0.12999999999999998
0.3300000000000001
0.04
0.18000000000000002
0.13999999999999999
0.20000000000000004
0.16
0.23000000000000004
-0.010000000000000004
0.020000000000000004
-0.13999999999999999
-0.04
-0.08
-0.04
0.0
0.0
0.0
0.0
0.0
0.0
0.0
0.0
0.0
-0.060000000000000005
-0.23000000000000007
0.04000000000000001
0.05
0.24000000000000005
-0.05
-0.030000000000000006
-0.12999999999999998
-0.09
-3.469446951953614E-18
0.10999999999999999
-0.05
0.12999999999999998
0.13999999999999999
0.020000000000000004
-0.03
-0.17
-0.10999999999999999
-0.08
-0.02
0.0
-0.01
0.0
0.0
0.0
0.0
0.0
0.0
0.0
-0.04
-0.08
-0.04
-0.060000000000000005
-0.10999999999999999
-0.060000000000000005
-0.23000000000000004
-0.09999999999999999
-0.08
-0.09
-0.009999999999999997
-0.10999999999999999
-0.3200000000000001
-0.03
0.030000000000000006
-0.060000000000000005
-0.08
-0.05
-0.04
-0.04
-0.01
-0.01
0.0
0.0
0.0
0.0
0.0
0.0
0.0
0.0
-0.03
-0.05
-0.10999999999999999
-0.09999999999999999
-0.09999999999999999
-0.10999999999999999
-0.11999999999999998
-0.12999999999999998
-0.21000000000000005
-0.12999999999999998
-0.07
-0.060000000000000005
-0.05
-0.05
-0.02
-0.01
-0.03
-0.03
-0.02
0.0
0.0
0.0
0.0
0.0
0.0
0.0
0.0
0.0
0.0
-0.01
-0.02
-0.02
-0.02
0.0
-0.01
-0.01
-0.01
-0.060000000000000005
-0.060000000000000005
-0.02
0.0
0.0
0.0
0.0
0.0
0.0
0.0
0.0
0.0
0.0
0.0
0.0
0.0
0.0
0.0
0.0
0.0
0.0
-0.01
-0.01
-0.01
-0.01
0.0
0.0
0.0
0.0
0.0
0.0
0.0
0.0
0.0
0.0
0.0
0.0
0.0
0.0
0.0
0.0
0.0
0.0
0.0
0.0
