-24654.360004564
0.0
0.0
0.0
0.0
0.0
0.0
0.0
0.0
0.0
0.0
0.0
0.0
0.0
0.0
0.0
0.0
0.0
0.0
0.0
0.0
0.0
0.0
0.0
0.0
0.0
0.0
0.0
0.0
0.0
0.0
0.0
0.0
0.0
0.0
0.0
0.0
19.97399999999981
29.965000000000728
19.97600000000143
79.92599999999513
29.98700000000073
59.92200000002727
19.97400000000143
79.91399999999516
79.90700000000076
59.94200000000186
39.94900000000023
39.95000000000286
19.975999999999807
9.987999999999904
0.0
0.0
0.0
0.0
0.0
0.0
0.0
0.0
0.0
0.0
0.0
0.0
0.0
0.0
19.975999999999807
39.95200000000286
49.94000000000692
59.90400000000187
129.84800000008792
239.72500000047725
169.73700000014665
429.4290000007916
629.1659999975196
928.7829999903003
1138.545999984718
1248.4129999820357
1068.6579999861633
759.0459999933282
519.3629999996816
229.72300000047957
109.87499999994672
9.986000000000102
-19.975999999999807
0.0
0.0
0.0
0.0
0.0
0.0
0.0
0.0
0.0
-0.004
0.024000000000000007
-69.92299999999761
-209.76700000029086
-239.69300000050742
-449.41100000130365
-669.1909999972775
-789.041999994028
-769.200999994288
-259.8360000005321
-90.14099999962284
868.7229999892294
1368.1229999779907
1368.3219999779865
1018.7019999864822
549.3719999979425
99.87000000007997
39.952000000005505
-59.95000000000187
-59.93000000002728
0.0
0.0
0.0
0.0
0.0
0.0
0.0
0.0
-79.94199999999509
-219.74400000032117
-419.5360000012751
-629.2969999979555
-1128.7079999858488
-1868.009999967988
-2916.840999984022
-3925.896000039634
-5144.69300026156
-5893.892000432536
-6004.100000463702
-6113.842000464479
-5174.857000276688
-5114.663000233806
-4465.207000095839
-3606.186000010343
-2856.8329999796883
-1728.0799999714818
-1038.8609999879288
-559.3489999991159
-329.6510000005839
-79.9379999999951
0.0
0.0
0.0
0.0
0.0
-19.975999999999807
-49.96500000000693
-169.84800000014715
-629.3319999977351
-938.9659999897085
-2067.754999964331
-3296.5250000097294
-4814.847000194757
-6893.058000622432
-8621.378001003162
-10140.093001325935
-11289.081001575632
-12028.566001738793
-12587.82800185378
-12967.037001920033
-12667.134001855607
-11847.703001678767
-10499.12000138339
-7841.82100083028
-5523.9650003298275
-3736.050000012144
-2057.638999964022
-1388.3949999801473
-399.54200000080806
-99.86399999994866
0.0
0.0
0.0
0.0
19.97399999999981
-99.90399999994857
-449.5330000006193
-1008.9889999881167
-2367.43799997143
-3656.180000041068
-5794.0050004163395
-8361.514000935595
-11128.91900151201
-12737.593001870702
-14495.795002238347
-16713.612002680828
-17582.36500287667
-17752.23100293119
-19260.367003220977
-18860.854003146073
-17072.55800279015
-15683.65900247462
-12616.816001811612
-8910.886001036746
-5644.013000372806
-3665.9030000127073
-2097.59899996522
-918.9359999910421
-229.74800000038474
-39.94400000000285
0.0
-19.97399999999981
-39.95000000000286
-39.946000000002854
-299.6880000005858
-1048.944999988164
-1887.9699999673871
-3756.0370000223957
-5804.050000407857
-9040.708001066776
-12317.258001747748
-14664.80200225074
-17641.968002847047
-19520.206003235373
-20439.241003438005
-21368.087003633278
-22696.5240039079
-23305.586004048142
-24254.349004231597
-22825.793003940114
-20438.560003441453
-16103.149002533897
-10938.695001475653
-7502.095000751985
-4575.261000140812
-2687.067999983725
-1368.4639999803037
-319.6530000005272
-29.979000000000728
0.0
-19.97399999999981
-29.959000000000728
-109.8559999999895
-609.344999998395
-1558.2169999752045
-2926.7199999979402
-4964.711000225939
-7492.01500076174
-10768.78100143555
-13545.993002028932
-17072.438002740197
-17921.61200294278
-18511.242003072337
-18980.888003157543
-19829.590003327776
-21697.30300370305
-22795.893003946963
-23565.179004115747
-24304.25700425058
-22006.76700376307
-17052.158002746484
-12657.069001826552
-8231.575000905357
-4715.121000183056
-2417.506999979598
-1228.7399999832508
-349.6540000008758
-59.978000000027336
0.0
-19.97399999999981
-69.90400000001152
-239.72100000044688
-679.2039999959331
-1787.9699999698062
-3536.1000000219615
-5244.290000314307
-7731.718000839025
-10738.707001470406
-14255.117002181794
-16712.73300268833
-16673.30500269507
-16983.300002738906
-16972.881002721508
-18151.19800295687
-19779.511003298405
-21437.035003664856
-23924.647004174378
-23684.805004125785
-21816.97000372591
-16752.623002692144
-11248.48600156153
-7392.5320007361015
-4385.527000073133
-1998.090999965331
-929.0919999911848
-189.8560000001976
-19.981999999999804
0.0
0.0
-39.94400000000023
-179.78600000021126
-569.3059999978151
-1538.2369999751156
-3196.636000022457
-4954.574000269462
-7841.773000854816
-10828.763001484129
-14385.124002201099
-15314.268002411005
-15105.03500234913
-15255.000002342067
-14934.850002267818
-16153.432002533682
-18201.41200298449
-21237.749003617642
-23485.321004080757
-23245.5700040282
-20198.35500339937
-15154.226002364874
-9690.149001235413
-5734.227000383387
-2627.673999974007
-959.2489999902766
-349.7480000006132
-49.96500000000693
0.0
0.0
0.0
-39.94400000000285
-119.86200000000413
-539.3559999992777
-1618.2739999738503
-2547.326999993309
-4555.1630001755
-8101.473000889673
-10908.829001488924
-13675.975002058663
-13816.18300209725
-13527.034002007727
-13247.524001925298
-14405.705002164308
-15614.307002462254
-18561.116003074756
-22496.482003866495
-23744.958004126685
-22096.585003790315
-17451.747002854532
-12906.637001894433
-7622.349000782685
-3956.091000006526
-1079.2689999877905
-209.96800000036114
-219.85400000035477
-39.96500000000288
-19.975999999999807
0.0
0.0
-19.97399999999981
-99.87799999998148
-489.431000000969
-1348.5839999805517
-2277.6799999770546
-4775.084000191595
-7801.8810008381815
-10569.432001430034
-12747.276001887267
-13147.111001945674
-12278.317001763466
-13147.491001924142
-15813.96100248593
-17262.426002836124
-20149.143003416004
-23665.20200410997
-23265.73200403252
-19459.738003275404
-15204.264002386784
-10359.477001350937
-5584.484000326074
-1978.2589999661366
-479.76300000206237
-0.12500000000000008
-10.02899999999961
-30.01000000000073
-19.975999999999807
0.0
0.0
-9.986999999999904
-39.955000000000226
-369.61300000064955
-988.9839999885523
-2168.0379999684724
-4375.570000128935
-7812.031000844146
-10030.092001342482
-12547.648001832375
-13017.215001909437
-13996.716002093473
-16173.933002548427
-19260.073003215206
-19509.99800332005
-22456.37300390031
-24793.687004354324
-22746.382003946022
-18910.18600314609
-14614.78900221765
-8032.133000854658
-3876.5639999769505
-1179.1899999858224
-70.27600000006372
-30.128999999935203
89.89399999998228
-39.99800000000292
0.0
0.0
0.0
-19.97399999999981
-29.97100000000073
-239.79900000047758
-869.1459999912851
-2407.6499999739754
-4465.592000145179
-7232.72000074102
-9530.732001238637
-12267.89600176261
-13576.441002022906
-16244.104002557755
-19789.647003302453
-21667.0680037346
-21817.15100379442
-24873.383004387542
-24673.90400433768
-21298.068003673245
-18241.02200301274
-12826.822001868592
-6833.692000615551
-3237.3239999698017
-989.3019999903602
-260.13700000051404
-160.02699999994502
-20.017999999994696
-59.976000000027334
0.0
0.0
0.0
0.0
-19.97399999999981
-179.8180000002114
-799.2309999931965
-2757.3549999821807
-4605.42200017499
-6883.194000663899
-9161.00000112844
-11049.24500151935
-13137.182001956005
-17492.169002828217
-21037.6640035719
-21566.899003733997
-22985.459004021046
-25013.021004409533
-23285.581004064337
-20648.86300354379
-17312.19200282255
-12017.745001709689
-6973.567000630707
-3077.657999970554
-1339.1649999821568
-419.98700000127724
-130.00600000014472
-49.96400000002327
-109.93399999994662
0.0
0.0
0.0
0.0
-39.962000000002874
-349.6280000007444
-1128.9229999860886
-3116.9759999885578
-4895.110000227688
-6273.825000537428
-7642.7510008248355
-10149.921001319186
-12857.23600187831
-16303.120002593907
-18400.4080030553
-20258.258003451247
-22196.259003848914
-23484.8810041033
-22236.717003858368
-20059.074003412614
-16452.968002638576
-11049.026001509346
-6064.526000468405
-3127.50100000465
-1618.8519999740925
-1009.260999989342
-459.6950000002875
-139.83700000004362
-79.94400000000074
0.0
0.0
0.0
0.0
-59.93800000002729
-389.58300000051594
-1398.5699999794683
-3416.612000018443
-5234.800000292548
-5954.315000466431
-6963.372000650532
-8501.887000955265
-11209.03300151164
-13556.24500201634
-15264.14500240418
-18910.12000313735
-20638.16600351576
-21736.819003750366
-21797.106003747693
-18221.014003024993
-14914.885002301427
-10140.316001293437
-6224.395000472075
-2927.754000026982
-2218.242999970823
-1498.7069999768175
-779.4169999932664
-249.70000000062436
-79.91800000000076
-19.975999999999807
0.0
0.0
0.0
-119.87799999990202
-649.2709999975135
-1818.0539999690097
-3935.969000064396
-5704.437000414167
-6523.680000578049
-7283.146000673878
-7902.701000802106
-9181.510001094292
-11388.63400155881
-13756.046002070549
-17271.836002799962
-19958.73000336124
-20858.072003545403
-20158.89400339082
-16443.11800263363
-12447.52100180101
-9131.272001099387
-6064.517000472937
-3736.6440000746666
-2647.7359999995733
-1818.3059999690797
-899.1699999905644
-349.61100000048197
-99.90799999994856
-59.952000000027304
0.0
0.0
0.0
-169.82400000014704
-829.1049999923027
-2357.4459999790474
-4645.171000199522
-6773.218000653196
-7692.389000843869
-7562.772000792316
-8641.923000984692
-9650.87300119966
-11408.923001553825
-14045.791002105192
-17521.64600283312
-18780.356003116467
-19599.46500327278
-18011.27100293533
-14795.022002281568
-11708.535001645549
-7982.533000905691
-6234.133000531943
-4146.175000111792
-2727.437000005006
-1638.3879999732267
-989.0219999885514
-389.579000000868
-19.97399999999981
-39.97600000000289
0.0
0.0
0.0
-119.86200000000414
-1028.8079999882207
-2317.532999979174
-4944.860000252089
-7662.195000834293
-9140.922001154822
-10469.5040014089
-11688.4420016449
-11918.480001700958
-14016.05800209719
-16542.8550026073
-19319.68300318448
-19259.60500319417
-18311.04200300291
-16703.001002666984
-14255.783002165204
-10689.574001461762
-7453.042000841939
-6533.697000584748
-4375.772000139449
-2797.183999999045
-1668.3399999724274
-909.0149999907334
-329.66200000068875
-19.995999999999796
0.0
0.0
0.0
0.0
-99.87399999998148
-759.1179999947817
-2277.5109999698952
-4285.472000112761
-7572.165000804299
-9840.015001301877
-12187.54100178353
-13696.438002110739
-14954.753002367906
-17192.272002792142
-18710.468003090024
-19739.260003302647
-18560.847003083585
-17262.37700281594
-15714.184002479591
-12507.947001834431
-9580.814001247243
-7872.36400086562
-5784.309000431266
-4195.739000068358
-2307.6899999730203
-1178.7989999839574
-619.3479999973945
-139.85600000009572
-39.961000000002876
0.0
0.0
0.0
0.0
-79.89799999999519
-429.4980000010041
-1388.5119999799456
-3356.532000003645
-6293.585000501568
-9500.124001183389
-12716.682001868188
-15563.893002468225
-18490.679003071356
-19199.87900323748
-21047.876003594993
-20757.87200354103
-19529.492003289495
-17871.49600293444
-14765.26400229295
-11778.284001675434
-9081.322001106722
-6313.955000534319
-4665.453000165593
-2737.4819999917513
-1638.3549999733962
-789.1619999936753
-399.56500000043644
-119.89600000000414
-19.995999999999796
0.0
0.0
0.0
0.0
-39.95000000000286
-189.76700000019719
-759.2379999951426
-1858.1399999687699
-3986.064000014144
-6982.915000625209
-10149.688001308297
-14225.21100215001
-17202.07900277937
-18600.461003086748
-20138.81200339057
-20028.811003363568
-18380.650003026087
-15833.667002491451
-12577.31900182156
-10120.075001286885
-7133.147000657788
-4405.774000118428
-2817.17699999605
-1618.5289999736735
-889.0779999913242
-339.6440000004199
-159.81000000003496
-19.977999999999806
0.0
0.0
0.0
0.0
0.0
0.0
-59.936000000027285
-279.7690000005855
-719.3809999956608
-1798.2609999698416
-3336.664000013728
-5144.875000281192
-7592.217000788593
-10049.592001293127
-11398.246001581134
-12886.549001865731
-12027.56200170811
-11558.025001589038
-9710.127001202303
-7712.271000799881
-6033.826000434794
-4045.793000023084
-2237.8189999722354
-1468.5229999766998
-859.1729999910959
-479.52600000006436
-229.76100000041646
-59.93000000002728
0.0
0.0
0.0
0.0
0.0
0.0
0.0
-19.981999999999804
-29.98100000000073
-299.77800000058596
-719.3539999952774
-1588.4629999747401
-2257.6859999734243
-3386.4740000381516
-4145.445000120488
-4934.441000249364
-5074.401000268006
-5054.55800025187
-4874.690000205333
-3765.8960000479215
-3166.4510000240134
-2367.340999979188
-1877.8829999681677
-859.0909999910979
-679.3399999955233
-419.5590000002551
-229.7710000004165
-109.87499999994672
-59.9480000000273
0.0
0.0
0.0
0.0
0.0
0.0
0.0
0.0
-39.96600000000288
-119.90299999995307
-349.6380000006132
-669.237999996451
-1028.8209999874152
-1388.3879999790536
-1817.8589999686344
-2067.535999964205
-2027.6219999638681
-1677.9719999719234
-1638.0249999733196
-1658.041999973284
-1178.5439999837292
-1018.7839999875645
-779.1239999943365
-309.6790000003384
-229.75800000047977
-159.82800000017158
-69.94699999999763
-59.920000000027265
0.0
0.0
0.0
0.0
0.0
0.0
