-0.3980000000000003
0.0
0.0
0.19700000000000015
0.45100000000000007
-0.0820000000000007
0.3890000000000003
0.5550000000000004
0.46600000000000036
0.8340000000000006
0.5160000000000003
-0.1370000000000012
-0.20200000000000018
-0.10899999999999735
-0.07600000000002165
-0.4790000000000003
0.09900000000000134
-0.5050000000000003
-0.2400000000000001
-0.08900000000002113
-0.16800000000000065
-0.3120000000000002
-0.09000000000002416
0.08400000000000686
0.22000000000000014
-1.0040000000000002
0.2550000000000002
0.14599999999999974
0.06700000000001739
0.18800000000000006
0.04400000000000325
0.07700000000002383
0.2270000000000001
-0.9980000000000008
-0.10900000000000581
0.1800000000000005
0.14100000000000268
0.2550000000000001
0.17599999999999988
0.06799999999999176
0.046000000000000166
-0.001
-0.44800000000000034
0.03000000000000045
-0.095
-0.08199999999999999
-0.32800000000000024
-0.9060000000000007
-0.004
0.0
