-25.5900000000012
0.0
0.0
0.0
0.0
0.5100000000000001
1.3800000000000008
1.7400000000000013
4.099999999999975
2.5099999999999945
0.5600000000000002
1.1100000000000008
0.49000000000000027
0.0
0.0
0.0
0.0
0.0
0.0
3.3099999999999765
9.819999999999876
20.649999999999856
32.91999999999986
18.389999999999674
17.420000000000265
35.24000000000036
33.120000000000346
26.579999999999327
5.169999999999934
4.999999999999925
0.0
0.0
0.0
2.749999999999986
11.579999999999883
5.3800000000000265
-4.179999999999988
-5.539999999999955
-26.200000000002582
5.670000000000251
52.33999999999633
13.130000000000079
21.130000000000017
13.260000000000373
20.989999999999903
7.499999999999955
0.0
-6.649999999999903
-29.949999999999836
-21.629999999999022
-49.91000000000057
-42.55999999999851
-45.66000000000043
-27.500000000000387
-62.119999999996914
-82.54000000000303
-59.16000000000431
-69.53000000000155
-5.189999999999918
-32.67000000000009
4.930000000000008
0.0
-6.739999999999901
-30.13000000000001
-26.609999999999342
-30.880000000003236
-78.30000000000155
-43.87000000000539
-3.9299999999993025
-15.35999999999923
-94.25000000000566
-146.4500000000054
-100.7700000000086
-67.92999999999873
-33.86999999999977
-0.01
0.0
-5.37999999999993
-38.779999999999504
9.769999999999953
0.7500000000000037
-22.17000000000128
-16.970000000001583
-17.64000000000194
-155.79000000000434
-98.89000000000298
-91.27000000000366
-64.51000000000178
14.539999999999733
8.23999999999996
-5.879999999999919
0.0
-6.569999999999904
-20.669999999999543
19.379999999999363
21.520000000000977
67.2699999999978
-22.599999999996726
-50.36000000000623
34.96999999999724
24.429999999999897
33.959999999997926
73.41000000000366
54.80999999999882
22.310000000000294
-0.4300000000000002
0.0
-6.569999999999904
-9.06999999999996
34.87000000000045
43.870000000000374
86.14000000000186
-26.2299999999975
4.400000000000108
-27.000000000002608
-37.36999999999797
20.489999999999345
105.860000000003
62.99999999999994
6.360000000000039
-6.259999999999911
0.0
-6.569999999999904
-9.0399999999999
11.199999999999966
68.9099999999989
92.57000000000282
49.52999999999605
24.600000000000083
-20.679999999999602
-32.85999999999735
21.239999999998155
28.47999999999709
23.819999999999098
22.5599999999997
0.040000000000000036
0.0
0.0
-5.519999999999967
-28.179999999999424
21.919999999999604
55.60999999999949
93.45000000000103
101.25000000000068
79.88000000000063
78.74999999999999
32.0499999999985
28.459999999999518
31.289999999998855
-6.7699999999999
-0.23000000000000007
0.0
-0.02
-4.859999999999968
-58.520000000001374
-45.65999999999872
54.65999999999677
97.03000000000013
-15.82999999999997
-7.069999999999751
25.26000000000077
-4.439999999999966
-24.649999999999704
-26.479999999999876
-0.9300000000000006
0.0
0.0
-0.01
-8.839999999999856
-22.219999999999857
-39.24000000000039
-48.989999999999206
-53.10000000000041
-68.29000000000009
-64.55000000000132
-66.61000000000094
-36.43999999999969
-34.44000000000072
-12.309999999999832
-0.03
0.0
0.0
0.0
0.0
-2.569999999999989
-10.359999999999955
-5.219999999999977
-4.080000000000001
-5.959999999999917
-4.529999999999948
-0.13
-4.729999999999987
-0.07
-0.01
0.0
0.0
0.0
