-0.2760000000000002
0.0
0.0
0.0
0.0
0.002
0.008
0.014000000000000005
0.017
-0.05300000000000003
0.0
0.06200000000000004
0.03100000000000002
0.0
0.0
0.0
0.0
0.0
0.0
-0.06300000000000004
0.04300000000000003
0.3110000000000002
0.20000000000000015
-0.011000000000000041
0.09099999999999987
0.03099999999999932
0.2900000000000002
0.06300000000000004
-0.04900000000000002
-0.06700000000000005
0.0
0.0
0.0
-0.06700000000000003
0.33600000000000024
0.2680000000000002
-0.21600000000000016
-0.017999999999999725
-0.09099999999999986
-0.24700000000000016
0.03400000000000003
0.2700000000000002
0.034999999999999906
0.22000000000000006
0.35300000000000026
0.2850000000000002
0.0
-0.07600000000000005
-0.3820000000000003
0.02699999999999991
-0.2620000000000002
-0.11400000000000007
-0.17900000000000016
0.06499999999999982
-0.20000000000000012
0.05799999999999987
-0.20300000000000015
-0.05300000000000002
-0.03400000000000003
-0.4300000000000003
0.4170000000000003
0.0
-0.07600000000000005
-0.02099999999999994
-0.2760000000000002
-0.06300000000000054
0.09000000000000008
-0.16000000000000006
-0.10400000000000004
-0.015000000000000365
-0.2670000000000002
-0.32700000000000023
-0.029999999999999985
-0.1550000000000001
0.02700000000000006
-0.001
0.0
-0.001
-0.3780000000000003
0.29200000000000015
0.026000000000000086
-0.18800000000000022
-0.1360000000000001
-0.10499999999999998
-0.5920000000000004
0.041000000000000286
-0.3010000000000002
0.07200000000000015
0.3620000000000003
-0.6250000000000004
-0.2410000000000002
0.0
-0.006
0.08300000000000017
0.01299999999999993
-0.18500000000000014
0.2910000000000002
0.05799999999999994
-0.09199999999999996
0.3750000000000003
-0.35100000000000026
0.25000000000000017
0.03700000000000003
0.18800000000000014
-0.003000000000000105
-0.057000000000000044
0.0
-0.006
-0.1060000000000001
0.19600000000000012
0.44400000000000034
-0.003000000000000511
-0.1080000000000001
0.07800000000000012
-0.07099999999999988
0.16400000000000012
-0.1890000000000001
0.13400000000000006
0.3110000000000002
0.3630000000000002
-0.057000000000000044
0.0
-0.006
-0.08499999999999994
0.033000000000000224
0.04299999999999998
0.2610000000000002
0.43700000000000033
0.08000000000000002
0.10300000000000033
-0.1730000000000001
0.2770000000000002
-0.34800000000000025
-0.12300000000000039
-0.2660000000000002
-0.058000000000000045
0.0
0.0
-0.2610000000000002
-0.14400000000000007
0.16200000000000012
0.013000000000000018
0.2730000000000002
0.2940000000000002
0.2650000000000002
0.0810000000000001
-0.006000000000000387
0.2670000000000001
0.3040000000000002
-0.011000000000000001
-0.003
0.0
0.0
-0.2830000000000002
-0.5220000000000004
0.12999999999999973
0.33800000000000024
0.03399999999999988
0.24000000000000016
0.08999999999999983
0.1500000000000001
0.24400000000000016
-0.43500000000000033
-0.33800000000000024
-0.014000000000000002
0.0
0.0
0.0
-0.18500000000000014
-0.2700000000000002
-0.10300000000000006
-0.16800000000000012
-0.164
-0.22400000000000017
-0.07799999999999999
-0.32900000000000024
-0.06700000000000002
-0.2680000000000002
-0.023000000000000007
0.0
0.0
0.0
0.0
0.0
-0.014
-0.03500000000000002
-0.04700000000000003
-0.11200000000000009
-0.24000000000000019
-0.05000000000000004
-0.011000000000000003
-0.07100000000000005
-0.004
0.0
0.0
0.0
0.0
