-0.08
0.0
0.0
0.0
0.0
0.0
0.0
0.0
0.0
0.0
0.0
0.0
0.0
0.0
0.0
0.0
0.0
0.0
0.0
0.0
0.0
0.0
0.0
0.0
0.0
0.0
0.0
0.0
0.0
0.0
0.0
0.0
0.0
0.0
0.0
0.0
0.0
0.0
0.01
0.01
0.07
0.060000000000000005
0.02
0.02
0.05
0.009999999999999997
0.0
0.01
0.02
0.0
0.0
0.0
0.0
0.0
0.0
0.0
0.0
0.0
0.0
0.0
0.0
0.0
0.0
0.0
0.0
0.0
0.0
0.0
-0.09
-0.020000000000000004
0.09
-0.04
0.060000000000000005
0.09999999999999999
0.060000000000000005
0.09999999999999999
0.05
0.15
0.08
0.060000000000000005
0.04
0.02
0.0
0.0
0.0
0.0
0.0
0.0
0.0
0.0
0.0
0.0
0.0
0.0
0.02
0.08
0.019999999999999997
0.009999999999999997
0.09
0.020000000000000004
-0.020000000000000004
0.03
0.05
-0.07
0.060000000000000005
0.009999999999999997
0.07
0.20000000000000004
0.26000000000000006
0.060000000000000005
-0.010000000000000004
-0.03
-0.13999999999999999
0.0
0.0
0.0
0.0
0.0
0.0
0.0
0.0
-0.01
0.04
0.10999999999999999
0.08
-0.09999999999999999
-0.03
0.15
0.07
-0.09
0.020000000000000004
-0.17
0.060000000000000005
0.04
0.16
0.21000000000000005
0.09
0.37000000000000016
0.4900000000000002
0.060000000000000005
0.08
-0.11999999999999998
-0.05
0.0
0.0
0.0
0.0
0.0
0.0
0.0
-0.01
0.019999999999999997
0.09
0.060000000000000005
-0.10999999999999999
0.03
-0.060000000000000005
0.07
-0.05
-0.07
-0.15
-0.3100000000000001
-0.18000000000000002
-0.08
-3.469446951953614E-18
-0.060000000000000005
0.15
0.060000000000000005
-0.04000000000000001
0.18000000000000002
0.09
0.12999999999999998
0.18000000000000002
0.0
0.0
0.0
0.0
0.0
-0.09
-0.09999999999999999
-0.08
0.05000000000000001
-0.05
-0.13999999999999999
-0.009999999999999997
-0.04
0.010000000000000004
-0.16
-0.10999999999999999
0.060000000000000005
-0.08
0.26000000000000006
-0.11999999999999998
-0.18000000000000002
3.469446951953614E-18
-0.09
-0.08
-0.009999999999999997
0.12999999999999998
0.12999999999999998
0.08
0.05
0.08
0.0
0.0
0.0
0.0
-0.09999999999999999
-0.11999999999999998
-0.04
-0.11999999999999998
-0.19000000000000003
-0.37000000000000016
-0.12999999999999998
0.05
-0.03
-0.4000000000000002
0.060000000000000005
-0.009999999999999997
-0.6000000000000003
-0.26000000000000006
-0.3300000000000001
-0.15
-0.09999999999999999
-0.08
-0.09
0.010000000000000004
0.11999999999999998
0.10999999999999999
-0.05
0.05
0.08
0.0
0.0
0.0
0.0
-0.10999999999999999
-0.11999999999999998
0.020000000000000004
-0.05
-0.23000000000000007
-0.04000000000000001
-0.36000000000000015
-0.11999999999999998
0.060000000000000005
-0.09999999999999999
-0.019999999999999997
-0.019999999999999997
-0.07
-0.21000000000000005
-0.07
-0.19000000000000003
-0.20000000000000004
-0.19000000000000003
-0.3100000000000001
-0.05
0.09
-0.11999999999999998
-0.24000000000000007
0.02
-0.02
0.0
0.0
0.0
0.0
-0.02
-0.09
-0.08
0.030000000000000006
-0.08
0.019999999999999997
-0.12999999999999998
-0.03
-0.12999999999999998
-0.3900000000000002
-0.03
-0.05
-0.19000000000000003
-0.21000000000000002
-0.4300000000000002
-0.5700000000000003
-0.4300000000000002
-0.2900000000000001
-0.25000000000000006
-0.2700000000000001
-0.22000000000000006
-0.25000000000000006
-0.10999999999999999
-0.04
0.0
0.0
0.0
0.0
0.0
-0.01
-0.07
-0.09999999999999999
0.09
-0.15
-0.13999999999999999
0.04
-0.03
0.060000000000000005
-0.060000000000000005
-0.05
0.11999999999999998
0.12999999999999998
-0.36000000000000015
-0.4100000000000002
-0.17
-0.04
-0.20000000000000004
-0.20000000000000004
-0.25000000000000006
-0.21000000000000005
0.009999999999999997
-0.04
-0.01
0.0
0.0
0.0
0.0
0.0
0.0
-0.17
0.09999999999999999
0.060000000000000005
0.13999999999999999
0.09999999999999999
0.05
-0.09
-0.15
-0.19000000000000003
0.030000000000000006
-0.26000000000000006
-0.25000000000000006
-0.3900000000000002
3.469446951953614E-18
-0.04
-0.17
-0.009999999999999997
-0.06000000000000001
-0.009999999999999997
-0.10999999999999999
0.11999999999999998
-0.15
0.0
0.0
0.0
0.0
0.0
0.0
-0.01
-0.15
0.09999999999999999
0.16
0.10999999999999999
0.009999999999999997
-0.05000000000000001
0.3100000000000001
0.16
0.15
0.019999999999999997
-0.16
-0.09
-0.030000000000000006
-0.24000000000000007
-0.2700000000000001
-0.2700000000000001
-0.05
-0.08
0.23000000000000004
0.2900000000000001
0.23000000000000007
-0.15
-0.09999999999999999
0.0
0.0
0.0
0.0
0.0
-0.01
-0.019999999999999997
0.08
0.22000000000000003
-0.020000000000000004
0.08
0.2900000000000001
0.19000000000000003
0.09999999999999999
-0.060000000000000005
0.09999999999999999
-0.15
0.11999999999999998
-0.05
-0.07
0.20000000000000004
0.020000000000000004
0.13999999999999999
0.17
0.11999999999999998
0.13999999999999999
0.26000000000000006
0.10999999999999999
-0.09999999999999999
0.0
0.0
0.0
0.0
0.0
-0.01
0.02
0.09
0.09
0.04
0.15
-0.030000000000000006
0.07
-0.11999999999999998
-0.010000000000000004
0.05
0.5300000000000002
0.12999999999999998
0.060000000000000005
-0.2900000000000001
-0.23000000000000004
-0.10999999999999999
0.11999999999999998
0.23000000000000007
0.3200000000000001
0.03
0.09
0.12999999999999998
-0.13999999999999999
0.0
0.0
0.0
0.0
0.0
-0.01
0.03
-0.019999999999999997
0.13999999999999999
0.18000000000000002
0.09999999999999999
0.09
-0.03
-0.21000000000000005
-0.04
0.09999999999999999
0.10999999999999999
0.19000000000000003
0.08
-0.04
-0.04
0.060000000000000005
-0.15
0.10999999999999999
-3.469446951953614E-18
0.3300000000000001
0.09
0.009999999999999997
-0.11999999999999998
0.0
0.0
0.0
0.0
0.0
-0.01
0.08
0.09
-0.13999999999999999
0.11999999999999998
0.05
0.19000000000000003
0.17
0.11999999999999998
0.060000000000000005
0.17
0.17
-0.11999999999999998
0.20000000000000004
-0.05
-0.019999999999999997
0.05
0.16
0.18000000000000002
0.13999999999999999
0.12999999999999998
0.05
0.03
-0.11999999999999998
0.0
0.0
0.0
0.0
0.0
0.0
-0.08
3.469446951953614E-18
-0.08
-0.04
0.20000000000000004
0.3300000000000001
0.4300000000000002
0.24000000000000005
0.25000000000000006
0.12999999999999998
-0.17
-0.22000000000000006
0.10999999999999999
-0.22000000000000006
-0.09999999999999999
0.24000000000000005
0.020000000000000004
0.15
0.07
0.15
-0.15
-0.09
-0.09
-0.01
0.0
0.0
0.0
0.0
0.0
-0.05
-0.060000000000000005
-0.09
-0.12999999999999998
-3.469446951953614E-18
0.2700000000000001
0.09999999999999999
0.2900000000000001
0.4100000000000002
0.3200000000000001
0.060000000000000005
-0.009999999999999997
0.020000000000000004
0.13999999999999999
0.04
-0.20000000000000004
-0.20000000000000004
-0.08
-0.16
-0.09
-0.16
-0.009999999999999997
-0.09
-0.01
0.0
0.0
0.0
0.0
0.0
-0.060000000000000005
-0.05
-0.05
-0.03
-0.04000000000000001
0.04
0.24000000000000005
0.36000000000000015
-0.07
0.08
0.37000000000000016
-0.010000000000000004
0.09
0.18000000000000002
0.08
-0.11999999999999998
0.2900000000000001
-3.469446951953614E-18
0.060000000000000005
0.22000000000000006
0.07
-0.02
-0.01
0.0
0.0
0.0
0.0
0.0
0.0
-0.060000000000000005
-0.09999999999999999
-0.23000000000000007
-0.25000000000000006
0.18000000000000002
0.13999999999999999
0.24000000000000005
0.4100000000000002
0.34000000000000014
0.19000000000000003
0.26000000000000006
0.19000000000000003
0.10999999999999999
0.3900000000000002
0.019999999999999997
0.09
0.09999999999999999
-0.24000000000000005
0.17
-0.009999999999999997
-0.04
0.01
-0.01
0.0
0.0
0.0
0.0
0.0
0.0
-0.03
-0.12999999999999998
-0.07
0.010000000000000004
0.03
0.10999999999999999
0.08
0.16
0.3900000000000002
0.09
0.34000000000000014
0.08
0.2900000000000001
0.22000000000000003
0.2700000000000001
-0.05
0.05
-0.05
-0.019999999999999997
-0.12999999999999998
-0.07
-0.02
-0.01
0.0
0.0
0.0
0.0
0.0
0.0
-0.01
-0.04
-0.15
0.09
0.060000000000000005
0.24000000000000005
-0.20000000000000004
0.04
-0.17
-0.07
-0.22000000000000006
0.19000000000000003
0.09
0.13999999999999999
0.10999999999999999
-0.030000000000000006
-0.009999999999999997
-0.16
-0.10999999999999999
-0.08
-0.05
-0.01
0.0
0.0
0.0
0.0
0.0
0.0
0.0
0.0
-0.01
-0.09999999999999999
-0.11999999999999998
-0.010000000000000004
-0.13999999999999999
-0.03
0.010000000000000004
0.060000000000000005
-0.16
-0.11999999999999998
0.08
-0.21000000000000005
-0.3200000000000001
-0.060000000000000005
0.16
0.01
-0.08
-0.04
-0.04
-0.04
0.0
0.0
0.0
0.0
0.0
0.0
0.0
0.0
0.0
0.0
-0.04
-0.04
-0.09999999999999999
-0.09999999999999999
-0.09
-0.11999999999999998
-0.16
-0.20000000000000004
-0.21000000000000005
-0.09
-0.10999999999999999
-0.05
-0.060000000000000005
-0.02
-0.02
0.0
0.0
0.0
0.0
0.0
0.0
0.0
0.0
0.0
0.0
0.0
0.0
0.0
0.0
0.0
0.0
0.0
0.0
0.0
0.0
0.0
-0.01
-0.060000000000000005
-0.060000000000000005
-0.01
-0.01
-0.01
-0.02
-0.02
0.0
0.0
0.0
0.0
0.0
0.0
0.0
0.0
0.0
0.0
0.0
0.0
0.0
0.0
0.0
0.0
0.0
0.0
0.0
0.0
0.0
-0.01
-0.01
-0.01
0.0
0.0
0.0
0.0
0.0
0.0
0.0
0.0
0.0
0.0
0.0
0.0
0.0
0.0
