-29.470000000001807
0.0
0.0
51.96999999999953
32.43000000000423
89.42999999999813
244.0500000000112
57.550000000006
63.909999999995065
-6.599999999999903
29.27999999999854
-277.3399999999975
-417.8099999999906
-79.80999999999706
-389.55999999993065
-960.2699999997394
-197.96999999999147
-4.3099999999999525
-158.6300000000014
-371.9100000000186
-189.09999999995563
-766.2599999999723
-581.579999999875
94.46999999999245
253.0199999999982
-9.989999999999831
-89.48999999998983
410.4900000001066
81.93999999999687
523.1299999998982
-218.6199999999859
600.9500000000281
308.81999999998015
-25.080000000000712
-133.1199999999879
479.4899999999532
339.8099999999735
581.1900000000178
310.39000000007775
202.24000000002178
-28.39000000000195
-1.5100000000000011
-317.75000000000597
-68.09000000000238
-334.630000000001
-531.6799999999772
-171.4800000000037
-51.86000000000048
0.0
0.0
