-31565.192005971923
0.0
0.0
0.0
0.0
0.0
0.0
0.0
0.0
0.0
0.0
0.0
0.0
0.0
0.0
0.0
0.0
0.0
0.0
0.0
0.0
0.0
0.0
0.0
0.0
0.0
0.0
0.0
0.0
0.0
0.0
0.0
0.0
0.0
0.0
0.0
0.0
19.981999999999804
29.97300000000073
19.982000000001438
79.94399999999509
39.97900000000021
69.93600000001149
59.94200000000186
89.94199999998219
59.948000000001855
39.977000000002896
29.96800000000073
29.97000000000073
39.962000000002874
9.990999999999902
19.981999999999804
0.0
0.0
0.0
0.0
0.0
0.0
0.0
0.0
0.0
0.0
0.0
19.979999999999805
0.0
19.979999999999805
39.962000000002874
49.955000000006926
69.93299999999762
189.85000000031252
239.79900000050793
279.7090000005632
629.4039999979528
849.1729999920359
1278.7959999818563
1798.2699999694573
1788.2949999694124
1428.628999977673
959.067999988985
509.5159999996926
229.7840000004799
109.90299999994667
9.991000000000106
-19.981999999999804
0.0
0.0
0.0
0.0
0.0
0.0
0.0
0.0
0.0
0.0
-59.944000000027295
-79.93200000000635
-239.78000000044713
-339.66300000041997
-469.5110000011495
-749.3319999949064
-799.2939999933678
-649.5069999970827
159.71700000035312
669.1189999923268
1648.2459999712873
2107.8439999670554
1788.2949999682542
1368.6709999790876
649.411999996234
149.8460000002058
99.92599999994853
20.01399999999809
-59.9460000000273
0.0
0.0
0.0
0.0
0.0
0.0
0.0
-19.979999999999805
-89.93199999998221
-309.7300000007133
-499.56200000139484
-1039.092999988588
-1658.575999973188
-2587.8899999763335
-3806.8470000052926
-4856.032000203955
-6464.919000525076
-7134.403000678611
-7084.718000672723
-7224.5550006717185
-6245.361000473021
-5935.357000395176
-5415.631000289076
-4716.186000152171
-3636.9949999998657
-2358.0149999736877
-1518.7349999766375
-819.247999992934
-479.598000000813
-99.93799999994849
0.0
0.0
0.0
0.0
0.0
-19.983999999999803
-69.95400000001146
-279.79100000056326
-759.3609999944122
-1378.906999979414
-2647.784999986875
-4216.621000074166
-6434.7970005202405
-9182.991001089598
-11501.248001583048
-13020.40500191572
-14828.918002293354
-15588.601002456517
-16367.93100260977
-16657.460002669533
-15927.80500252543
-15167.978002355761
-13319.416001958805
-10102.000001293467
-7503.94100073037
-4746.160000154691
-2747.62899998703
-1778.43599997076
-469.59700000090703
-59.92600000002727
0.0
0.0
0.0
0.0
19.981999999999804
-219.82400000035463
-599.5419999982641
-1358.9659999798591
-2887.7049999894725
-4536.4310001582635
-7644.0390007855185
-11121.347001496188
-14528.932002211543
-16777.623002693177
-19075.895003168473
-21623.86300368501
-22373.08300385707
-22812.701003960537
-24151.413004227325
-23851.537004169822
-22522.52300388912
-19954.28100334413
-16157.235002535024
-11491.084001570343
-7524.019000751205
-4636.178000145658
-2807.5869999834244
-1129.0229999860862
-239.8000000004169
-39.946000000002854
0.0
-19.979999999999805
-39.962000000002874
-39.964000000002876
-349.72200000048184
-1269.03199998289
-2448.0059999754885
-4736.1390001654545
-7294.220000710553
-11570.963001584014
-15997.43400249892
-19284.917003190574
-23032.206003950523
-25170.705004393836
-26469.75500466646
-27378.956004860232
-29157.174005224777
-29916.291005395746
-31135.109005635793
-29536.316005303765
-26219.06500461493
-20603.636003451764
-14558.612002204336
-9332.652001128215
-5705.482000374211
-3137.3540000009793
-1528.6969999763649
-379.70000000058735
-29.97400000000073
0.0
-19.979999999999805
-29.97000000000073
-129.88299999997608
-689.4289999964191
-1858.4099999682433
-3567.066000019547
-5965.171000436853
-9712.201001206502
-13739.123002046008
-17915.86800291538
-21852.901003721006
-23351.992004051735
-23821.985004158127
-24281.622004241137
-25350.335004454813
-27797.867004949156
-29766.219005364885
-30405.838005510504
-31144.99300564407
-27907.65300496793
-21832.570003719546
-15967.558002504325
-10212.094001306617
-5795.512000394499
-2837.7479999941393
-1368.9289999799898
-409.6800000011304
-59.98000000002734
0.0
-19.979999999999805
-109.90799999994667
-289.74000000059385
-679.4019999957253
-2028.3519999640553
-4206.581000062627
-6594.6240005830905
-10131.902001317652
-13998.878002131245
-18785.115003104744
-21603.177003688616
-21563.698003700087
-22343.353003828935
-21883.514003723838
-23081.99800396365
-25200.417004407493
-28087.368005015334
-30575.56600553044
-30755.2270055601
-27837.83200495042
-21113.31400358554
-14408.752002199923
-9103.12000107956
-5106.195000226012
-2148.4329999665006
-1079.2129999876638
-149.90800000001198
-19.995999999999796
0.0
0.0
-79.92500000000074
-229.78400000044823
-689.3829999956189
-1928.3639999661825
-3966.850000050892
-6174.956000511236
-10042.116001302262
-14168.842002162535
-18985.102003138607
-20024.481003374916
-20095.02600336369
-19555.279003219504
-19185.493003135412
-20414.235003403322
-23691.594004096598
-27268.333004843378
-30006.020005408634
-29866.316005376877
-25629.525004510135
-19654.5410032814
-12550.361001804438
-6964.7450006323825
-3177.840999985845
-1199.2659999846585
-319.8410000005271
-49.975000000006936
0.0
0.0
0.0
-49.94700000000692
-169.85300000019
-619.4749999971685
-1898.4829999671845
-3107.550000026867
-5805.423000422349
-10551.57900138853
-14158.96200215904
-17736.043002889382
-18106.29100297428
-17587.11900283802
-17497.550002784767
-17916.760002891002
-20084.774003368308
-23891.63700415958
-29057.081005200354
-30205.966005445836
-28337.41400506426
-22112.54600381316
-16696.897002665573
-9822.472001218473
-4756.5490001556245
-1499.1549999776364
-259.9910000005519
-189.93200000019797
-39.9820000000029
-19.981999999999804
0.0
0.0
-29.96700000000073
-129.87999999997606
-589.5069999988294
-1598.7379999744635
-2827.836000008974
-6345.152000501606
-10351.810001357939
-13489.605002032547
-16587.256002665166
-17247.09700278012
-16098.527002540746
-17357.535002782177
-19804.915003310794
-22162.944003832647
-25929.564004594336
-30146.012005434954
-29886.524005384217
-25549.798004510685
-19434.871003254415
-13499.671001981136
-6765.154000567131
-2508.385999970478
-629.8149999990404
-50.14000000005675
9.935000000000144
-30.003000000000732
-19.981999999999804
0.0
0.0
-29.967000000000727
-49.94700000000692
-449.6490000006193
-1278.9839999817439
-2668.175999989403
-5825.558000416469
-10191.949001335177
-12730.452001900012
-16297.724002596016
-17326.995002784435
-18236.66500296194
-20354.893003410634
-25020.376004386842
-25320.29100450017
-29176.86700526353
-31824.345005785624
-29037.139005230514
-24260.76500424084
-18535.429003023615
-10632.017001367529
-4497.092000072078
-1519.2939999774426
-190.2310000000078
19.797000000006456
59.917000000001856
-39.99400000000291
0.0
0.0
0.0
-19.977999999999806
-9.988999999999903
-309.7760000005632
-1179.0629999841856
-3217.6619999892227
-5945.598000437957
-9372.8220011798
-12540.618001848274
-15598.178002452174
-17916.386002909345
-21054.0490035453
-25650.11000449701
-27687.732004964775
-27568.056004973037
-31464.52100573231
-31414.757005714244
-27468.53700492539
-23621.361004102837
-16407.390002597785
-8993.676001043203
-4057.462999979945
-1669.1509999743123
-380.10100000108685
-190.07300000004537
9.929999999999636
-59.98200000002734
0.0
0.0
0.0
0.0
-19.977999999999806
-289.7620000005528
-1099.184999986198
-3567.4320000043867
-5865.620000433008
-8823.349001062408
-11431.502001601479
-13969.650002125383
-17316.98600280553
-22322.691003816693
-26988.246004784374
-27417.88200493007
-29596.055005367256
-32433.45500591704
-29966.169005426193
-26409.389004714998
-22372.429003848327
-15697.902002453164
-8623.966000977112
-3867.824999994902
-1739.217999971982
-709.8109999965521
-170.0140000001908
-59.980000000052826
-109.94599999994661
0.0
0.0
0.0
0.0
-39.97600000000289
-459.62800000123076
-1508.8799999769992
-3937.039000012969
-6075.356000474139
-8123.966000909674
-10022.881001299605
-12730.51100184529
-16407.673002602874
-21043.526003558705
-23731.053004138317
-26118.92700464336
-28427.037005117498
-29955.665005425515
-28307.61800509873
-25879.42900459502
-21113.472003591214
-14599.016002227843
-7894.544000844133
-4187.549000072474
-2028.9179999640419
-1209.337999984484
-409.8340000001535
-139.88300000004386
-99.94099999998143
0.0
0.0
0.0
0.0
-69.94900000001147
-569.5369999992647
-1868.6539999681945
-4386.725000102639
-6425.190000537743
-7574.623000796322
-8833.669001020196
-10702.271001397761
-14039.594002091306
-17556.512002830772
-19634.607003288274
-23781.256004135554
-26548.77400471617
-27857.594004994455
-27368.28100488879
-24310.812004249277
-19015.309003143255
-13240.272001931895
-8054.4090008520325
-4057.625000099658
-2948.1630000010905
-1888.8319999674402
-899.4649999902505
-369.6720000000298
-99.92899999998144
-19.9899999999998
0.0
0.0
0.0
-129.89699999992015
-769.3669999942842
-2288.1939999740875
-4876.275000235741
-7324.646000735572
-8373.855000952712
-8943.757001016838
-9853.074001196848
-11551.970001570082
-13959.595002085054
-17296.84000278363
-21762.8600037108
-24650.37900432368
-25859.52100457058
-25649.815004505886
-21143.65800358428
-16087.742002542365
-12141.155001706631
-7554.79400079031
-4886.741000276007
-3557.6270000562954
-2448.2729999754974
-969.3819999882645
-419.64200000005076
-109.93799999994661
-59.970000000027326
0.0
0.0
0.0
-179.85900000017114
-949.2039999895592
-2987.554000011624
-5785.460000434672
-8683.434001037898
-9772.716001268598
-9902.865001270793
-10672.666001410586
-11861.669001642424
-14009.806002078032
-17846.446002869336
-21772.85900370159
-23421.506004065453
-24570.6730042854
-23401.57400402123
-18455.821003026984
-14619.080002250506
-10872.058001487176
-7934.2470008895825
-5576.097000405945
-3877.2360000697217
-2278.3389999711144
-1289.0659999816805
-489.6050000009693
-59.95400000002731
-39.980000000002896
0.0
0.0
0.0
-139.8780000000438
-1248.8809999831306
-3117.4320000143125
-6424.926000547677
-9872.405001278574
-11800.968001693713
-13699.58800206253
-14579.208002236614
-14729.329002274359
-17606.76300282204
-20793.81200347197
-23881.034004120072
-24560.496004269775
-23381.68400403418
-21843.207003703792
-17836.64400290417
-13899.585002121006
-10362.44500142409
-8273.7900009609
-6035.629000467063
-3557.2880000392747
-2148.38699996724
-1089.1159999863576
-359.7160000007024
-29.98900000000073
0.0
0.0
0.0
0.0
-129.88199999997607
-929.1669999905885
-2907.5559999858847
-5715.471000396069
-9552.504001212867
-12570.245001853444
-15587.963002474622
-17426.70600286479
-19275.207003237447
-21563.349003682586
-23491.473004067953
-25200.094004411792
-23781.318004141343
-21743.039003734342
-20154.495003389795
-16527.77400265656
-12480.814001854738
-10752.055001456312
-8014.0630008787775
-5326.021000307847
-2927.7999999992985
-1568.8179999750093
-709.4679999951974
-189.85600000027426
-59.96200000002732
0.0
0.0
0.0
0.0
-109.89399999994669
-599.4649999989572
-1728.5859999715499
-4366.568000088611
-7993.654000855529
-12140.366001727618
-16057.272002552767
-20004.193003370994
-23491.441004093325
-24570.6640043339
-26918.4890047947
-26428.783004700374
-25199.8600044434
-22951.913003973914
-19535.016003265282
-15538.245002447193
-12001.174001718065
-9053.463001084916
-6215.495000477097
-3627.4580000260444
-2198.3549999680386
-939.3569999901403
-459.64500000028755
-139.8970000000439
-39.97600000000289
0.0
0.0
0.0
0.0
-39.964000000002876
-339.7090000007754
-1029.2499999883446
-2438.21399997092
-5425.872000288434
-9272.63300109616
-13519.4120019924
-18245.56900297547
-21852.74900373272
-24070.686004200958
-25839.36000455458
-25619.411004506546
-23721.05900411531
-20843.61100351319
-16966.936002709324
-13419.862001956875
-9373.1970011251
-6075.548000450031
-3717.2090000280937
-2048.579999963563
-1079.2049999866401
-469.6990000004212
-219.82800000032154
-39.96600000000288
-19.983999999999803
0.0
0.0
0.0
0.0
0.0
-139.90999999993994
-469.7300000006643
-979.3579999892545
-2378.240999971908
-4466.619000116652
-7024.604000656512
-10002.035001282879
-12939.770001884823
-14718.369002255122
-16546.820002607
-15497.691002409869
-14748.39800224006
-12920.035001848417
-10002.392001260036
-7734.085000773126
-5275.955000273781
-3137.6310000071267
-1968.528999964994
-1139.1769999847033
-579.5939999979731
-309.80100000056325
-59.9460000000273
0.0
0.0
0.0
0.0
0.0
0.0
0.0
-19.983999999999803
-69.97600000001142
-349.78900000048174
-969.3029999898339
-2108.373999965485
-3117.5550000158337
-4526.396000159592
-5145.800000322356
-6154.843000492799
-5995.012000464408
-6134.969000468339
-5995.0590004338355
-4925.942000228418
-4026.6600000626026
-3117.355000006738
-2298.1239999703416
-1279.0079999813115
-959.2499999889806
-569.540999998537
-369.7260000008047
-129.8879999999201
-59.96200000002732
0.0
0.0
0.0
0.0
0.0
0.0
0.0
-19.999999999999794
-49.972000000006936
-129.92699999997632
-519.5740000004741
-859.2549999914155
-1438.6989999778832
-1838.3069999685504
-2247.9769999731743
-2587.627999986162
-2397.8369999795186
-2277.9309999714997
-2188.013999968798
-2138.0839999663085
-1598.582999974208
-1258.8769999823
-849.2769999921961
-409.66499999956807
-309.753000000338
-219.83100000045397
-109.92599999998949
-59.94200000002729
0.0
0.0
0.0
0.0
0.0
0.0
