-31.040000000002053
0.0
0.0
0.0
0.0
0.7100000000000004
1.4700000000000009
0.8400000000000005
1.530000000000001
1.2700000000000007
3.7900000000000045
0.36000000000000004
0.18000000000000002
0.0
0.0
0.0
0.0
0.0
0.0
0.6700000000000005
9.269999999999927
16.809999999999828
26.560000000001153
48.809999999997466
24.250000000000675
49.150000000001036
46.6299999999996
18.109999999999914
3.089999999999978
-0.30999999999999867
0.0
0.0
0.0
-1.0400000000000003
11.519999999999984
8.169999999999979
-15.349999999999602
23.020000000000437
-8.989999999999933
-15.039999999999464
40.5499999999943
39.43999999999618
18.04999999999997
12.570000000000073
9.670000000000122
-3.599999999999958
0.0
-7.019999999999895
-32.87999999999962
-46.8800000000003
-75.34000000000033
-53.08999999999668
-47.940000000001604
-44.20000000000216
-77.2100000000032
-71.13000000000348
-102.80000000000308
-99.3100000000011
-8.410000000000002
-50.32999999999876
-1.829999999999991
0.0
-9.359999999999845
-23.650000000000123
-56.90999999999947
-60.01999999999961
-113.9600000000012
-76.80000000000294
-22.52000000000448
-58.97000000000198
-144.63000000000613
-179.9600000000038
-128.8300000000098
-69.46999999999836
-30.16999999999951
0.0
0.0
-2.259999999999996
-32.43000000000094
-22.409999999998842
5.6200000000000765
-1.180000000000012
-28.060000000005168
-11.659999999999727
-182.5900000000016
-112.08000000000115
-143.8200000000068
-67.65999999999984
41.19000000000065
18.339999999999783
-4.759999999999943
0.0
-7.619999999999882
-37.259999999999515
17.5799999999997
14.459999999999894
71.76999999999917
-17.919999999999252
-85.74000000000513
16.279999999994956
-0.8599999999997583
14.099999999999854
98.9700000000025
73.89000000000097
27.89000000000082
-1.0800000000000007
0.0
-7.619999999999882
-9.710000000000006
50.50000000000345
89.81000000000051
87.52000000000284
-15.749999999999638
41.72000000000184
-40.140000000002914
-68.91000000000051
22.42000000000058
146.63000000000554
117.23000000001026
16.039999999999875
-7.119999999999893
0.0
-7.629999999999882
-22.95999999999993
7.899999999999928
96.28000000000097
122.10000000000721
43.94999999999794
45.60999999999969
-9.93000000000011
-16.309999999999985
20.909999999999503
71.20999999999967
49.3200000000001
22.799999999999304
-1.0800000000000007
0.0
-1.1200000000000008
-22.579999999999853
-49.26000000000155
51.090000000001254
46.03000000000222
130.7800000000046
147.07000000000386
118.22000000000568
106.72000000000189
65.72999999999548
26.50999999999923
12.419999999999915
-4.869999999999912
-0.12999999999999998
0.0
-1.1200000000000008
-9.629999999999885
-69.83000000000153
-27.76999999999758
70.40999999999615
112.59000000000145
-14.469999999999986
-2.629999999999992
28.510000000001064
-7.129999999999989
-51.27000000000214
-27.180000000000575
-1.6200000000000012
-0.01
0.0
0.0
-9.759999999999843
-19.59999999999981
-35.57000000000025
-38.71999999999863
-46.49000000000008
-85.59000000000205
-61.780000000002346
-61.5300000000012
-17.35000000000009
-42.86000000000083
-26.6299999999999
0.0
0.0
0.0
0.0
0.0
-2.4599999999999915
-9.839999999999966
-4.949999999999982
-6.799999999999943
-8.15999999999987
-5.139999999999935
-0.03
-6.099999999999958
0.0
0.0
0.0
0.0
0.0
