-22.920000000000783
0.0
0.0
22.120000000000097
20.56000000000149
63.61999999999434
266.47999999999485
47.84000000000237
63.69999999999517
-6.409999999999871
57.22000000000109
-227.30000000000146
-440.68000000003167
-197.77000000007462
-308.48999999997784
-1160.9499999995007
-184.94999999999402
-0.5100000000000002
-261.45000000000874
-399.5100000000197
-297.6599999999625
-856.7199999998978
-796.3599999998183
124.05999999999754
261.0700000000088
-19.300000000000217
-75.81999999998887
368.38999999999373
113.87999999998443
601.9299999998851
-163.7399999999827
646.480000000026
342.62999999996913
-18.720000000000134
-19.059999999994417
580.2099999999895
357.5699999999998
757.8700000001772
458.9100000001644
117.47000000000041
-26.710000000001912
-0.03
-280.40000000001066
-97.00000000000253
-273.53000000000173
-585.4600000000177
-176.05999999999983
-66.32999999999944
0.0
0.0
