-0.017000000000000008
0.0
0.0
0.0
0.0
0.0
0.0
0.0
0.0
0.0
0.0
0.0
0.0
0.0
0.0
0.0
0.0
0.0
0.0
0.0
0.0
0.0
0.0
0.0
0.0
0.0
0.0
0.0
0.0
0.0
0.0
0.0
0.0
0.0
0.0
0.0
0.0
0.004
0.002
0.002
0.01
0.007
0.001
0.002
0.012
-0.01
0.001
-0.005
0.002
0.002
0.001
0.002
0.0
0.0
0.0
0.0
0.0
0.0
0.0
0.0
0.0
0.0
0.0
0.0
0.0
0.0
0.004
0.002
-0.008
0.004
0.020000000000000004
-0.012
0.029000000000000012
0.01800000000000001
0.01900000000000001
0.019000000000000003
0.004
0.014000000000000002
0.005
0.009000000000000001
0.005
0.002
0.0
0.0
0.0
0.0
0.0
0.0
0.0
0.0
0.0
0.0
0.0
0.0
0.002
0.0
-0.006
0.002
0.001
0.003
0.008999999999999994
-0.009000000000000001
0.011999999999999992
0.0
0.014999999999999994
0.01500000000000002
0.005000000000000001
0.029000000000000012
0.02800000000000001
0.021000000000000005
-0.009000000000000001
-0.003
-0.016
0.0
0.0
0.0
0.0
0.0
0.0
0.0
0.0
-0.002
0.01
0.004
0.002
-0.020000000000000004
0.009000000000000001
0.014
0.008999999999999994
0.016999999999999994
0.019000000000000003
-0.023000000000000007
-0.003
-0.004
0.031000000000000014
0.04900000000000003
0.025
0.03300000000000002
0.06300000000000004
0.002999999999999999
0.023000000000000007
-0.003
-0.002
0.0
0.0
0.0
0.0
0.0
0.0
0.0
-0.004
0.0
0.002
-0.001
0.001
-0.015000000000000001
-0.03600000000000002
0.019000000000000003
0.001
-0.014000000000000007
0.0019999999999999957
-0.05200000000000003
-0.014999999999999993
0.010999999999999992
0.018999999999999996
0.0030000000000000035
0.028000000000000018
-0.009000000000000001
0.017
0.043000000000000024
0.024000000000000007
0.032000000000000015
0.034000000000000016
0.0
0.0
0.0
0.0
0.0
-0.012
-0.013
-0.01
0.002
-0.019000000000000003
-0.015000000000000008
-0.011999999999999997
0.001
-0.004999999999999997
-0.011
-0.005000000000000001
0.005999999999999997
-0.011000000000000003
0.05200000000000003
-0.014999999999999989
-0.03600000000000002
-9.999999999999966E-4
-0.012
-0.02000000000000001
0.003
0.005
0.008
0.006
-0.001
0.018000000000000002
0.0
0.0
0.0
0.0
-0.006
-0.008
-0.011000000000000001
-0.032000000000000015
-0.035000000000000024
-0.05000000000000003
-0.0020000000000000035
0.018000000000000002
-0.031000000000000007
-0.05300000000000003
0.01499999999999998
-0.033000000000000015
-0.05300000000000003
-0.02800000000000001
-0.05700000000000004
-0.021000000000000005
0.007999999999999993
-0.034000000000000016
-0.016999999999999994
0.0030000000000000027
-0.0019999999999999966
0.010000000000000002
0.005
0.005
0.018000000000000002
0.0
0.0
0.0
0.0
-0.012
-0.020000000000000004
-0.016
-0.02500000000000001
-0.02500000000000001
8.673617379884035E-19
-0.04100000000000002
-0.03900000000000002
0.010999999999999985
-0.034000000000000016
0.009000000000000005
-0.022000000000000013
0.006
-0.023000000000000013
-0.023000000000000013
-0.03600000000000002
-0.024000000000000007
-0.020999999999999998
-0.03700000000000002
-0.0060000000000000045
0.015
0.002
-0.02600000000000001
0.012
0.0
0.0
0.0
0.0
0.0
-0.002
-0.015000000000000001
-0.02500000000000001
0.003
0.007
0.021000000000000005
-0.017000000000000005
-0.009000000000000001
-0.022
-0.06100000000000004
0.003
-0.005999999999999986
-0.026000000000000023
-0.020000000000000004
-0.06800000000000005
-0.060000000000000046
-0.06800000000000005
-0.02700000000000001
-0.032000000000000015
-0.045000000000000026
-0.018000000000000002
-0.033000000000000015
-0.011000000000000001
-0.001
0.0
0.0
0.0
0.0
0.0
-0.001
-0.015
-0.025000000000000015
0.018999999999999996
-0.015000000000000001
-0.003
0.004
-0.005000000000000004
0.020000000000000004
-0.017000000000000022
-0.017
0.017
0.03800000000000002
-0.042000000000000016
-0.06300000000000004
-0.05200000000000004
-0.021000000000000005
-0.056000000000000036
-0.005
-0.020000000000000004
-0.016
-0.003
-0.012
-0.002
0.0
0.0
0.0
0.0
0.0
-0.002
-0.02600000000000001
0.013999999999999999
-0.004
0.02600000000000001
-0.0020000000000000018
0.021000000000000005
-0.020000000000000004
-0.04100000000000002
-0.030000000000000013
0.003999999999999997
-0.021000000000000005
-0.03900000000000002
-0.09300000000000007
-0.009000000000000001
-0.017000000000000008
-0.022000000000000013
0.009000000000000005
0.0029999999999999983
-0.004
-0.003999999999999997
0.001
-0.030000000000000013
0.0
0.0
0.0
0.0
0.0
0.0
-0.006
-0.016
0.007
0.006000000000000007
0.020000000000000004
0.020000000000000004
-9.999999999999992E-4
0.06400000000000004
0.018999999999999996
-0.007
-0.003
-0.014999999999999987
-0.006999999999999997
-0.027000000000000024
-0.03900000000000003
-0.002000000000000001
-0.02100000000000002
-0.013999999999999992
0.018000000000000002
0.05900000000000004
0.03800000000000002
0.024000000000000007
-0.014
-0.012
0.0
0.0
0.0
0.0
0.0
-0.003
0.004
-0.012999999999999998
0.018000000000000002
0.012999999999999994
-0.003000000000000001
0.04700000000000002
0.015000000000000006
-0.001999999999999993
-0.006999999999999976
-0.004000000000000001
-0.03699999999999999
3.469446951953614E-18
0.003
0.002
0.04200000000000003
3.469446951953614E-18
0.03500000000000001
0.04600000000000001
0.056000000000000036
0.01800000000000001
0.029000000000000012
0.02700000000000001
-0.012
0.0
0.0
0.0
0.0
0.0
-0.003
0.004
0.001
0.014000000000000009
0.008000000000000002
-0.009000000000000008
-0.00899999999999999
0.016000000000000007
-0.002
-0.033
-0.005000000000000008
0.05300000000000003
0.011999999999999986
0.044000000000000025
-0.020999999999999998
-0.005999999999999998
-0.02700000000000001
-0.0029999999999999914
0.03000000000000002
0.05000000000000003
0.019000000000000003
0.014999999999999994
-0.005
-0.016
0.0
0.0
0.0
0.0
0.0
-0.005
-0.004
-0.017
0.031000000000000014
0.0070000000000000045
0.02099999999999999
0.017000000000000015
-0.0030000000000000035
-0.009000000000000011
0.020999999999999998
0.017999999999999988
0.008999999999999994
0.015
0.032000000000000015
-0.001
0.006000000000000001
0.003
0.007000000000000001
0.017
-0.015
0.04200000000000002
0.04000000000000002
-0.006
-0.020000000000000004
0.0
0.0
0.0
0.0
0.0
-0.009000000000000001
-0.019000000000000003
-0.016
-0.024
0.006
0.035
0.018000000000000002
0.04000000000000002
0.001999999999999994
-0.01199999999999999
0.043000000000000024
0.046000000000000034
-0.0050000000000000105
0.010999999999999992
0.001999999999999994
-0.018000000000000016
0.008999999999999984
0.018000000000000002
0.04000000000000003
0.026000000000000016
0.01900000000000001
0.02800000000000001
0.024000000000000007
-0.019000000000000003
0.0
0.0
0.0
0.0
0.0
-0.002
-0.02600000000000001
-0.011000000000000003
-0.013000000000000001
0.0
0.012999999999999989
0.008000000000000002
0.07000000000000005
0.010999999999999992
0.02700000000000001
0.027000000000000017
-0.04500000000000002
-0.0030000000000000035
0.02700000000000001
-0.032000000000000015
-0.008999999999999998
0.010000000000000005
-0.012000000000000004
0.029000000000000012
-0.007
0.024000000000000014
0.0
-0.003
-0.003
0.0
0.0
0.0
0.0
0.0
-0.007
-0.018000000000000002
-0.04900000000000003
-0.01800000000000001
0.006
0.009000000000000005
0.05700000000000003
0.011000000000000017
0.057000000000000044
0.043000000000000024
0.04900000000000003
-0.002
-0.004999999999999997
-0.02000000000000001
0.01000000000000001
0.0
-0.02099999999999999
-0.03400000000000002
0.01
-0.0040000000000000036
0.006
-0.020000000000000004
0.008
-0.01
0.0
0.0
0.0
0.0
0.0
-0.009000000000000001
-0.009000000000000003
-0.010000000000000002
-0.04900000000000003
0.0
0.003
0.021999999999999985
0.03200000000000001
0.039000000000000014
-0.005999999999999993
0.0020000000000000035
0.05500000000000002
0.002
-0.014999999999999993
0.045000000000000026
0.017
9.999999999999966E-4
0.029000000000000012
-0.006000000000000002
9.999999999999922E-4
0.029000000000000012
0.011000000000000001
-0.004
0.0
0.0
0.0
0.0
0.0
0.0
-0.006
-0.014
-0.019000000000000003
-0.031000000000000014
-0.04300000000000002
0.02500000000000001
0.020000000000000018
0.04200000000000001
0.056000000000000036
0.039000000000000014
0.043000000000000024
0.07600000000000005
0.047000000000000035
0.028000000000000018
0.04400000000000003
0.023000000000000007
0.012000000000000004
0.048000000000000036
-0.031000000000000014
0.023000000000000007
0.004
-0.003
-0.002
0.0
0.0
0.0
0.0
0.0
0.0
-0.002
-0.019000000000000003
-0.021000000000000005
-0.022000000000000006
-9.999999999999966E-4
-0.03600000000000002
0.008000000000000004
1.3877787807814457E-17
0.03600000000000001
0.06500000000000004
0.010000000000000005
0.07100000000000005
0.023999999999999994
0.04700000000000003
0.013999999999999993
0.045000000000000026
0.001
0.0
-0.014
0.007
-0.016
-0.006
-0.005
0.0
0.0
0.0
0.0
0.0
0.0
0.0
-0.006
-0.017
-0.012000000000000004
0.017
0.0020000000000000035
0.024000000000000007
-0.030000000000000013
-0.016
-0.019000000000000003
0.018000000000000002
-0.010000000000000002
-0.006
0.013999999999999993
0.027000000000000003
0.015
-0.013000000000000001
-0.012000000000000004
-0.021000000000000005
-0.019000000000000003
-0.010000000000000002
-0.006
-0.005
0.0
0.0
0.0
0.0
0.0
0.0
0.0
0.0
-0.01
-0.012
-0.009000000000000001
-0.001
-0.017
-0.03700000000000002
-0.023000000000000013
0.023000000000000007
-0.020000000000000004
-0.043000000000000024
-0.021000000000000005
-0.03500000000000001
-0.045000000000000026
-0.021000000000000005
0.002
0.0
-0.005
-0.007
-0.006
-0.004
0.0
0.0
0.0
0.0
0.0
0.0
0.0
0.0
0.0
0.0
-0.002
-0.003
-0.015000000000000001
-0.020000000000000004
-0.021000000000000005
-0.030000000000000013
-0.03600000000000002
-0.04100000000000002
-0.04100000000000002
-0.02500000000000001
-0.023000000000000007
-0.010000000000000002
-0.009000000000000001
-0.006
-0.003
-0.001
-0.001
-0.002
0.0
0.0
0.0
0.0
0.0
0.0
0.0
0.0
0.0
0.0
0.0
0.0
0.0
0.0
-0.006
-0.005
-0.008
-0.01
-0.003
-0.013000000000000001
-0.012
-0.006
-0.002
0.0
-0.001
-0.002
0.0
0.0
0.0
0.0
0.0
0.0
0.0
0.0
0.0
0.0
0.0
0.0
0.0
0.0
0.0
0.0
0.0
0.0
0.0
0.0
0.0
0.0
0.0
0.0
0.0
0.0
0.0
0.0
0.0
0.0
0.0
0.0
0.0
0.0
0.0
0.0
0.0
0.0
