0.13999999999999999
0.0
0.0
0.0
0.0
0.0
0.0
0.0
0.0
0.0
0.0
0.0
0.0
0.0
0.0
0.0
0.0
0.0
0.0
0.0
0.0
-0.03
-0.1
-0.13
-0.09999999999999999
-0.049999999999999996
-0.03
-0.01
0.0
0.0
0.0
0.0
0.0
0.0
0.12
0.14
0.019999999999999973
-0.16999999999999996
-0.11000000000000004
-0.07999999999999996
0.14999999999999997
-0.06
0.019999999999999997
0.47
0.08999999999999998
0.0
0.0
0.0
0.18
0.13000000000000003
-0.039999999999999994
-0.03000000000000001
-0.06999999999999998
-0.7699999999999998
-0.61
0.009999999999999919
-0.17000000000000018
0.32999999999999974
0.07000000000000002
0.02000000000000001
-0.02
0.0
0.0
-0.030000000000000013
0.05000000000000001
-0.12
-0.19999999999999973
-0.23000000000000007
-0.73
-0.22999999999999998
-0.24999999999999992
0.009999999999999835
-0.020000000000000018
-0.41000000000000003
-0.14999999999999997
-0.01
0.0
0.0
-0.16999999999999998
0.02999999999999995
-0.19000000000000009
-0.009999999999999877
0.08999999999999996
-0.13
0.009999999999999974
0.01000000000000003
0.24999999999999992
-0.14
-0.10999999999999997
-0.019999999999999997
0.0
0.0
0.0
0.09
0.27
0.42999999999999966
0.6000000000000002
0.5499999999999998
0.1900000000000001
0.24000000000000002
0.2199999999999999
0.3799999999999998
0.020000000000000004
0.18999999999999995
-0.04
0.0
0.0
0.02
0.049999999999999975
0.21999999999999992
0.14000000000000004
0.4200000000000004
0.3299999999999997
0.07999999999999982
0.6100000000000001
0.33
0.2899999999999998
2.42861286636753E-17
0.029999999999999992
-0.16
-0.04
0.0
0.01
-0.32999999999999996
0.1499999999999999
0.5799999999999996
-0.030000000000000127
0.12999999999999973
0.2900000000000002
0.5700000000000006
0.39999999999999947
-0.59
-0.30999999999999994
-0.31000000000000005
-0.02
0.0
0.0
-0.01
-0.33000000000000007
-0.2899999999999998
-0.37999999999999995
-0.6699999999999998
-0.2500000000000001
-0.01999999999999997
-0.15
-0.03999999999999995
-0.13
-0.03000000000000002
-0.11
0.0
0.0
0.0
0.0
-0.06999999999999999
-0.6300000000000002
-0.31000000000000005
-0.040000000000000036
-0.31000000000000005
-0.5299999999999998
0.07
-0.25999999999999995
0.26
0.19999999999999998
-0.03
0.0
0.0
0.0
0.0
-0.02
-0.019999999999999997
0.06999999999999999
0.11000000000000001
0.04999999999999998
-0.24999999999999994
-0.18000000000000008
0.04000000000000004
0.25999999999999995
0.11
-0.01
0.0
0.0
0.0
0.0
0.0
-0.05
-0.25
0.009999999999999997
-0.24
-0.4099999999999999
-0.22999999999999982
-0.03
-0.21000000000000002
-0.05
0.0
0.0
0.0
0.0
