0.4600000000000002
0.0
0.0
-0.03
-13.939999999999927
-11.36999999999993
-7.0699999999999745
-0.03
6.579999999999782
0.0
0.11000000000000004
3.2799999999999607
2.899999999999945
-2.3399999999999967
2.7800000000000007
-1.4200000000000106
-14.670000000000062
0.0
-8.620000000000005
-3.1800000000000583
-9.599999999999957
0.5400000000000235
1.5200000000000558
-1.9699999999999995
-3.719999999999985
-3.479999999999985
-4.609999999999795
12.249999999999924
3.0200000000002514
0.8200000000000123
7.169999999999973
1.339999999999985
-4.009999999999883
0.05999999999999992
2.539999999999971
-1.050000000000001
-4.2700000000000555
-5.230000000000151
-0.37999999999999645
-6.509999999999896
1.0600000000000003
0.0
-5.360000000000032
-0.12000000000000001
-2.549999999999992
-4.7100000000000675
-15.260000000000353
-0.319999999999999
-0.12999999999999998
0.0
