-0.46300000000000036
0.0
0.0
0.0
0.0
0.0
0.0
0.0
0.0
0.0
0.0
0.0
0.0
0.0
0.0
0.0
0.0
0.0
0.0
0.0
0.0
0.0
0.0
0.0
0.0
0.0
0.0
0.0
0.0
0.0
0.0
0.0
0.0
0.0
0.0
0.0
0.0
0.0
0.0
0.0
0.0
0.0
0.0
0.0
0.0
0.0
0.0
0.0
0.0
0.0
0.0
0.0
0.0
0.0
0.0
0.0
0.0
0.0
0.0
0.0
0.0
0.0
0.0
0.0
0.0
0.0
0.0
0.0
0.0
-0.002
-0.006
-0.004
-0.008
-0.006
-0.010000000000000002
-0.009000000000000001
-0.019000000000000003
-0.013000000000000005
-0.007
-0.002
0.0
0.0
0.0
0.0
0.0
0.0
0.0
0.0
0.0
0.0
0.0
0.0
0.0
0.0
-0.002
0.0
0.0
-0.005
-0.008
-0.018000000000000002
-0.04000000000000002
-0.03800000000000002
-0.07200000000000005
-0.06900000000000005
-0.07200000000000005
-0.06500000000000004
-0.05900000000000004
-0.033000000000000015
-0.009000000000000001
0.002
0.012
0.0
0.0
0.0
0.0
0.0
0.0
0.0
0.0
0.0
0.0
0.0
-0.002
-0.002
-0.001
-0.014
-0.023000000000000007
-0.07200000000000005
-0.1220000000000001
-0.1550000000000001
-0.19600000000000015
-0.21600000000000016
-0.18600000000000014
-0.23100000000000018
-0.20700000000000016
-0.1520000000000001
-0.09800000000000007
-0.06700000000000005
-0.05300000000000003
-0.03600000000000002
-0.011000000000000001
-0.006
0.0
0.0
0.0
0.0
0.0
0.0
0.0
0.0
-0.002
-0.004
-0.009000000000000001
-0.019000000000000003
-0.04200000000000002
-0.10200000000000008
-0.1350000000000001
-0.17000000000000012
-0.2410000000000002
-0.2590000000000002
-0.32600000000000023
-0.3700000000000003
-0.35900000000000026
-0.32100000000000023
-0.23700000000000018
-0.18400000000000014
-0.1430000000000001
-0.07600000000000005
-0.06000000000000004
-0.008
-0.003
-0.002
0.0
0.0
0.0
0.0
0.0
0.0
0.0
-0.006
-0.022000000000000006
-0.032000000000000015
-0.03700000000000002
-0.10100000000000008
-0.1490000000000001
-0.22700000000000017
-0.3020000000000002
-0.33200000000000024
-0.4070000000000003
-0.45900000000000035
-0.4260000000000003
-0.43800000000000033
-0.4150000000000003
-0.34100000000000025
-0.2460000000000002
-0.20000000000000015
-0.1550000000000001
-0.06400000000000004
-0.023000000000000007
-0.006
-0.002
0.0
0.0
0.0
0.0
0.0
0.0
-0.002
-0.006
-0.030000000000000013
-0.043000000000000024
-0.10200000000000008
-0.16500000000000012
-0.19100000000000014
-0.2480000000000002
-0.35400000000000026
-0.4020000000000003
-0.5450000000000004
-0.5050000000000003
-0.45800000000000035
-0.3960000000000003
-0.3890000000000003
-0.36800000000000027
-0.33600000000000024
-0.23100000000000018
-0.1430000000000001
-0.10700000000000008
-0.056000000000000036
-0.022000000000000006
-0.006
0.0
0.0
0.0
0.0
0.0
0.0
-0.002
-0.022000000000000006
-0.03500000000000002
-0.07900000000000006
-0.1360000000000001
-0.17900000000000013
-0.21700000000000016
-0.32200000000000023
-0.34800000000000025
-0.3810000000000003
-0.46700000000000036
-0.44300000000000034
-0.47100000000000036
-0.4270000000000003
-0.4160000000000003
-0.3900000000000003
-0.3090000000000002
-0.23400000000000018
-0.19100000000000014
-0.12600000000000008
-0.06800000000000005
-0.05000000000000003
-0.021000000000000005
-0.002
0.0
0.0
0.0
0.0
-0.002
-0.01
-0.018000000000000002
-0.05800000000000004
-0.08800000000000006
-0.12500000000000008
-0.22200000000000017
-0.2420000000000002
-0.3010000000000002
-0.3130000000000002
-0.4010000000000003
-0.4190000000000003
-0.43300000000000033
-0.44500000000000034
-0.3920000000000003
-0.35600000000000026
-0.3750000000000003
-0.2980000000000002
-0.2490000000000002
-0.1330000000000001
-0.10800000000000008
-0.09100000000000007
-0.045000000000000026
-0.015000000000000001
-0.002
0.0
0.0
0.0
0.0
-0.001
-0.001
-0.024000000000000007
-0.055000000000000035
-0.06800000000000005
-0.1480000000000001
-0.21800000000000017
-0.23600000000000018
-0.2980000000000002
-0.34800000000000025
-0.35200000000000026
-0.3050000000000002
-0.36400000000000027
-0.3800000000000003
-0.3970000000000003
-0.34500000000000025
-0.3800000000000003
-0.3010000000000002
-0.24000000000000019
-0.16600000000000012
-0.08900000000000007
-0.07400000000000005
-0.05100000000000003
-0.016
0.0
0.0
0.0
0.0
0.0
-0.002
-0.003
-0.032000000000000015
-0.05800000000000004
-0.07600000000000005
-0.1550000000000001
-0.17400000000000013
-0.2590000000000002
-0.32300000000000023
-0.2800000000000002
-0.34600000000000025
-0.35800000000000026
-0.36300000000000027
-0.4060000000000003
-0.43200000000000033
-0.4110000000000003
-0.4160000000000003
-0.34500000000000025
-0.20900000000000016
-0.1530000000000001
-0.10200000000000008
-0.05300000000000003
-0.033000000000000015
0.0
0.0
0.0
0.0
0.0
0.0
0.0
-0.002
-0.021000000000000005
-0.045000000000000026
-0.10600000000000008
-0.1390000000000001
-0.17100000000000012
-0.25500000000000017
-0.2590000000000002
-0.2710000000000002
-0.34500000000000025
-0.35400000000000026
-0.3930000000000003
-0.4180000000000003
-0.4180000000000003
-0.4160000000000003
-0.3730000000000003
-0.2900000000000002
-0.19500000000000015
-0.1360000000000001
-0.04800000000000003
-0.05700000000000004
-0.023000000000000007
0.0
0.0
0.0
0.0
0.0
0.0
0.0
0.0
-0.015000000000000001
-0.07000000000000005
-0.07500000000000005
-0.1540000000000001
-0.22500000000000017
-0.20700000000000016
-0.23100000000000018
-0.32500000000000023
-0.35700000000000026
-0.3940000000000003
-0.4100000000000003
-0.45300000000000035
-0.4120000000000003
-0.43500000000000033
-0.32200000000000023
-0.2660000000000002
-0.20100000000000015
-0.08900000000000007
-0.043000000000000024
-0.044000000000000025
-0.013000000000000001
-0.002
0.0
0.0
0.0
0.0
0.0
0.0
0.0
-0.008
-0.05300000000000003
-0.1220000000000001
-0.1440000000000001
-0.17800000000000013
-0.20400000000000015
-0.2760000000000002
-0.3180000000000002
-0.34200000000000025
-0.3730000000000003
-0.3710000000000003
-0.36000000000000026
-0.45800000000000035
-0.34000000000000025
-0.3090000000000002
-0.22400000000000017
-0.20600000000000016
-0.10800000000000008
-0.05700000000000004
-0.043000000000000024
-0.021000000000000005
-0.001
0.0
0.0
0.0
0.0
0.0
0.0
0.0
-0.020000000000000004
-0.054000000000000034
-0.09300000000000007
-0.1480000000000001
-0.17400000000000013
-0.22400000000000017
-0.2710000000000002
-0.3120000000000002
-0.3140000000000002
-0.3760000000000003
-0.4040000000000003
-0.3990000000000003
-0.46100000000000035
-0.3060000000000002
-0.33900000000000025
-0.25600000000000017
-0.19100000000000014
-0.1350000000000001
-0.05700000000000004
-0.044000000000000025
-0.02500000000000001
-0.002
0.0
0.0
0.0
0.0
0.0
0.0
0.0
-0.017000000000000005
-0.06300000000000004
-0.08100000000000006
-0.11300000000000009
-0.19600000000000015
-0.22800000000000017
-0.3060000000000002
-0.3090000000000002
-0.32500000000000023
-0.33000000000000024
-0.36300000000000027
-0.3840000000000003
-0.33500000000000024
-0.3910000000000003
-0.3020000000000002
-0.2620000000000002
-0.22100000000000017
-0.1450000000000001
-0.07200000000000005
-0.015000000000000008
-0.024000000000000007
0.0
0.0
0.0
0.0
0.0
0.0
0.0
0.0
-0.043000000000000024
-0.08000000000000006
-0.1380000000000001
-0.1400000000000001
-0.19300000000000014
-0.23900000000000018
-0.2860000000000002
-0.2710000000000002
-0.2990000000000002
-0.32900000000000024
-0.35900000000000026
-0.36300000000000027
-0.35800000000000026
-0.4060000000000003
-0.33800000000000024
-0.25300000000000017
-0.2720000000000002
-0.1590000000000001
-0.09800000000000007
-0.032000000000000015
-0.030000000000000013
-0.001
-0.002
-0.002
0.0
0.0
0.0
-0.008
-0.006
-0.043000000000000024
-0.08700000000000006
-0.17300000000000013
-0.17100000000000012
-0.23800000000000018
-0.2610000000000002
-0.25400000000000017
-0.2660000000000002
-0.2670000000000002
-0.32200000000000023
-0.2940000000000002
-0.32000000000000023
-0.4140000000000003
-0.36600000000000027
-0.3070000000000002
-0.2830000000000002
-0.2480000000000002
-0.12800000000000009
-0.09500000000000007
-0.05000000000000003
-0.016
-0.002
-0.002
-0.002
0.0
0.0
0.0
-0.015000000000000003
-0.013000000000000001
-0.034000000000000016
-0.08300000000000006
-0.18100000000000013
-0.18600000000000014
-0.22000000000000017
-0.2860000000000002
-0.3870000000000003
-0.34000000000000025
-0.34600000000000025
-0.36100000000000027
-0.36300000000000027
-0.36800000000000027
-0.3880000000000003
-0.3020000000000002
-0.3120000000000002
-0.2810000000000002
-0.21100000000000016
-0.12700000000000009
-0.06800000000000005
-0.024000000000000007
-0.001
0.0
0.0
0.0
0.0
0.0
0.0
-0.009000000000000001
-0.013000000000000005
-0.03900000000000002
-0.10300000000000008
-0.18200000000000013
-0.23400000000000018
-0.2450000000000002
-0.3030000000000002
-0.36500000000000027
-0.35100000000000026
-0.4040000000000003
-0.4190000000000003
-0.3760000000000003
-0.4200000000000003
-0.3960000000000003
-0.34300000000000025
-0.2730000000000002
-0.23500000000000018
-0.21100000000000016
-0.12500000000000008
-0.04600000000000003
-0.031000000000000014
-0.003
-0.002
0.0
0.0
0.0
0.0
0.0
-0.004
-0.009000000000000001
-0.04600000000000003
-0.10500000000000008
-0.17600000000000013
-0.2470000000000002
-0.2860000000000002
-0.35000000000000026
-0.34200000000000025
-0.4160000000000003
-0.4120000000000003
-0.46600000000000036
-0.43200000000000033
-0.4280000000000003
-0.35500000000000026
-0.32200000000000023
-0.3030000000000002
-0.18200000000000013
-0.16200000000000012
-0.08500000000000006
-0.034000000000000016
-0.030000000000000013
-0.001
0.0
0.0
0.0
0.0
0.0
0.0
0.0
-0.004
-0.031000000000000014
-0.07700000000000005
-0.12700000000000009
-0.20800000000000016
-0.2740000000000002
-0.36500000000000027
-0.32900000000000024
-0.3980000000000003
-0.4210000000000003
-0.3780000000000003
-0.3900000000000003
-0.36300000000000027
-0.33200000000000024
-0.24800000000000016
-0.20600000000000016
-0.17000000000000012
-0.1240000000000001
-0.055000000000000035
-0.02500000000000001
-0.006
0.001
0.0
0.0
0.0
0.0
0.0
0.0
0.0
-0.002
-0.007
-0.06500000000000004
-0.09500000000000007
-0.1410000000000001
-0.19900000000000015
-0.22800000000000017
-0.2650000000000002
-0.3030000000000002
-0.33700000000000024
-0.35300000000000026
-0.2690000000000002
-0.23800000000000018
-0.2420000000000002
-0.18600000000000014
-0.1560000000000001
-0.09700000000000007
-0.07100000000000005
-0.04000000000000002
-0.012
-0.006
0.002
0.0
0.0
0.0
0.0
0.0
0.0
0.0
0.0
-0.002
-0.008
-0.024000000000000007
-0.03700000000000002
-0.09400000000000007
-0.06900000000000005
-0.1300000000000001
-0.12500000000000008
-0.1540000000000001
-0.1540000000000001
-0.17200000000000013
-0.1430000000000001
-0.10000000000000007
-0.07300000000000005
-0.056000000000000036
-0.05000000000000003
-0.02800000000000001
-0.019000000000000003
-0.006
-0.002
0.0
0.0
0.0
0.0
0.0
0.0
0.0
0.0
0.0
0.0
-0.004
-0.004
-0.020000000000000004
-0.04900000000000003
-0.03600000000000002
-0.04200000000000002
-0.06400000000000004
-0.06900000000000005
-0.07900000000000006
-0.08000000000000006
-0.05200000000000003
-0.032000000000000015
-0.024000000000000007
-0.032000000000000015
-0.022000000000000006
-0.014
-0.012
-0.004
0.0
0.0
0.0
0.0
0.0
0.0
0.0
0.0
0.0
0.0
0.0
0.0
-0.004
-0.013
0.001
-0.005000000000000001
-0.007
-0.004
-0.009000000000000001
-0.008
-0.019000000000000003
-0.015000000000000005
-0.011000000000000003
-0.018000000000000002
-0.009000000000000001
-0.01
-0.006
-0.004
0.0
0.0
0.0
0.0
0.0
0.0
0.0
0.0
