-0.1330000000000001
0.0
0.0
-0.1740000000000001
-0.36000000000000026
-0.2910000000000002
-0.9460000000000007
-0.47100000000000036
0.8840000000000007
0.001
-0.24900000000000017
0.5620000000000004
0.0750000000000033
-0.3090000000000001
0.329
0.0790000000000004
0.31000000000000016
-0.21100000000000016
0.061000000000000255
0.009999999999999756
-0.10900000000000017
0.12499999999999863
0.247
0.18799999999999994
-0.3900000000000004
-0.4030000000000003
-0.06900000000000009
0.5060000000000002
0.1940000000000015
0.03399999999999913
0.22900000000000004
-0.2860000000000002
0.39900000000000035
-0.004
-0.12100000000000014
-0.1810000000000006
-0.4450000000000003
-0.1720000000000022
-0.12899999999999426
0.104000000000002
-0.6550000000000005
-0.001
-0.11299999999999993
0.022000000000000415
-0.4880000000000002
-0.274000000000001
-0.19099999999999975
0.01799999999999998
0.002
0.0
