0.009999999999999997
0.0
0.0
0.0
0.0
0.0
0.0
0.0
0.0
0.0
0.0
0.0
0.0
0.0
0.0
0.0
0.0
0.0
0.0
0.0
0.0
0.0
0.0
0.0
0.0
0.0
0.0
0.0
0.0
0.0
0.0
0.0
0.0
0.0
0.0
0.0
0.0
0.0
0.0
0.0
0.0
0.0
0.0
0.0
-0.01
-0.02
-0.02
-0.01
0.0
0.0
0.0
0.0
0.0
0.0
0.0
0.0
0.0
0.0
0.0
0.0
0.0
0.0
0.0
0.0
0.0
0.0
0.0
0.0
0.0
0.0
0.0
0.0
-0.02
-0.02
-0.03
-0.01
-0.01
0.0
0.0
0.0
0.0
0.0
0.0
0.0
0.0
0.0
0.0
0.0
0.0
0.0
0.0
0.0
0.0
0.0
0.0
0.0
0.0
0.0
0.0
0.019999999999999997
0.0
-0.01
-0.05
-0.05
-0.02
-0.03
-0.02
-0.02
-0.02
0.0
0.0
0.0
0.0
0.0
0.0
0.0
0.0
0.0
0.0
0.0
0.0
0.0
0.0
0.0
0.01
0.01
0.03
0.03
0.03
0.0
-0.060000000000000005
-0.060000000000000005
0.04000000000000001
0.03
0.019999999999999997
-0.03
-0.04
-0.02
0.0
0.0
0.0
0.0
0.0
0.0
0.0
0.0
0.0
0.0
0.0
0.0
0.0
0.02
0.05
0.060000000000000005
0.04
0.05
0.060000000000000005
0.09999999999999999
0.11999999999999998
-0.019999999999999997
-0.04
-0.03
0.010000000000000004
0.0
0.060000000000000005
0.03
0.05
0.08
0.03
0.04
0.05
0.0
0.0
0.0
0.0
0.0
0.0
0.0
0.0
0.0
0.04
0.05
0.05
0.019999999999999997
0.03
-3.469446951953614E-18
0.009999999999999997
0.09
-0.09999999999999999
-0.20000000000000004
-0.16
-0.09
-0.09
0.09999999999999999
0.05
0.07
0.05
0.12999999999999998
0.08
0.060000000000000005
-0.03
-0.02
0.0
0.0
0.0
0.0
0.0
0.0
-0.01
0.02
0.03
3.469446951953614E-18
0.009999999999999997
-0.020000000000000004
-0.010000000000000004
0.020000000000000004
-0.019999999999999997
-0.09999999999999999
-0.23000000000000007
-0.16
-0.15
0.020000000000000004
0.020000000000000004
0.060000000000000005
-0.03
0.10999999999999999
0.05
0.04
-0.01
-0.04
-0.03
0.0
0.0
0.0
0.0
0.0
-0.03
-0.01
0.01
0.02
-0.009999999999999997
-0.020000000000000004
0.04
-0.019999999999999997
0.020000000000000004
-0.09999999999999999
-0.09
-0.22000000000000006
-0.10999999999999999
-0.10999999999999999
0.010000000000000004
0.04000000000000001
0.05
-0.030000000000000006
-0.060000000000000005
-3.469446951953614E-18
0.02
-0.01
-0.03
-0.03
-0.02
0.0
0.0
0.0
-0.04
-0.07
-0.01
0.05
0.03
0.09
-0.04
-0.09
-0.009999999999999997
0.04
0.09
-0.10999999999999999
-0.08
-0.05
0.020000000000000004
0.020000000000000004
-0.019999999999999997
-0.010000000000000004
0.019999999999999997
-3.469446951953614E-18
0.05
-0.08
-0.060000000000000005
-0.04
-0.02
0.0
0.0
0.0
0.0
-0.04
-0.04
-0.02
-0.01
0.0
3.469446951953614E-18
-0.019999999999999997
-3.469446951953614E-18
0.03
0.04
0.04000000000000001
-0.09
-0.10999999999999999
-0.03
3.469446951953614E-18
0.019999999999999997
0.04000000000000001
-0.07
-0.060000000000000005
-0.04000000000000001
-3.469446951953614E-18
-0.07
-0.03
-0.01
0.0
0.0
0.0
0.0
0.0
-0.04
-0.04
-0.04
0.0
-0.02
0.05
-0.020000000000000004
0.08
0.05
0.11999999999999998
-3.469446951953614E-18
0.030000000000000006
-0.009999999999999997
3.469446951953614E-18
-0.04
0.020000000000000004
-0.04000000000000001
-0.030000000000000006
-0.07
-0.04
0.0
-0.060000000000000005
0.02
-0.01
0.0
0.0
0.0
0.0
0.0
0.0
-0.04
-0.04
0.03
0.009999999999999997
-3.469446951953614E-18
-0.020000000000000004
0.009999999999999997
0.07
0.13999999999999999
0.09
-0.009999999999999997
-0.09
-0.04000000000000001
0.009999999999999997
0.09999999999999999
-3.469446951953614E-18
-0.009999999999999997
-0.03
-0.07
-0.010000000000000004
0.02
0.02
0.019999999999999997
0.0
0.0
0.0
0.0
0.0
0.0
0.0
0.009999999999999997
0.009999999999999997
0.10999999999999999
0.04
0.08
0.07
0.09999999999999999
0.08
0.060000000000000005
-0.11999999999999998
-0.04000000000000001
-0.010000000000000004
0.07
0.18000000000000002
0.060000000000000005
0.09
0.09
0.060000000000000005
0.03
0.07
0.01
0.019999999999999997
0.0
0.0
0.0
0.0
0.0
0.0
0.0
-0.02
0.060000000000000005
0.12999999999999998
0.019999999999999997
0.16
0.05
0.05
0.09
0.019999999999999997
0.09999999999999999
-0.020000000000000004
0.03
0.10999999999999999
0.16
0.019999999999999997
0.07
0.05
0.05
0.08
0.060000000000000005
0.02
-0.01
0.0
0.0
0.0
0.0
0.0
0.0
0.0
0.01
0.060000000000000005
0.09999999999999999
0.09999999999999999
0.10999999999999999
0.05
0.15
0.10999999999999999
0.04
-0.020000000000000004
0.009999999999999997
0.10999999999999999
0.11999999999999998
0.15
0.04
0.05
-3.469446951953614E-18
0.02
-0.01
-0.03
-0.03
-0.01
0.04
0.0
0.0
0.0
0.0
0.0
0.0
0.01
0.05
-0.04000000000000001
0.10999999999999999
0.10999999999999999
0.13999999999999999
0.07
0.08
0.03
0.019999999999999997
-0.04000000000000001
-0.010000000000000004
0.16
0.04
0.03
0.03
0.05
0.05
-0.019999999999999997
-0.009999999999999997
-0.04
-0.02
0.04
0.0
0.0
0.0
0.0
0.0
0.0
-0.02
0.03
0.05
0.010000000000000004
0.010000000000000004
0.03
0.09
0.06000000000000001
0.020000000000000004
0.10999999999999999
0.060000000000000005
0.10999999999999999
0.09
0.05
-0.030000000000000006
-3.469446951953614E-18
-0.009999999999999997
-3.469446951953614E-18
-0.060000000000000005
-0.07
-0.05
-0.02
0.04
0.0
0.0
0.0
0.0
-0.04
-0.04
0.009999999999999997
-3.469446951953614E-18
-0.009999999999999997
-0.04
-0.009999999999999997
-0.05
-0.03
-0.060000000000000005
0.030000000000000006
0.060000000000000005
0.09
0.09999999999999999
0.019999999999999997
0.04
-0.10999999999999999
-0.12999999999999998
-0.07
-0.07
-0.08
-0.060000000000000005
-0.04
-0.03
0.04
0.0
0.0
0.0
0.0
-0.04
-0.04
0.009999999999999997
-0.01
-0.04
-0.05
-0.11999999999999998
-0.09
-0.12999999999999998
-0.09
3.469446951953614E-18
0.019999999999999997
0.04
0.09999999999999999
0.07
0.019999999999999997
-0.08
-0.04
-0.019999999999999997
-0.05
-0.05
-0.019999999999999997
-0.01
-0.02
0.0
0.0
0.0
0.0
0.0
0.0
0.0
0.019999999999999997
0.019999999999999997
-0.07
-0.11999999999999998
-0.13999999999999999
-0.15
-0.12999999999999998
-0.04
-0.09999999999999999
-0.05
-0.019999999999999997
0.12999999999999998
0.009999999999999997
-0.009999999999999997
-0.04
-0.04
-0.010000000000000004
-0.01
-0.01
0.01
0.01
0.0
0.0
0.0
0.0
0.0
0.0
0.0
0.0
-0.02
-0.03
-0.060000000000000005
-0.05
-0.04
-0.09
-0.07
-0.10999999999999999
-0.060000000000000005
-0.11999999999999998
-0.019999999999999997
-0.07
0.030000000000000006
0.010000000000000004
0.030000000000000006
0.060000000000000005
0.05
-0.01
0.019999999999999997
0.02
0.01
0.0
0.0
0.0
0.0
0.0
0.0
0.0
0.0
0.0
-0.02
-0.03
-0.02
-0.04
-0.03
-0.09999999999999999
-0.04
0.020000000000000004
0.020000000000000004
-0.10999999999999999
-0.07
0.030000000000000006
-0.009999999999999997
0.09999999999999999
0.009999999999999997
0.03
-0.04
0.05
0.02
0.01
0.0
0.0
0.0
0.0
0.0
0.0
0.0
0.0
0.0
0.0
0.019999999999999997
0.0
-0.019999999999999997
3.469446951953614E-18
-0.07
0.010000000000000004
0.05
0.060000000000000005
-0.12999999999999998
-0.08
-0.04
0.11999999999999998
0.060000000000000005
-0.04
-0.010000000000000004
0.019999999999999997
0.05
0.03
0.03
0.0
0.0
0.0
0.0
0.0
0.0
0.0
0.0
0.0
0.0
0.04
0.0
0.04
-0.04
0.030000000000000006
0.03
0.03
0.009999999999999997
-0.10999999999999999
-0.03
0.01
-0.08
-0.060000000000000005
-0.02
0.009999999999999997
0.01
0.04
0.03
0.02
0.0
0.0
0.0
0.0
0.0
0.0
0.0
0.0
0.0
0.0
0.0
-0.04
-0.08
-0.08
-0.08
-0.07
-0.07
-0.06000000000000001
-0.07
-0.07
-0.019999999999999997
-0.05
-0.08
-0.01
0.0
0.0
0.0
0.0
-0.01
0.0
0.0
0.0
0.0
0.0
0.0
0.0
0.0
0.0
0.0
-0.01
-0.02
-0.05
-0.07
-0.07
-0.04
-0.05
-0.07
-0.07
-0.07
-0.03
-0.03
-0.03
0.0
0.0
-0.01
-0.01
0.0
0.0
0.0
0.0
0.0
0.0
0.0
