0.4100000000000002
0.0
0.0
0.0
0.0
0.0
0.0
-0.01
-0.02
0.0
0.0
0.0
0.0
0.0
0.0
0.0
0.0
0.0
0.0
0.0
-0.12999999999999998
-0.35
-0.03999999999999997
-0.22999999999999982
-0.2000000000000001
-0.05999999999999999
-0.04
-0.01
0.0
0.01
0.0
0.0
0.0
0.05
0.10999999999999999
-0.19999999999999993
0.12000000000000001
0.13999999999999999
-0.4899999999999999
0.039999999999999876
0.16000000000000006
-0.14999999999999997
0.22999999999999993
0.24999999999999997
0.01
0.0
0.0
-0.04
-0.020000000000000004
-0.14000000000000024
0.19000000000000003
-0.24999999999999992
-0.20999999999999924
-1.0399999999999998
0.009999999999999978
-0.16
0.44999999999999996
0.09
-0.1300000000000001
-0.3500000000000001
-0.01
0.0
-0.04
0.019999999999999997
-0.05000000000000005
-0.22999999999999998
-0.2899999999999999
0.20999999999999988
-0.7899999999999999
-0.3899999999999999
-0.2599999999999999
-4.85722573273506E-17
0.05000000000000002
-0.040000000000000036
0.01
0.0
0.0
-0.01
-0.02999999999999999
-0.25999999999999995
0.21999999999999978
0.29000000000000015
-0.010000000000000089
-0.35
0.009999999999999967
-0.08000000000000013
-0.08000000000000007
0.10000000000000002
0.07000000000000002
-0.09999999999999999
-0.09
0.0
-0.01
0.020000000000000007
0.2799999999999999
0.67
0.2899999999999995
0.8200000000000004
0.32999999999999985
0.10000000000000007
0.6200000000000008
0.2999999999999996
0.0900000000000001
-0.5000000000000001
-0.20999999999999996
0.0
0.0
-0.02
0.09999999999999998
0.29000000000000015
-0.1199999999999998
0.47000000000000114
0.2999999999999994
-6.106226635438361E-16
0.6700000000000005
0.7100000000000009
-0.030000000000000172
-0.2200000000000002
-0.23000000000000015
-0.09999999999999999
-0.01
0.0
0.01
-0.4900000000000002
-0.16
0.31999999999999906
0.1600000000000001
0.13
0.06999999999999977
0.7500000000000006
0.2699999999999999
-0.16999999999999948
0.01999999999999998
-0.25999999999999995
-0.05
0.0
0.0
-0.02
-0.5200000000000002
-0.8200000000000001
-0.3599999999999998
-1.0400000000000005
-0.25999999999999984
-0.02000000000000005
-0.0899999999999999
-0.16999999999999996
-0.17999999999999988
0.07999999999999993
0.04
0.0
0.0
0.0
0.0
-0.07
-0.16
-0.7000000000000003
-0.44999999999999973
-0.17999999999999933
-0.1699999999999999
-0.4399999999999997
0.34999999999999987
0.1099999999999999
0.24999999999999994
0.19
0.0
0.0
0.0
0.0
-0.03
-0.1
-0.2799999999999998
0.3699999999999999
-0.38999999999999935
-0.12999999999999998
-0.09000000000000007
0.34999999999999976
-0.05999999999999999
0.24999999999999992
0.07
0.01
0.0
0.0
0.0
0.0
-0.1
-0.27
-0.4000000000000001
-0.6100000000000002
-0.42000000000000004
-0.9400000000000004
-0.9400000000000005
-0.18000000000000008
-0.03
0.0
0.0
0.0
0.0
