-1.4649999999999495
0.0
0.0
0.0
0.0
0.0
0.0
0.0
0.0
0.0
0.0
0.0
0.0
0.0
0.0
0.0
0.0
0.0
0.0
0.0
0.0
0.0
0.0
0.0
0.0
0.0
0.0
0.0
0.0
0.0
0.0
0.0
0.0
0.0
0.0
0.0
0.0
0.0
0.0
0.0
0.0
0.0
-0.006
-0.003
-0.006
0.0
0.0
0.0
0.0
0.0
0.0
0.0
0.0
0.0
0.0
0.0
0.0
0.0
0.0
0.0
0.0
0.0
0.0
0.0
0.0
0.0
0.0
0.0
-0.013000000000000005
-0.02600000000000001
-0.018000000000000002
-0.04600000000000003
-0.04200000000000002
-0.04600000000000003
-0.034000000000000016
-0.016000000000000004
-0.029000000000000012
-0.029000000000000012
-0.015000000000000001
-0.006
0.0
0.0
0.0
0.0
0.0
0.0
0.0
0.0
0.0
0.0
0.0
0.0
0.0
0.0
-0.002
0.0
-0.013000000000000005
-0.02000000000000001
-0.04100000000000002
-0.02800000000000001
-0.08100000000000006
-0.10900000000000008
-0.1480000000000001
-0.1480000000000001
-0.12800000000000009
-0.09700000000000007
-0.11100000000000008
-0.08600000000000006
-0.03500000000000002
-0.003
0.024000000000000007
0.0
0.0
0.0
0.0
0.0
0.0
0.0
0.0
0.0
0.0
0.0
-0.002
-0.002
-0.029000000000000012
-0.04600000000000003
-0.05000000000000003
-0.17200000000000013
-0.23700000000000018
-0.33200000000000024
-0.4200000000000003
-0.5080000000000003
-0.47200000000000036
-0.5750000000000004
-0.5150000000000003
-0.5610000000000004
-0.34600000000000025
-0.3010000000000002
-0.1530000000000001
-0.10800000000000008
-0.045000000000000026
-0.034000000000000016
-0.030000000000000013
0.0
0.0
0.0
0.0
0.0
0.0
0.0
-0.002
-0.004
-0.043000000000000024
-0.08100000000000006
-0.10500000000000008
-0.17900000000000013
-0.3850000000000003
-0.48100000000000037
-0.7490000000000006
-0.8720000000000007
-0.9170000000000007
-1.052999999999999
-1.0769999999999977
-1.0799999999999979
-0.8000000000000006
-0.7100000000000005
-0.5670000000000004
-0.23700000000000018
-0.1430000000000001
-0.006000000000000004
-0.04700000000000003
-0.031000000000000014
-0.002
0.0
0.0
0.0
0.0
0.0
-0.008
-0.006
-0.06400000000000004
-0.10000000000000007
-0.1580000000000001
-0.3910000000000003
-0.5120000000000003
-0.7380000000000005
-1.0010000000000008
-0.9610000000000007
-1.2219999999999904
-1.319999999999984
-1.3059999999999803
-1.3509999999999796
-1.2279999999999855
-1.0599999999999972
-0.8750000000000007
-0.6410000000000005
-0.4940000000000004
-0.2450000000000002
-0.08000000000000006
-0.034000000000000016
-0.018000000000000002
-0.002
-0.002
0.0
0.0
0.0
-0.008
-0.004
-0.032000000000000015
-0.06500000000000004
-0.10600000000000008
-0.34100000000000025
-0.46400000000000036
-0.6200000000000004
-0.8200000000000006
-1.014
-1.1939999999999902
-1.588999999999979
-1.6469999999999718
-1.3639999999999763
-1.24199999999998
-1.329999999999981
-1.2409999999999899
-0.9280000000000007
-0.7350000000000005
-0.43300000000000033
-0.3030000000000002
-0.1440000000000001
-0.05900000000000004
-0.024000000000000007
0.0
0.0
0.0
0.0
0.0
-0.008
-0.006
-0.04000000000000002
-0.1580000000000001
-0.19100000000000014
-0.3790000000000003
-0.5600000000000004
-0.7500000000000006
-1.0409999999999981
-1.1199999999999941
-1.3009999999999868
-1.3449999999999827
-1.4069999999999747
-1.4499999999999735
-1.28499999999998
-1.393999999999983
-1.20399999999999
-1.014
-0.7950000000000006
-0.5990000000000004
-0.3970000000000003
-0.1510000000000001
-0.11200000000000009
-0.034000000000000016
0.0
0.0
0.0
0.0
0.0
-0.008
-0.02500000000000001
-0.054000000000000034
-0.1560000000000001
-0.20500000000000015
-0.4210000000000003
-0.6600000000000005
-0.8530000000000006
-0.9640000000000007
-1.0329999999999993
-1.22299999999999
-1.2769999999999866
-1.3669999999999831
-1.3789999999999798
-1.2839999999999843
-1.251999999999986
-1.3029999999999842
-0.9800000000000008
-0.8570000000000007
-0.45400000000000035
-0.2890000000000002
-0.22900000000000018
-0.09600000000000007
-0.04100000000000002
0.0
0.0
0.0
0.0
0.0
-0.006
-0.007
-0.07000000000000005
-0.16400000000000012
-0.18000000000000013
-0.4190000000000003
-0.6730000000000005
-0.8010000000000006
-1.0020000000000007
-1.1399999999999966
-1.1159999999999946
-0.9910000000000008
-1.1159999999999957
-1.2159999999999895
-1.243999999999986
-1.293999999999983
-1.189999999999991
-0.9260000000000007
-0.8420000000000006
-0.45600000000000035
-0.2710000000000002
-0.16800000000000012
-0.12500000000000008
-0.032000000000000015
0.0
0.0
0.0
0.0
0.0
-0.009000000000000001
0.019000000000000003
-0.08600000000000006
-0.17300000000000013
-0.2580000000000002
-0.43200000000000033
-0.6030000000000004
-0.8040000000000006
-0.9130000000000007
-0.8780000000000007
-1.0030000000000008
-1.0719999999999972
-1.1639999999999933
-1.3019999999999867
-1.4009999999999814
-1.3319999999999819
-1.2839999999999872
-1.1119999999999974
-0.7020000000000005
-0.44900000000000034
-0.22400000000000017
-0.12700000000000009
-0.07500000000000005
-0.012
0.0
0.0
0.0
0.0
0.0
-0.001
0.007000000000000001
-0.054000000000000034
-0.10400000000000008
-0.2930000000000002
-0.44000000000000034
-0.5560000000000004
-0.8150000000000006
-0.8510000000000006
-0.8650000000000007
-1.0879999999999972
-1.096999999999994
-1.1619999999999913
-1.2929999999999853
-1.2949999999999804
-1.3539999999999794
-1.1599999999999935
-0.8940000000000007
-0.6590000000000005
-0.36100000000000027
-0.18800000000000014
-0.1210000000000001
-0.09000000000000007
-0.004
0.0
0.0
0.0
0.0
0.0
-0.002
0.022000000000000006
-0.013999999999999995
-0.19900000000000015
-0.2460000000000002
-0.6000000000000004
-0.6180000000000004
-0.7120000000000005
-0.7820000000000006
-0.9960000000000008
-1.0279999999999985
-1.106999999999993
-1.2849999999999862
-1.4199999999999797
-1.3579999999999772
-1.4239999999999802
-1.0209999999999995
-0.8550000000000006
-0.5770000000000004
-0.34500000000000025
-0.17000000000000012
-0.08500000000000006
-0.03900000000000003
-0.004
0.0
0.0
0.0
0.0
0.0
0.0
0.024000000000000007
0.002
-0.20000000000000015
-0.35800000000000026
-0.4880000000000004
-0.6100000000000004
-0.7150000000000005
-0.8710000000000007
-1.029
-1.1419999999999948
-1.1319999999999937
-1.2029999999999863
-1.226999999999984
-1.4829999999999794
-1.134999999999993
-0.9930000000000008
-0.6890000000000005
-0.6220000000000004
-0.35500000000000026
-0.17400000000000013
-0.10700000000000008
-0.07900000000000006
-0.003
0.0
0.0
0.0
0.0
0.0
0.0
0.022000000000000006
-0.02100000000000001
-0.20500000000000015
-0.3180000000000002
-0.4860000000000004
-0.5950000000000004
-0.7620000000000006
-0.9390000000000007
-1.0369999999999997
-1.0519999999999985
-1.255999999999989
-1.2259999999999884
-1.3269999999999842
-1.3979999999999821
-1.161999999999993
-1.0589999999999988
-0.7810000000000006
-0.6540000000000005
-0.4150000000000003
-0.21500000000000016
-0.1520000000000001
-0.09900000000000007
-0.01
-0.01
0.0
0.0
0.0
0.0
0.0
-0.002
-0.04900000000000004
-0.17500000000000013
-0.2870000000000002
-0.4290000000000003
-0.7080000000000005
-0.7300000000000005
-1.041999999999999
-1.0549999999999982
-1.1349999999999933
-1.1499999999999928
-1.1829999999999896
-1.3049999999999837
-1.098999999999994
-1.3269999999999864
-1.0070000000000003
-0.8920000000000007
-0.7630000000000006
-0.45600000000000035
-0.2850000000000002
-0.06400000000000004
-0.07600000000000005
-0.030000000000000013
0.0
0.0
0.0
0.0
0.0
0.0
-0.024000000000000007
-0.11000000000000008
-0.22100000000000017
-0.35900000000000026
-0.5330000000000004
-0.7180000000000005
-0.7300000000000005
-0.9720000000000008
-1.021999999999999
-1.0169999999999997
-1.1219999999999946
-1.1319999999999943
-1.233999999999987
-1.157999999999993
-1.2359999999999918
-1.0869999999999964
-0.8640000000000007
-0.7620000000000006
-0.4200000000000003
-0.3090000000000002
-0.17000000000000012
-0.10400000000000008
-0.008
-0.006
-0.006
0.0
0.0
0.0
-0.012
-0.034000000000000016
-0.1400000000000001
-0.2410000000000002
-0.5300000000000004
-0.5470000000000004
-0.6960000000000005
-0.8330000000000006
-0.9410000000000007
-0.9510000000000007
-0.9460000000000007
-1.0739999999999976
-1.0109999999999995
-1.0339999999999985
-1.2449999999999912
-1.1229999999999953
-1.0070000000000003
-0.9100000000000007
-0.7040000000000005
-0.36200000000000027
-0.34400000000000025
-0.17200000000000013
-0.045000000000000026
-0.024000000000000007
-0.006
-0.006
0.0
0.0
0.0
-0.024000000000000007
-0.04200000000000002
-0.11800000000000009
-0.22300000000000017
-0.5470000000000004
-0.5910000000000004
-0.6610000000000005
-0.9000000000000007
-1.1089999999999969
-1.147999999999994
-0.9950000000000008
-1.0329999999999986
-1.1449999999999936
-1.1669999999999927
-1.1599999999999944
-1.018
-0.9550000000000007
-0.8910000000000007
-0.6410000000000005
-0.35900000000000026
-0.21500000000000016
-0.11000000000000008
-0.020000000000000004
-0.018000000000000002
0.0
0.0
0.0
0.0
0.0
-0.012000000000000004
-0.02700000000000001
-0.1300000000000001
-0.25400000000000017
-0.5040000000000003
-0.6780000000000005
-0.7750000000000006
-0.9490000000000007
-0.9880000000000008
-1.0549999999999968
-1.1469999999999911
-1.2789999999999866
-1.1889999999999914
-1.139999999999994
-1.25499999999999
-1.125999999999995
-0.8900000000000007
-0.7670000000000006
-0.5870000000000004
-0.3030000000000002
-0.1520000000000001
-0.11500000000000009
-0.011000000000000001
-0.002
0.0
0.0
0.0
0.0
0.0
-0.002
-0.020000000000000004
-0.08500000000000006
-0.22900000000000018
-0.44900000000000034
-0.7450000000000006
-0.7920000000000006
-1.0209999999999995
-1.1559999999999926
-1.227999999999987
-1.290999999999983
-1.3769999999999794
-1.2719999999999876
-1.2689999999999864
-1.0959999999999948
-1.033999999999999
-0.9560000000000007
-0.5750000000000004
-0.47200000000000036
-0.20600000000000016
-0.08900000000000007
-0.07900000000000006
-0.002
-0.002
-0.002
0.0
0.0
0.0
0.0
0.0
-0.006
-0.05800000000000004
-0.1470000000000001
-0.2950000000000002
-0.5700000000000004
-0.7560000000000006
-1.050999999999998
-1.0539999999999976
-1.1869999999999905
-1.2129999999999868
-1.1319999999999923
-1.1039999999999937
-1.1689999999999918
-1.0639999999999983
-0.8240000000000006
-0.7020000000000005
-0.43200000000000033
-0.33800000000000024
-0.1310000000000001
-0.07100000000000005
-0.033000000000000015
0.001
0.0
0.0
0.0
0.0
0.0
0.0
0.0
-0.002
-0.018000000000000002
-0.10500000000000008
-0.2750000000000002
-0.4200000000000003
-0.6420000000000005
-0.7950000000000006
-0.9170000000000007
-0.8770000000000007
-1.1329999999999942
-1.0649999999999977
-0.9710000000000008
-0.8960000000000007
-0.7890000000000006
-0.6130000000000004
-0.48000000000000037
-0.32600000000000023
-0.21200000000000016
-0.04100000000000002
-0.04200000000000002
-0.032000000000000015
0.002
0.0
0.0
0.0
0.0
0.0
0.0
0.0
0.0
-0.003
-0.015000000000000001
-0.1340000000000001
-0.1530000000000001
-0.2600000000000002
-0.2610000000000002
-0.4850000000000004
-0.4130000000000003
-0.5640000000000004
-0.46600000000000036
-0.5320000000000004
-0.46200000000000035
-0.4030000000000003
-0.3100000000000002
-0.17300000000000013
-0.23700000000000018
-0.1310000000000001
-0.029000000000000012
-0.018000000000000002
-0.022000000000000006
0.0
0.0
0.0
0.0
0.0
0.0
0.0
0.0
0.0
0.0
-0.002
-0.04800000000000003
-0.11800000000000009
-0.1580000000000001
-0.1520000000000001
-0.1510000000000001
-0.18400000000000014
-0.16200000000000012
-0.18900000000000014
-0.23200000000000018
-0.1560000000000001
-0.10700000000000008
-0.10200000000000008
-0.10700000000000008
-0.07000000000000005
-0.08800000000000006
-0.029000000000000012
-0.030000000000000013
0.0
0.0
0.0
0.0
0.0
0.0
0.0
0.0
0.0
0.0
0.0
-0.006
-0.019000000000000003
-0.031000000000000014
-0.008
-0.022000000000000006
-0.016
-0.024000000000000007
-0.022000000000000006
-0.029000000000000012
-0.054000000000000034
-0.07300000000000005
-0.06600000000000004
-0.05300000000000003
-0.056000000000000036
-0.03800000000000002
-0.02800000000000001
-0.005
0.0
0.0
0.0
0.0
0.0
0.0
0.0
0.0
