19.540000000000255
0.0
0.0
0.0
-8.499999999999904
-7.93000000000002
-17.68999999999971
-7.939999999999875
1.150000000000034
-10.519999999999865
-1.5700000000001013
0.8400000000000838
-0.0799999999999878
-0.8399999999998378
1.260000000000093
-0.020000000000004847
-0.1700000000000011
-3.8599999999999617
-0.9500000000000084
-1.139999999999736
-0.8599999999998119
-0.1499999999998501
0.22999999999988124
0.4499999999999964
0.5900000000000012
-4.169999999999904
0.999999999999964
1.3300000000000283
1.1500000000006707
1.3600000000008805
1.6400000000005832
-0.2500000000000282
-2.6600000000007546
-0.6700000000000004
0.2800000000000145
-0.5099999999999647
-0.8599999999998933
-0.5700000000000797
-0.07999999999998259
-0.739999999999952
0.8200000000000005
-0.08
-4.760000000000165
1.0200000000000011
-2.080000000000082
-1.2399999999999913
-1.8900000000000305
-0.7700000000000301
0.8900000000000006
-0.03
