0.03400000000000002
0.0
0.0
0.0
0.0
0.0
0.0
-0.001
-0.011000000000000003
-0.009000000000000001
0.0
0.0
0.0
0.0
0.0
0.0
0.0
0.0
0.0
0.0
-0.006
-0.008
-0.05000000000000003
-0.08200000000000005
-0.028000000000000018
-0.04200000000000001
-0.031000000000000007
-0.003
0.0
0.002
0.0
0.0
0.0
0.08300000000000003
-0.01
-0.07800000000000003
-0.009999999999999995
0.10800000000000007
-0.07500000000000005
0.03599999999999999
-0.023000000000000038
0.08800000000000005
0.057000000000000016
0.04900000000000003
0.07500000000000005
0.0
0.0
0.0
0.09200000000000004
0.014999999999999996
0.10200000000000006
-0.1310000000000001
-0.08900000000000004
-0.1400000000000001
0.026999999999999948
-0.030999999999999944
-0.04200000000000002
0.049000000000000016
0.03900000000000001
0.046999999999999986
-0.008
0.0
0.0
0.04600000000000001
-0.004
-0.019
0.003999999999999962
-0.039999999999999994
-0.09500000000000006
0.04600000000000003
-0.1300000000000001
-0.036000000000000074
-0.04200000000000001
-0.08100000000000004
0.012999999999999998
-0.001
0.0
-0.02000000000000001
-0.03800000000000002
0.0010000000000000113
-0.04500000000000001
0.08500000000000005
-0.04600000000000004
-0.056000000000000036
0.01599999999999996
0.061000000000000054
-0.007000000000000004
-0.07500000000000004
-0.03900000000000001
-0.014000000000000005
0.0
0.0
-0.006
0.09500000000000006
0.06600000000000003
0.05100000000000002
0.016999999999999932
0.19300000000000012
-0.032999999999999974
0.013999999999999957
0.08100000000000004
0.19000000000000014
0.016999999999999984
-0.02500000000000002
0.013000000000000005
0.0
0.0
0.010000000000000002
0.08300000000000005
0.044
0.03900000000000001
0.1310000000000001
0.08000000000000002
0.003999999999999997
0.11500000000000007
0.061000000000000026
0.006000000000000056
-0.007000000000000009
-0.03600000000000004
0.005999999999999997
0.001
0.0
0.002
-0.054000000000000006
0.03599999999999995
0.11200000000000006
-0.045999999999999985
-0.07500000000000005
0.09700000000000004
0.10100000000000006
0.02899999999999996
-0.03800000000000005
-0.09500000000000006
-0.044000000000000025
-0.017000000000000008
0.001
0.0
-0.006
-0.060000000000000026
-0.001000000000000033
-0.019000000000000045
-0.08300000000000006
-0.027999999999999973
-0.03799999999999995
0.008
-0.046000000000000055
-0.10500000000000007
-0.021
-0.012999999999999998
-0.001
0.0
0.0
0.0
-0.024000000000000007
-0.1510000000000001
-0.059000000000000025
-0.08200000000000005
-0.1440000000000001
-0.022999999999999975
-0.08999999999999998
-0.006999999999999963
0.09400000000000003
0.02100000000000006
0.061000000000000026
0.002
0.0
0.0
0.0
-0.010000000000000002
-0.012
0.023000000000000013
-0.03700000000000003
-0.07900000000000003
0.02799999999999995
-0.007999999999999965
0.06800000000000002
-0.07100000000000004
-0.07500000000000004
-0.049000000000000016
0.0
0.0
0.0
0.0
-0.005
-0.02
-0.059000000000000025
-0.06900000000000005
-0.09900000000000007
-0.09600000000000004
-0.03199999999999996
-0.07200000000000005
-0.07800000000000004
-0.05100000000000001
-0.008
0.0
0.0
0.0
