-9889.088001555921
0.0
0.0
0.0
0.0
0.0
0.0
0.0
0.0
0.0
0.0
0.0
0.0
0.0
0.0
0.0
0.0
0.0
0.0
0.0
0.0
0.0
0.0
0.0
0.0
0.0
0.0
0.0
0.0
0.0
0.0
0.0
0.0
0.0
0.0
0.0
0.0
0.0
0.0
0.0
0.0
0.0
0.0
0.0
0.0
-39.70800000000256
-19.85400000000128
-9.92199999999994
-19.84399999999988
0.0
-19.84599999999988
-9.92299999999994
-19.84599999999988
0.0
0.0
0.0
0.0
0.0
0.0
0.0
0.0
0.0
0.0
0.0
0.0
0.0
0.0
0.0
0.0
0.0
-39.692000000002544
-109.20499999994786
-168.73100000014182
-317.60300000061505
-486.30600000045854
-565.6579999979014
-555.7529999987071
-387.0430000003445
-208.401000000423
-208.41600000035373
-99.247000000014
-49.63000000000676
-19.847999999999878
0.0
0.0
0.0
0.0
0.0
0.0
0.0
0.0
0.0
0.0
-19.849999999999877
-9.924999999999939
-29.77300000000072
-89.31399999998317
-198.4960000002925
-287.8070000004785
-446.65699999994433
-804.0189999935312
-1082.0109999867793
-1518.8409999762366
-1806.706999969202
-1747.0549999700766
-1816.5889999687142
-1479.1179999770384
-992.6669999881385
-684.9829999965242
-258.1000000005979
-158.81700000012125
-69.49400000001206
-39.70800000000256
0.0
0.0
0.0
0.0
0.0
0.0
0.0
0.0
19.86399999999987
-39.7400000000026
-29.77300000000072
-238.20300000043963
-406.90300000016174
-813.8939999927234
-1340.0939999805478
-1995.4949999646765
-2620.9689999901643
-3315.9530000314535
-4487.256000134706
-4666.015000200976
-4845.086000235027
-4596.494000182415
-3742.974000058836
-2760.108000002083
-1817.0659999688542
-1102.371999986573
-436.949000000055
-238.3630000004404
-99.32299999994993
0.0
0.0
0.0
0.0
0.0
0.0
0.0
-9.925999999999938
-29.766000000000723
-99.27599999998203
-149.15200000010546
-546.1319999992759
-764.3959999929655
-1578.8249999741856
-2551.837999989083
-3644.0340000663623
-4488.063000191706
-5937.532000485457
-6900.542000697568
-7615.2610008462625
-7694.702000856705
-6850.763000693597
-5738.796000470704
-4795.6340002390125
-3326.498000034276
-2114.9829999659605
-1003.120999988666
-506.54300000182315
-109.3759999999897
-109.29599999990567
-39.800000000002676
0.0
0.0
0.0
0.0
0.0
-19.851999999999876
-9.887999999999964
-59.65399999997678
-536.3279999998614
-764.6559999933186
-1698.0949999714462
-2760.4779999976404
-4170.751000091665
-5500.964000383712
-6592.845000625997
-8806.714001059232
-9590.97500125489
-9571.099001283657
-9859.22000131053
-8678.038001079303
-7119.184000756167
-5580.417000426717
-4001.5340001069126
-2919.505000008535
-1579.2239999743501
-903.5499999913185
-426.9079999997428
-277.9710000005247
-129.11999999991644
-39.82600000000271
0.0
0.0
0.0
0.0
-39.710000000002566
-129.0469999999721
-268.09300000055885
-685.2559999955162
-1618.6279999737249
-2889.7209999905003
-4170.327000085023
-5322.365000349968
-7357.2580007503875
-8826.334001062822
-9978.37900132123
-10365.11600142001
-10871.291001508846
-10375.109001417884
-9878.86000129288
-8270.809000966297
-6841.064000655316
-5034.603000291865
-3683.8690000516735
-2006.1389999637163
-1310.748999981153
-635.5609999968508
-496.44400000060716
-139.07300000004
-59.71400000002701
0.0
0.0
0.0
-9.930999999999935
-178.73100000016578
-297.90700000058405
-685.1079999965212
-1211.290999983821
-2303.6459999717126
-3375.9850000277106
-4825.681000244968
-6553.121000594097
-7684.968000857951
-8508.99100103816
-9104.414001170942
-9968.003001322522
-9838.59700128177
-9421.8630012142
-8757.148001087098
-7853.758000894208
-6722.259000643774
-4965.044000305039
-3882.5500000699444
-2760.4279999887117
-1281.0419999816559
-625.703999996724
-407.0980000003529
-178.84400000012585
-39.76000000000263
0.0
0.0
-39.70600000000256
-89.37499999998306
-178.68600000024645
-327.66400000048156
-853.7869999921877
-1449.47399997756
-2194.5509999716096
-3375.9020000572086
-5202.849000329811
-6583.08900062362
-7347.6450008001075
-7764.42700088842
-8668.089001040225
-8538.597001008742
-8270.421000956305
-8310.257000975576
-7665.0050008698745
-7496.257000812029
-6086.829000532844
-4845.453000268942
-3544.8460000448786
-2194.5869999696997
-1181.6469999844296
-566.0879999986187
-337.55700000076877
-39.74400000000261
-19.871999999999865
0.0
0.0
-19.85300000000128
-99.27099999998204
-168.76700000022765
-387.15800000034426
-774.4649999937378
-1241.3499999820922
-2383.3239999776865
-3554.7680000479145
-5629.840000380749
-6314.744000575278
-7089.036000722051
-7237.976000746488
-7585.380000794772
-7734.053000814192
-7614.996000807928
-7387.155000790942
-7188.468000752283
-7158.943000733756
-6037.161000508609
-5034.497000266505
-2929.318000008171
-1727.9919999710557
-774.6619999940878
-377.4190000005866
-188.77300000019244
0.0
0.0
0.0
0.0
-39.70600000000256
-39.712000000002575
-109.19399999998976
-238.3130000005008
-506.5709999994382
-1132.1189999853548
-2313.8599999726657
-3336.4470000370884
-4785.766000242133
-5808.401000465796
-6553.395000606664
-6821.5320006465145
-7059.61700070204
-7417.0570007722645
-7526.306000810687
-7268.163000776304
-7833.745000852293
-6791.911000659353
-5669.783000434423
-4388.832000134388
-2542.03299998748
-1489.4419999774973
-347.71200000022725
-228.56700000041076
-79.52200000000096
-19.85099999999988
-19.847999999999878
0.0
0.0
19.849999999999877
-29.76699999998804
-59.591000000001856
-158.90300000012166
-278.35600000048487
-1102.458999986571
-2105.468999965255
-3147.912000019934
-4418.718000167243
-5480.785000401867
-5967.4700005203595
-6801.418000671056
-7615.063000829477
-8002.756000929162
-8191.297000976495
-8290.221000992848
-8519.161000994525
-6315.2470005955765
-5411.721000376088
-4080.7620000757333
-2293.9779999737957
-963.2149999891228
-258.3760000006881
-208.68400000032037
-148.99600000000763
-29.850000000000723
-19.847999999999878
0.0
0.0
9.924999999999939
9.916999999999943
-69.60300000001193
-39.79999999999793
-109.73300000003212
-527.0660000001867
-1609.1299999745781
-2760.9160000021257
-4399.076000133007
-5322.360000361948
-6334.901000571545
-7426.438000801535
-8588.141001047987
-8082.3500010153875
-9273.242001223183
-9540.841001246294
-8777.313001074102
-6801.100000670987
-5401.2540003633485
-3822.8550000398427
-1916.7389999664576
-943.6829999901263
-198.86500000043986
-139.20900000009266
-119.1810000000041
-39.77800000000265
0.0
0.0
0.0
19.849999999999877
9.924999999999939
9.811
-39.766000000007246
-109.77899999986157
-348.4130000010003
-1510.1129999775685
-3306.883999980084
-4706.666000176872
-4825.9400002922175
-6811.3780006507195
-8231.10500094699
-8836.594001116766
-9392.441001252038
-10156.327001379872
-10156.667001354826
-8151.345000977277
-6989.874000707228
-5301.869000322422
-3018.7870000212138
-1827.4629999686565
-814.5449999932137
-337.9530000005388
-139.2460000000408
-79.4620000000058
-19.851999999999876
0.0
0.0
0.0
0.0
19.849999999999877
29.75400000001338
-69.56400000004119
-218.94500000025113
-507.22600000209246
-1629.2809999752121
-3108.409999981473
-4131.519000096232
-4945.418000294518
-6702.1690006144245
-7605.507000841559
-8290.738001018228
-9004.875001166389
-10136.647001349353
-8866.360001102008
-8072.329000943164
-7098.671000701284
-4617.096000215506
-3376.301000036405
-1936.7859999660047
-774.9979999924846
-486.8579999996994
-278.14600000052417
-89.3750000000229
-49.651000000006775
0.0
0.0
0.0
0.0
-19.867999999999867
-49.68400000000678
-228.5260000004738
-308.1640000002743
-685.850999996103
-1728.6339999715965
-2800.6459999953495
-4280.131000102429
-5491.641000353107
-6493.555000579372
-7009.571000724969
-7793.956000905849
-8200.750000996471
-8737.038001072036
-8369.962000981961
-7248.112000765259
-6135.891000538911
-5033.916000279058
-3525.0250000555507
-2323.758999977469
-1102.188999984834
-645.6829999950462
-417.2099999998581
-228.3760000004415
-59.59400000002687
0.0
0.0
0.0
0.0
-19.867999999999867
-138.96400000009146
-615.564999997261
-864.1849999906078
-1460.1469999770861
-2413.289999977752
-3167.989000032883
-3952.4870000959468
-5520.966000373936
-5957.791000493524
-6801.3090006777265
-7565.685000839361
-8022.116000923487
-7744.332000876666
-7962.904000885513
-7089.369000711838
-6444.011000576981
-5123.159000318261
-3822.572000087216
-2690.8659999959264
-1608.6049999734817
-1082.2399999863935
-575.8489999987767
-188.6530000002685
0.0
0.0
0.0
0.0
0.0
-39.702000000002556
-258.10500000057453
-933.1739999896981
-1578.7569999739264
-2601.7879999904526
-3177.65400003241
-4309.86300012966
-5073.906000309206
-5461.292000431994
-6195.672000571158
-6900.716000704207
-7595.017000835495
-7744.15200087545
-7694.53400086022
-7605.293000836719
-7367.137000775047
-6523.457000606315
-5500.6680003819965
-4030.9010000803387
-2522.0269999938973
-1598.621999973231
-1121.9319999853976
-565.8939999986234
-238.24100000047017
-19.84399999999988
0.0
0.0
0.0
0.0
-69.47300000001209
-317.6680000003547
-1300.4869999811192
-1985.6069999638985
-3485.480000052632
-4418.590000171341
-5133.2890003172915
-6265.2250005428305
-6672.038000656129
-7327.528000782933
-7545.54600083824
-8230.423000962348
-8250.42800097035
-8161.457000959515
-7803.910000874313
-7049.473000735766
-6562.770000606205
-5192.973000309739
-3395.8910000438855
-2492.1919999830056
-1400.1029999782156
-933.3519999902824
-595.7079999988156
-178.6700000001655
0.0
0.0
0.0
0.0
0.0
-79.39400000000103
-496.2790000006072
-1131.6049999846398
-2273.4189999753626
-3812.669000075647
-4626.9790002397485
-6195.7250005285305
-7337.109000757911
-7783.7030008789
-8171.113000962896
-8846.234001090148
-8875.66700110418
-8647.632001072314
-8151.193000980599
-7913.219000898972
-7407.021000779681
-5391.414000387866
-4269.640000142243
-3187.429000019363
-1857.122999967728
-1112.1819999853026
-675.2289999960271
-367.26100000049615
-99.23699999998206
-0.006
0.0
0.0
0.0
0.0
-59.546000000001854
-406.9380000007362
-1022.4889999876991
-1945.7559999654852
-3326.034000046105
-4597.195000218229
-5996.782000510795
-7297.309000780743
-8210.75300098213
-9441.776001210097
-9680.072001263967
-9610.663001251816
-8737.296001099194
-8201.201000969906
-7467.09000079164
-6126.400000512776
-4349.4760001697005
-3386.3150000427613
-2324.021999975574
-1350.4259999798576
-824.1579999925863
-427.0370000001605
-158.81700000021226
-99.24199999998206
-19.85099999999988
0.0
0.0
0.0
0.0
-29.769000000000723
-228.2670000003777
-635.3469999975039
-1360.1089999798958
-2621.0239999882974
-4031.0740000803507
-5401.077000378488
-6503.019000633565
-8091.480000946537
-8518.852001044721
-8816.94400110709
-8896.272001111996
-8171.409000958497
-7049.96500072424
-5392.398000403268
-4429.057000167908
-3327.1000000309177
-2334.113999973226
-1291.383999981798
-744.7339999946464
-427.0559999997421
-168.82900000022795
-148.8610000000555
-29.774000000000722
-39.71400000000257
0.0
0.0
0.0
0.0
0.0
-119.10199999990382
-297.7920000005291
-705.1209999956897
-1479.5569999770278
-2750.264999989047
-4319.129000104795
-5153.163000331218
-6404.105000584203
-6761.478000678934
-7298.2300007697
-6781.6680006810575
-6057.102000527069
-5183.456000330097
-4141.011000109856
-3207.9700000055536
-1877.307999968005
-1043.269999987903
-457.16300000052377
-258.23100000059736
-248.3130000005304
-89.37699999998306
-79.41599999999632
-19.85999999999987
-19.85999999999987
0.0
0.0
0.0
0.0
0.0
0.0
-69.51500000001204
-218.45200000038116
-675.2149999968406
-1270.911999981503
-1985.710999964449
-2869.234000011308
-3653.4110000481014
-3891.66000008377
-3951.393000093731
-3624.0170000850676
-3425.6110000402537
-2919.66300000594
-2204.7109999715212
-1509.919999976482
-715.2449999953745
-437.3500000009246
-218.82100000034984
-148.99000000005614
-89.404999999983
-9.933999999999934
-0.016
0.0
0.0
0.0
0.0
0.0
0.0
0.0
0.0
0.0
-59.64600000002693
-387.238000000862
-536.1789999985849
-992.9459999884084
-1270.815999981613
-1389.6399999777047
-1876.1679999668618
-1776.8679999689878
-1786.971999969571
-1380.0439999786543
-1141.6419999843633
-1022.6359999872931
-794.3479999927937
-575.9159999982985
-288.0040000005154
-158.9930000000766
-79.39300000000105
-49.62700000000676
-9.896999999999954
-19.833999999999886
0.0
0.0
0.0
0.0
0.0
0.0
0.0
0.0
0.0
-39.73000000000259
-248.14600000050044
-317.6220000001815
-595.48899999836
-635.1969999970754
-704.7469999945303
-853.6089999915491
-813.8809999923866
-744.5559999944664
-605.5489999973515
-625.4299999973888
-406.97699999997
-357.3720000005587
-228.3200000004096
-99.30400000001403
-59.559000000001845
-29.771000000000722
-9.926999999999937
0.0
0.0
0.0
0.0
0.0
0.0
0.0
