33.78000000000185
0.0
0.0
-0.5900000000000002
-7.530000000000244
-4.600000000000103
-9.369999999999909
1.1300000000000006
2.2799999999992986
-0.33999999999999964
-1.1100000000000145
0.8900000000000068
0.26000000000004014
-1.73000000000021
1.0399999999999217
-0.5200000000001144
-0.5699999999999918
-2.53999999999999
-1.6099999999999617
-1.399999999999292
-1.5899999999996905
-0.7700000000001794
0.2299999999999877
-0.2700000000000007
-1.0899999999999828
-5.7599999999999225
1.239999999999971
1.5599999999998908
0.8800000000002319
0.7800000000004845
1.3299999999993712
-0.4500000000000401
-1.0299999999999954
-12.349999999999781
0.9500000000000248
-0.16999999999994847
-1.1599999999997663
0.08999999999999532
-0.05999999999997073
0.6100000000001113
-0.08999999999999532
0.0
-4.81000000000075
-0.5099999999999886
-0.8399999999999493
-1.0799999999999472
-1.67999999999994
-2.5400000000003726
7.90999999999973
0.0
