0.07800000000000006
0.0
0.0
0.0
0.0
0.0
-0.002
-0.010000000000000002
-0.017
-0.024000000000000007
-0.002
0.0
0.0
0.0
0.0
0.0
0.0
0.0
0.0
0.0
-0.002
-0.017
-0.07400000000000004
-0.07700000000000004
-0.06100000000000004
-0.030000000000000013
-0.031000000000000014
-0.0020000000000000035
0.0
-0.02600000000000001
0.0
0.0
0.0
0.006
0.05100000000000002
-0.020000000000000004
-0.05300000000000003
0.04000000000000005
0.05400000000000005
-0.12700000000000009
-0.08100000000000004
0.10500000000000005
0.12100000000000008
0.11200000000000007
-0.0029999999999999966
-0.024000000000000007
0.0
-0.004
0.044000000000000025
-0.012000000000000004
-0.06000000000000004
0.04599999999999997
-0.10600000000000007
-0.10900000000000006
-0.05300000000000006
-0.08900000000000004
-0.02799999999999983
0.052000000000000005
0.08200000000000002
0.12000000000000008
0.03400000000000002
0.0
-0.004
-0.16100000000000012
0.07
-0.075
-0.04800000000000011
-0.08500000000000005
-0.09900000000000006
-0.007999999999999903
-0.005000000000000088
-0.011000000000000003
-0.032000000000000015
-0.056000000000000036
0.04299999999999998
-0.003
0.0
-0.001
-0.18900000000000014
0.03700000000000003
-0.05000000000000002
0.10800000000000004
-0.09200000000000004
-0.09100000000000003
-0.016000000000000104
-0.0029999999999999307
0.03399999999999999
-0.04200000000000001
-0.08100000000000003
-0.05300000000000002
0.0
0.0
-0.008
0.12300000000000007
0.06600000000000003
0.12000000000000004
0.23600000000000018
0.08300000000000003
-0.014999999999999982
0.05200000000000002
0.17300000000000013
0.09700000000000006
0.044
-0.09000000000000008
0.04500000000000003
0.0
0.0
-0.01800000000000001
0.10200000000000006
0.08100000000000004
0.001000000000000144
0.10300000000000005
0.03499999999999996
-0.02499999999999991
0.03600000000000002
0.05100000000000003
0.04600000000000004
0.07100000000000009
0.03399999999999996
0.06500000000000006
-0.001
0.0
0.003
-0.039
-0.0069999999999999715
0.12100000000000008
-0.06899999999999998
0.021999999999999985
0.11700000000000008
0.19400000000000014
-0.06500000000000004
-0.038000000000000006
-0.06800000000000003
0.05300000000000002
-0.025000000000000015
0.0
0.0
0.0
-0.10500000000000005
-0.06400000000000002
-0.011000000000000036
-0.06200000000000003
-0.023999999999999987
-0.12000000000000008
0.04100000000000009
0.10800000000000007
-0.08700000000000005
0.025000000000000046
-0.1410000000000001
-0.013000000000000005
0.0
0.0
0.0
-0.048000000000000036
-0.06500000000000003
-0.20800000000000016
-0.11800000000000008
-0.12400000000000008
-0.06800000000000005
-0.048999999999999946
-0.024999999999999977
0.18500000000000014
0.041000000000000036
-0.03200000000000001
0.002
0.0
0.0
-0.001
-0.005
-0.011000000000000003
-0.061000000000000026
0.027999999999999962
-0.07500000000000005
0.07500000000000004
-0.02599999999999985
-0.04700000000000004
-0.011000000000000003
0.020000000000000028
-0.05900000000000001
0.0
0.0
0.0
-0.001
0.0
-0.03200000000000002
-0.056000000000000036
-0.10100000000000006
-0.1430000000000001
-0.17400000000000013
-0.08000000000000004
-0.11300000000000007
-0.10700000000000005
-0.044000000000000025
0.07500000000000005
0.0
0.0
0.0
