-13970.470002387408
0.0
0.0
0.0
0.0
0.0
0.0
0.0
0.0
0.0
0.0
0.0
0.0
0.0
0.0
0.0
0.0
0.0
0.0
0.0
0.0
0.0
0.0
0.0
0.0
0.0
0.0
0.0
0.0
0.0
0.0
0.0
0.0
0.0
0.0
0.0
0.0
-19.95199999999982
-29.930000000000728
-19.953000000001403
-39.906000000002805
0.0
0.0
0.0
-19.993999999999797
-49.8910000000069
-49.9160000000069
-29.919000000000725
-19.94999999999982
0.0
0.0
0.0
0.0
0.0
0.0
0.0
0.0
0.0
0.0
0.0
0.0
0.0
0.0
0.0
0.0
-19.94999999999982
-59.85600000002719
-19.953000000001403
-69.87799999999758
-109.80499999998952
-149.64700000001073
-189.57300000023457
-419.0090000004594
-548.677999998713
-788.0109999935275
-917.6759999898699
-917.6799999898698
-857.8759999917696
-498.76599999930056
-259.3590000005723
-109.72699999998956
-49.878000000006885
-29.929000000000727
-19.95399999999982
0.0
0.0
0.0
0.0
0.0
0.0
0.0
0.0
0.0
-39.9020000000028
-39.89700000000026
-59.85300000000186
-229.49800000044686
-399.063000000437
-468.92299999993776
-837.9919999926914
-1077.4699999862971
-1516.5029999756898
-2264.8619999727825
-2783.6529999911045
-2583.910999990444
-2384.3269999821805
-1945.3869999658011
-1227.1219999829518
-618.5829999976355
-299.4130000005276
-119.76900000000413
-99.84099999998152
-59.89200000002723
0.0
0.0
0.0
0.0
0.0
0.0
0.0
-19.94999999999982
-29.929000000000727
-89.79700000000298
-119.69500000000411
-339.22300000077394
-718.3499999958769
-1147.6229999849431
-1895.776999967394
-2963.628999993216
-3662.24300004007
-5079.077000273166
-6086.983000488036
-6306.1370005399895
-6056.879000486497
-5667.853000385803
-4710.086000189805
-3342.97100002661
-2265.1769999697995
-1117.9739999862763
-499.1140000000841
-379.2370000007523
-149.7650000000113
-39.922000000002825
0.0
0.0
0.0
0.0
0.0
0.0
-19.94999999999982
-89.78499999998243
-249.3790000005646
-419.22100000005213
-788.4109999929931
-1506.888999976131
-2464.81799998293
-3712.4750000458876
-5029.9900002874665
-7135.545000706233
-8961.437001092096
-9570.1170012575
-10487.847001436092
-10148.675001354395
-9320.424001175817
-7284.758000780264
-5907.904000464332
-3862.1730000576904
-2105.8369999658917
-1168.009999984609
-628.7999999973091
-339.4270000004203
-129.7619999999195
-59.904000000027246
0.0
0.0
0.0
0.0
-19.94999999999982
-69.84800000001161
-79.80900000000622
-249.645000000595
-798.5809999935575
-1427.2059999780934
-2445.244999984942
-3832.188000062357
-5768.647000418053
-7545.018000806522
-9201.200001166007
-11974.755001723928
-12872.879001934069
-12862.739001948912
-12992.611001941554
-11216.780001591322
-9221.008001188455
-7385.026000794084
-5229.585000312496
-3682.723000024608
-1936.3119999661121
-1157.6649999844228
-848.1209999920608
-458.9030000000537
-119.73699999995324
-39.954000000002864
0.0
-19.945999999999824
-39.9000000000028
-39.91600000000282
-149.68300000010797
-339.2500000005385
-479.0419999993186
-1187.6329999839395
-2454.9629999773488
-4091.6850000376517
-5678.450000398183
-7294.944000753811
-9749.559001254218
-11864.91400169223
-13601.377002061809
-14658.564002286508
-15087.532002364374
-14259.419002200368
-13421.639002019792
-11286.291001592333
-9071.455001133983
-6975.761000664444
-4391.2130001355845
-2674.85599999814
-1975.8929999652848
-1147.554999985065
-658.5169999972047
-149.66800000010792
-19.999999999999794
0.0
-19.945999999999824
-29.921000000000728
-109.75499999998955
-289.32000000055285
-528.7969999996241
-1137.4769999853497
-2035.7699999639901
-3362.9990000114362
-4630.746000197939
-6835.716000651255
-8621.988001036545
-10897.324001502542
-11395.76200164113
-12473.412001857816
-13201.55500200052
-13830.054002112549
-13051.987001965303
-12493.627001844703
-11136.73200157086
-9510.539001224637
-7005.820000705823
-4820.529000244083
-3453.0450000225046
-1816.309999968595
-1167.514999984148
-548.7969999997155
-189.61800000019647
-19.959999999999816
0.0
-19.945999999999824
-29.920000000000726
-129.6979999999192
-259.37800000059286
-588.6919999981458
-1357.1089999799028
-2115.715999966837
-3343.2460000455135
-4959.84500028033
-6745.9060006672
-9230.794001157969
-10079.030001362065
-10986.861001542067
-12074.671001738823
-12024.198001734305
-12353.5780017912
-12104.184001745485
-11345.960001605801
-10597.824001448904
-8961.689001108492
-6726.425000652963
-4381.344000157973
-2844.3620000082847
-2025.895999964658
-1017.7959999884008
-419.1410000008663
-89.8069999999824
0.0
0.0
0.0
0.0
-39.9020000000028
-199.52700000033383
-638.5739999969956
-1227.4379999826072
-2135.6469999678234
-3163.6440000300868
-4610.614000208485
-7225.061000725517
-8542.28700102966
-9999.209001312813
-10458.304001391734
-10078.488001322889
-10627.27100143063
-10857.134001478227
-10457.872001420537
-10088.602001360616
-9909.32000130688
-8372.799000982372
-6357.255000555528
-4091.849000059989
-2295.5559999745674
-1337.3489999809617
-568.9339999995215
-169.77200000010396
-19.97399999999981
0.0
0.0
0.0
0.0
-9.975000000000088
-179.5510000001697
-578.8029999982301
-1008.0429999875914
-1526.9969999747789
-2804.4530000044942
-4261.491000136548
-6486.679000583275
-8053.313000923846
-9071.318001122852
-8931.596001099444
-9519.959001212395
-10218.7660013516
-10268.74800138361
-11316.155001571567
-11086.536001530652
-9699.778001258719
-7614.281000837557
-5548.800000381261
-3632.8780000347288
-1906.3349999667546
-918.2559999906074
-449.31800000061924
-139.84999999993966
0.0
0.0
0.0
0.0
19.945999999999824
-29.946999999987835
-149.66300000001075
-488.9610000007128
-499.1789999979889
-1427.4769999779899
-2605.026999986633
-4381.5940001308545
-6077.529000505208
-7514.658000823623
-8183.197000973424
-9051.428001134398
-10787.188001463048
-10847.557001514851
-12074.557001751697
-12383.642001808326
-11755.248001666621
-9370.486001203062
-7294.558000771302
-5508.727000357693
-3153.704000015073
-1736.5929999710904
-798.5369999928673
-439.23200000026833
-229.66200000038435
-19.999999999999794
0.0
0.0
0.0
9.972999999999912
-0.023000000000000013
-79.83100000000624
-299.44500000052756
-329.7990000000587
-928.7969999895566
-2415.7469999744494
-4022.3300000733534
-6187.859000507397
-7654.201000839843
-8802.146001076502
-10588.163001421623
-12074.077001742498
-11894.839001761344
-13082.171001995086
-13161.714001991702
-11595.725001670675
-9669.709001254636
-7204.901000726973
-4311.4120001350075
-2694.8789999957826
-1477.3779999773005
-579.0369999967945
-349.4449999999582
-249.51800000053615
-39.95000000000286
0.0
0.0
0.0
19.945999999999824
-9.999000000000118
-39.925000000000246
-159.82800000008055
-170.22200000023457
-629.5999999983869
-2306.1029999675834
-4381.860000076569
-6407.162000533583
-7255.302000764419
-9271.150001173251
-11635.690001643428
-12413.487001844524
-12802.850001962177
-14548.559002285563
-13900.127002131352
-11954.73800173244
-10198.438001346029
-7154.946000699472
-4461.214000134022
-2884.54199999318
-1237.6719999822155
-788.75399999386
-349.6320000000881
-199.64100000033437
-39.95000000000286
0.0
0.0
0.0
0.0
19.945999999999824
-69.83700000001161
-189.72800000012035
-319.8830000007085
-918.8099999919467
-2365.828999965877
-4022.509000029487
-6067.990000474146
-7574.5550008051505
-9450.549001187554
-10846.959001503756
-11924.649001761018
-12862.389001958092
-14248.899002208978
-13112.362001963316
-10717.516001507707
-9380.106001191616
-6965.5100006750745
-4870.205000223224
-2844.6080000009633
-1676.7499999719525
-1028.1799999879672
-469.2939999992093
-179.7350000002919
-69.88100000001157
0.0
0.0
0.0
0.0
0.0
-169.6710000001463
-219.59200000048594
-569.2189999987872
-1198.3339999839893
-2555.477999977123
-4022.931000068998
-5888.266000462487
-7764.485000838871
-9160.942001131729
-9839.216001310338
-11056.263001580071
-12133.641001798918
-12752.550001898782
-11565.595001651276
-10677.19000145152
-8352.387001003888
-7325.034000747309
-5119.42000029269
-3293.4420000313835
-2026.0739999638367
-1147.8679999845767
-568.9989999978224
-299.47600000052756
-49.90800000000691
0.0
0.0
0.0
0.0
-19.95199999999982
-289.3930000005528
-688.6439999956361
-998.2989999875906
-2125.9759999666494
-2914.4680000230283
-4421.489000176925
-5948.607000499133
-8003.63400089724
-8771.93000107364
-9669.677001267886
-11445.665001617866
-11694.793001685808
-11375.645001622157
-10887.004001501047
-9719.630001263293
-8432.225001003959
-7274.896000762819
-5358.936000363057
-3742.3660000615314
-2525.0229999818102
-1437.3729999778186
-728.6559999944158
-269.4940000005536
-109.76199999994691
0.0
0.0
0.0
0.0
-59.85800000002719
-309.2990000004146
-997.9069999881528
-1846.1779999677392
-3253.4060000221243
-4490.8130001625495
-6087.9040004776925
-6926.045000689185
-7794.089000898861
-8981.318001121223
-9988.856001327853
-11046.12900154963
-11086.00200157762
-10586.971001474996
-10946.709001502079
-9739.321001265018
-8651.744001055156
-7584.46300081478
-5738.224000426256
-3452.9770000712797
-2604.8529999921275
-1596.790999974164
-878.2179999914858
-329.2910000005838
-89.83699999998235
-19.959999999999816
0.0
0.0
0.0
-59.87900000000186
-349.30399999995933
-1237.3809999818882
-2474.7589999887355
-3921.936000084272
-5558.511000400233
-6925.890000673289
-8013.330000918985
-9001.228001133974
-10168.37400136701
-10886.476001526169
-11864.216001716784
-11944.048001735426
-11644.845001665177
-11016.454001516331
-9450.005001220385
-8831.235001079154
-7245.0280007392275
-5229.335000321198
-3592.92800005513
-2235.519999974039
-1546.890999975595
-698.5529999959228
-229.49200000041517
-19.94999999999982
-19.959999999999816
0.0
0.0
0.0
-69.8540000000116
-468.90700000017983
-1436.9179999781175
-2674.513000001155
-4350.821000164585
-6276.854000550162
-7843.664000874236
-9470.383001209584
-10198.69100137571
-11335.968001611624
-12313.558001814901
-12792.376001908364
-12742.297001890038
-11285.844001617394
-10627.651001463444
-9819.352001276908
-7883.952000884951
-5868.381000485578
-4690.506000192303
-2814.552000008998
-1736.4409999704585
-1267.3219999823864
-468.9960000001796
-169.63900000010332
0.0
0.0
0.0
0.0
0.0
-49.875000000006885
-389.08300000069147
-1287.1759999821538
-2614.378999988284
-4260.986000123548
-6097.4850005131775
-8163.030000933964
-9779.837001282754
-11156.51800156547
-12962.188001924185
-13271.489002004257
-13730.564002084488
-12782.37800190471
-11435.65800163562
-10717.662001450499
-8692.125001029763
-5818.72300047488
-4720.722000204267
-3313.7460000268375
-2005.9729999642914
-1187.6599999839389
-638.7449999972075
-299.3660000005276
-49.90499999999064
-19.95199999999982
0.0
0.0
0.0
0.0
-39.9000000000028
-189.5370000002344
-718.4709999956822
-1886.061999967725
-3353.095000020793
-5398.707000340932
-7514.469000797995
-9161.062001154743
-10687.660001476177
-11575.780001663052
-12104.481001771263
-11745.324001696332
-11166.640001574315
-9670.324001273697
-7834.420000880197
-5998.448000479345
-4342.092000128455
-2775.20700000177
-2056.1449999641236
-1247.5569999830511
-658.7399999967806
-269.5810000005567
-169.6740000001035
-79.85699999999528
0.0
0.0
0.0
0.0
0.0
-19.94999999999982
-139.65999999993875
-409.16600000054444
-948.171999989729
-2185.516999967147
-4111.564000035938
-5768.140000413187
-7584.019000813486
-9100.991001129776
-9739.492001277273
-10029.153001330662
-9380.541001207326
-8212.996000982574
-7315.095000769926
-5688.754000410467
-3922.5970000480374
-2296.0499999720114
-1517.4939999768485
-688.9399999956291
-209.72300000056802
-179.79000000029217
-0.056000000000000036
-0.05200000000000003
-19.95199999999982
0.0
0.0
0.0
0.0
0.0
0.0
-39.91000000000281
-209.56400000032454
-519.0060000004876
-1217.4969999837876
-1965.9469999651953
-3123.2590000151113
-4200.958000100708
-5058.958000295018
-5966.892000466888
-6086.796000487993
-5598.038000397151
-5278.8690003062375
-4371.12500010289
-2694.7429999999295
-2155.9669999669245
-978.4549999889938
-549.2499999999562
-259.68200000061154
-279.50900000051956
-139.78700000004338
-30.015000000000732
-0.012
0.0
0.0
0.0
0.0
0.0
0.0
0.0
-19.95599999999982
-9.97799999999991
-169.6920000001464
-409.2210000001552
-1017.8989999881272
-1586.5579999742636
-1776.1299999687953
-2205.0259999740583
-2673.854999994042
-2673.9929999930373
-2135.397999968537
-2145.1509999676873
-1626.4289999732014
-1167.4469999833227
-1077.4889999862967
-738.3879999946821
-289.3970000005529
-109.78600000007485
-129.69900000003122
-109.73999999990436
9.971000000000084
-19.95399999999982
0.0
0.0
0.0
0.0
0.0
0.0
0.0
0.0
-19.94999999999982
-59.89400000000187
-209.5540000003245
-458.9170000002885
-708.3339999948348
-1017.5719999879998
-1117.338999984934
-1207.073999983281
-1117.3159999853046
-957.7269999890167
-937.7709999897367
-857.939999991768
-618.5149999971912
-438.9980000000489
-269.38800000055636
-109.74700000003216
-79.85300000000628
-99.77700000001428
-59.90200000002724
-19.94999999999982
0.0
0.0
0.0
0.0
0.0
0.0
