0.09900000000000007
0.0
0.0
0.0
0.0
0.0
0.0
-0.003
-0.006
0.0
0.0
0.0
0.0
0.0
0.0
0.0
0.0
0.0
0.0
0.0
-0.003
-0.01
0.07000000000000003
-0.08700000000000005
-0.21700000000000016
-0.032000000000000015
0.045000000000000026
-0.02900000000000002
0.0
-0.16800000000000012
0.0
0.0
0.0
-0.001
-0.04000000000000002
-0.05199999999999995
0.1550000000000001
-0.006999999999999927
-0.053000000000000005
-0.08700000000000002
-0.18300000000000013
0.08399999999999999
0.08600000000000006
0.12600000000000008
0.045000000000000026
-0.022000000000000006
0.0
0.0
0.037000000000000026
-0.024000000000000014
0.028000000000000115
0.05000000000000007
-0.2940000000000002
0.11300000000000004
-0.23400000000000018
0.14700000000000008
0.007999999999999962
0.07800000000000001
0.10600000000000007
0.11500000000000005
-0.016
0.0
-0.006
0.054
-0.18500000000000014
-0.04399999999999997
0.08900000000000002
-0.06300000000000004
-0.19000000000000014
0.045000000000000304
-0.23000000000000018
-0.05500000000000001
-0.1500000000000001
-0.14700000000000013
-0.19700000000000015
-0.001
0.0
-0.05400000000000003
-0.08100000000000006
0.055000000000000146
-0.05800000000000011
0.04400000000000011
-0.009999999999999995
-0.04200000000000001
0.1630000000000001
0.08500000000000003
0.01299999999999998
-0.06299999999999999
-0.06600000000000004
-0.016000000000000007
0.0
0.0
-0.04200000000000003
0.21400000000000013
-0.074
0.091
0.15200000000000008
0.10000000000000007
-0.06100000000000001
-0.05400000000000009
0.1330000000000001
0.16400000000000012
0.1200000000000001
0.008000000000000038
0.00699999999999999
-0.026000000000000016
0.0
-0.025000000000000015
0.1620000000000001
0.12600000000000006
0.07100000000000004
0.10000000000000002
0.04100000000000001
0.024000000000000046
0.04799999999999996
0.11500000000000007
0.14400000000000007
-0.005999999999999962
-0.1440000000000001
-0.1600000000000001
-0.027000000000000017
0.0
0.014000000000000005
-0.024999999999999998
0.07400000000000007
0.1400000000000001
-0.10200000000000006
-0.1320000000000001
0.1370000000000001
0.22800000000000017
0.04300000000000008
0.03099999999999997
0.055000000000000035
-0.1290000000000001
-0.10000000000000005
-0.024000000000000014
0.0
-0.018
-0.07900000000000004
0.017999999999999995
-0.05900000000000004
-0.2600000000000002
-0.048000000000000015
-6.938893903907228E-18
-0.07300000000000009
0.0850000000000001
-0.18300000000000013
-0.010999999999999954
-0.11700000000000008
-0.001
0.0
0.0
0.0
-0.06300000000000004
0.15600000000000014
-0.19600000000000015
-0.09600000000000011
-0.23800000000000018
-0.06600000000000003
0.05899999999999998
-0.21700000000000014
0.10500000000000007
-0.002999999999999986
0.04099999999999999
0.02100000000000001
0.0
0.0
0.0
-0.028000000000000004
0.002
0.11200000000000009
0.043
0.0019999999999999315
-0.021000000000000133
-0.016999999999999914
0.11000000000000006
-0.04699999999999997
-0.07000000000000002
0.06600000000000003
0.0
0.0
0.0
0.0
-0.003
-0.05200000000000004
-0.10300000000000008
-0.031000000000000014
-0.2770000000000002
-0.04900000000000003
-0.13500000000000006
-0.06500000000000003
-0.21800000000000017
-0.10600000000000005
-0.04100000000000003
0.0
0.0
0.0
