0.12999999999999998
0.0
0.0
0.0
0.0
0.0
0.0
0.0
0.0
0.0
0.0
0.0
0.0
0.0
0.0
0.0
0.0
0.0
0.0
0.0
0.0
0.0
0.0
0.0
0.0
0.0
0.0
0.0
0.0
0.0
0.0
0.0
0.0
0.0
0.0
0.0
0.0
0.0
0.0
0.0
-0.05
-0.05
0.0
0.0
0.0
0.0
0.0
0.0
0.0
0.0
0.0
0.0
0.0
0.0
0.0
0.0
0.0
0.0
0.0
0.0
0.0
0.0
0.0
0.0
0.0
0.0
0.0
0.0
0.0
-0.05
-0.060000000000000005
-0.01
-0.01
-0.03
0.060000000000000005
0.04
0.04
-0.01
0.0
-0.01
-0.01
0.0
0.0
0.0
0.0
0.0
0.0
0.0
0.0
0.0
0.0
0.0
0.0
0.0
0.0
0.0
-0.03
-0.03
-0.09
-0.09999999999999999
-0.060000000000000005
-0.08
-0.08
-0.15
-0.09999999999999999
-0.05
-0.09
-0.09
3.469446951953614E-18
3.469446951953614E-18
0.09
0.0
0.0
0.0
0.0
0.0
0.0
0.0
0.0
0.0
0.0
0.0
-0.02
-0.02
0.01
0.02
0.060000000000000005
0.019999999999999997
-0.03
-0.10999999999999999
-0.05
0.030000000000000006
-0.009999999999999997
-0.009999999999999997
0.020000000000000004
-0.08
-0.07
0.08
0.07
0.03
-0.07
-0.060000000000000005
-0.060000000000000005
0.0
0.0
0.0
0.0
0.0
0.0
0.0
0.0
-0.02
-0.04
-0.09
0.16
0.11999999999999998
0.09
-0.009999999999999997
-0.17
-0.18000000000000002
-0.03
-0.12999999999999998
0.16
0.08
-0.060000000000000005
0.05
0.10999999999999999
-0.010000000000000004
0.15
-3.469446951953614E-18
-0.020000000000000004
-0.060000000000000005
0.0
0.0
0.0
0.0
0.0
0.0
-0.02
-0.02
-0.030000000000000006
-0.060000000000000005
-0.12999999999999998
0.16
0.060000000000000005
0.05
-0.05
-0.019999999999999997
-0.03
-0.13999999999999999
-0.26000000000000006
-0.25000000000000006
-0.10999999999999999
0.24000000000000005
-0.05
-0.020000000000000004
0.10999999999999999
0.15
0.11999999999999998
0.20000000000000004
0.23000000000000007
0.01
0.0
0.0
0.0
0.0
0.0
-0.03
0.05
0.060000000000000005
-0.07
-0.12999999999999998
0.09
-0.04
-0.10999999999999999
-0.15
-0.13999999999999999
0.05000000000000001
-0.37000000000000016
-0.3000000000000001
-0.18000000000000002
-0.08
0.019999999999999997
0.019999999999999997
0.060000000000000005
0.16
0.060000000000000005
0.09
0.18000000000000002
0.16
0.05
0.0
0.0
0.0
0.0
-0.01
-0.02
0.030000000000000006
-0.060000000000000005
0.10999999999999999
-3.469446951953614E-18
-0.17
0.16
-0.07
-0.15
-0.09
3.469446951953614E-18
-0.4000000000000002
0.019999999999999997
-0.21000000000000005
-0.20000000000000004
-0.18000000000000002
-0.2800000000000001
0.060000000000000005
0.060000000000000005
-0.08
0.07
0.07
0.04
-0.01
-0.05
0.0
0.0
-0.01
-0.01
0.0
3.469446951953614E-18
-0.05
0.08
0.010000000000000004
-0.13999999999999999
-0.04
0.08
3.469446951953614E-18
-0.08
-0.26000000000000006
-0.19000000000000003
-0.17
-0.019999999999999997
-0.12999999999999998
3.469446951953614E-18
-0.019999999999999997
-0.09999999999999999
0.009999999999999997
-0.16
-0.030000000000000006
-0.09
-3.469446951953614E-18
-0.01
0.0
0.0
0.0
0.0
0.0
0.0
-0.10999999999999999
-0.11999999999999998
-0.08
0.009999999999999997
-0.020000000000000004
-0.020000000000000004
0.12999999999999998
-0.09
0.060000000000000005
0.05000000000000001
-0.18000000000000002
0.16
-0.12999999999999998
-0.10999999999999999
0.09999999999999999
0.07
0.04
0.010000000000000004
3.469446951953614E-18
0.15
0.05
0.060000000000000005
-0.02
0.0
0.0
0.0
0.0
0.0
0.01
-0.02
-3.469446951953614E-18
-0.19000000000000003
0.11999999999999998
0.13999999999999999
0.2800000000000001
-0.10999999999999999
-0.05
0.18000000000000002
0.05000000000000001
-0.17
-0.03
0.020000000000000004
0.019999999999999997
0.07
-0.05
0.18000000000000002
-0.019999999999999997
0.019999999999999997
0.03
-0.010000000000000004
-0.12999999999999998
-0.02
0.0
0.0
0.0
0.0
0.0
-0.01
0.0
-0.010000000000000004
-0.15
-0.020000000000000004
-0.19000000000000003
-0.060000000000000005
0.08
0.16
0.22000000000000006
-0.060000000000000005
0.009999999999999997
-0.08
0.3100000000000001
0.12999999999999998
0.05
-0.08
0.020000000000000004
-0.10999999999999999
0.019999999999999997
-0.10999999999999999
-0.11999999999999998
-0.12999999999999998
0.0
0.0
0.0
0.0
0.0
0.0
-0.02
-0.019999999999999997
-0.010000000000000004
0.18000000000000002
-0.09
-0.019999999999999997
0.13999999999999999
0.46000000000000024
0.3000000000000001
0.13999999999999999
-3.469446951953614E-18
0.10999999999999999
0.019999999999999997
0.16
0.23000000000000004
0.26000000000000006
0.09999999999999999
0.009999999999999997
0.22000000000000006
-0.020000000000000004
-0.20000000000000004
-0.07
-0.02
0.0
0.0
0.0
0.0
0.0
0.0
-0.02
0.019999999999999997
-0.08
0.20000000000000004
0.12999999999999998
-0.020000000000000004
0.19000000000000003
0.17
0.26000000000000006
0.16
0.09999999999999999
-0.26000000000000006
0.05
-0.010000000000000004
0.13999999999999999
0.15
0.08
0.19000000000000003
0.20000000000000004
0.009999999999999997
-0.09999999999999999
-0.10999999999999999
-0.02
0.0
0.0
0.0
0.0
0.0
0.0
0.01
0.05
0.07
0.20000000000000004
0.25000000000000006
-3.469446951953614E-18
-0.07
0.05
0.08
0.10999999999999999
-0.09999999999999999
0.07
-0.020000000000000004
0.08
0.3200000000000001
0.04
0.05
-0.010000000000000004
-0.3300000000000001
-0.10999999999999999
-0.060000000000000005
-0.18000000000000002
-0.02
-0.03
0.0
0.0
0.0
0.0
0.0
0.02
0.04
0.09999999999999999
0.15
-0.04
0.22000000000000006
0.15
0.04
0.23000000000000007
0.08
0.07
0.12999999999999998
0.20000000000000004
0.3000000000000001
0.17
0.010000000000000004
-0.05
0.10999999999999999
-0.12999999999999998
-0.03
0.09
-0.04
-0.060000000000000005
-0.02
0.0
0.0
0.0
0.0
0.0
-0.060000000000000005
-0.13999999999999999
0.08
-0.020000000000000004
0.19000000000000003
0.08
-0.09
-0.03
-0.17
0.09999999999999999
-0.05
0.16
0.26000000000000006
0.11999999999999998
0.3000000000000001
0.10999999999999999
0.09
0.08
-0.019999999999999997
-0.11999999999999998
-0.04
-0.009999999999999997
0.01
0.0
0.0
0.0
0.0
0.0
0.0
-0.07
-0.09999999999999999
0.09999999999999999
-0.25000000000000006
0.05
-0.009999999999999997
0.009999999999999997
-0.15
-0.12999999999999998
-0.03
0.11999999999999998
0.09999999999999999
0.13999999999999999
-3.469446951953614E-18
-0.020000000000000004
-0.20000000000000004
0.07
-0.05
0.05000000000000001
-0.11999999999999998
-0.009999999999999997
-0.07
0.0
0.0
0.0
0.0
0.0
0.0
0.0
-0.03
-0.17
0.020000000000000004
-0.11999999999999998
-0.3200000000000001
-0.08
-0.09
-0.11999999999999998
3.469446951953614E-18
-3.469446951953614E-18
0.24000000000000005
0.04
0.09
0.019999999999999997
-0.060000000000000005
0.04
0.04
-0.15
-0.07
-0.18000000000000002
-0.15
3.469446951953614E-18
0.0
0.0
0.0
0.0
0.0
0.0
0.0
-0.01
-0.09
-0.07
-0.08
-0.25000000000000006
-0.17
-0.09
-0.07
-0.10999999999999999
-0.24000000000000005
-0.09
-0.09
0.19000000000000003
0.16
0.020000000000000004
-0.11999999999999998
-0.13999999999999999
-0.020000000000000004
3.469446951953614E-18
-0.08
-0.060000000000000005
0.02
0.0
0.0
0.0
0.0
0.0
0.0
0.0
-0.01
-0.02
-0.13999999999999999
-0.19000000000000003
-0.15
-0.20000000000000004
-0.19000000000000003
-0.22000000000000006
-0.19000000000000003
3.469446951953614E-18
-0.21000000000000005
-0.03
-0.15
-0.11999999999999998
-0.11999999999999998
-0.04
0.09999999999999999
-0.019999999999999997
-0.019999999999999997
-0.060000000000000005
-0.019999999999999997
0.02
0.0
0.0
0.0
0.0
0.0
0.0
0.0
0.0
-0.01
-0.05
-0.17
-0.12999999999999998
-0.22000000000000006
-0.08
-0.060000000000000005
-0.04
-0.25000000000000006
-0.08
-0.25000000000000006
-0.10999999999999999
0.21000000000000005
0.18000000000000002
0.009999999999999997
0.21000000000000005
3.469446951953614E-18
0.05000000000000001
0.060000000000000005
-0.01
0.03
0.0
0.0
0.0
0.0
0.0
0.0
0.0
0.0
-0.03
-0.04
-0.08
-0.02
0.010000000000000004
0.19000000000000003
3.469446951953614E-18
0.060000000000000005
-0.10999999999999999
0.08
-0.10999999999999999
0.060000000000000005
-0.030000000000000006
0.3100000000000001
-0.17
0.26000000000000006
0.15
0.04000000000000001
0.020000000000000004
0.0
0.05
0.0
0.0
0.0
0.0
0.0
0.0
0.0
0.0
-0.03
-0.04
-0.04
-0.10999999999999999
0.01
0.03
-0.13999999999999999
0.060000000000000005
-0.16
0.11999999999999998
0.16
0.020000000000000004
-0.08
0.10999999999999999
-0.09999999999999999
3.469446951953614E-18
-0.07
3.469446951953614E-18
-0.04
-0.02
0.0
0.0
0.0
0.0
0.0
0.0
0.0
0.0
0.0
0.0
-0.01
-0.01
-0.10999999999999999
-0.19000000000000003
0.010000000000000004
-0.09
-0.09
-0.15
-0.23000000000000007
-0.11999999999999998
-0.12999999999999998
-0.09
-0.15
-0.3100000000000001
0.020000000000000004
-0.060000000000000005
-0.060000000000000005
-0.07
-0.01
0.0
0.0
0.0
0.0
0.0
0.0
0.0
0.0
0.0
0.0
0.0
0.0
-0.060000000000000005
-0.04
-0.060000000000000005
-0.060000000000000005
-0.04
-0.05
-0.07
-0.25000000000000006
-0.22000000000000006
-0.17
-0.18000000000000002
-0.16
-0.01
-0.05
-0.07
-0.07
-0.02
0.0
0.0
0.0
0.0
0.0
0.0
