35.0300000000016
0.0
0.0
-0.5800000000000003
-16.759999999999728
-10.649999999999869
-6.020000000000028
-6.2399999999999105
2.8899999999992887
-3.5699999999999745
0.11000000000000026
0.9400000000000344
0.390000000000163
-1.1600000000001192
1.04000000000034
0.019999999999979104
-1.6000000000000996
-5.609999999999925
0.5700000000000269
-0.7399999999999816
-0.8100000000001599
-0.37999999999995815
0.43999999999995143
0.7100000000000093
-2.550000000000234
-5.2700000000002065
0.7699999999998857
1.4799999999999855
1.4400000000002788
1.4499999999997928
0.8500000000003954
0.11999999999992378
-3.2700000000000977
3.1099999999999777
-0.06000000000001574
-0.2999999999998802
-1.7000000000002156
-0.729999999999565
-0.8700000000000688
0.2999999999999904
-2.8400000000002223
-0.060000000000000005
-7.589999999999348
-1.329999999999996
-2.710000000000848
-2.590000000001944
-2.4600000000014313
-3.290000000000329
-4.679999999999994
0.0
