-17449.175003096112
0.0
0.0
0.0
0.0
0.0
0.0
0.0
0.0
0.0
0.0
0.0
0.0
0.0
0.0
0.0
0.0
0.0
0.0
0.0
0.0
0.0
0.0
0.0
0.0
0.0
0.0
0.0
0.0
0.0
0.0
0.0
0.0
0.0
0.0
0.0
0.0
0.0
0.0
0.0
-19.959999999999816
-19.95900000000141
-49.8970000000069
-49.89300000000689
-69.89800000001154
-79.85500000000079
-49.92400000000691
-19.959999999999816
0.0
-19.957999999999817
-29.937000000000726
-29.93700000000073
-19.957999999999817
0.0
0.0
0.0
0.0
0.0
0.0
0.0
0.0
0.0
0.0
0.0
0.0
-19.959999999999816
-19.959999999999816
-39.92400000000283
-69.90000000001153
-159.71500000012554
-239.52800000050664
-389.2540000003405
-598.8359999982808
-678.6599999957427
-918.1249999907607
-1117.6749999857898
-1187.5439999837092
-1027.8979999875712
-698.5629999955275
-329.32400000027116
-179.63600000021054
-69.8570000000116
-19.957999999999817
0.0
0.0
0.0
0.0
0.0
0.0
0.0
0.0
0.0
0.0
-59.87600000002721
-69.85799999999756
-119.76000000000413
-229.59700000044734
-439.15300000048853
-758.566999994431
-1067.9579999865675
-1407.3539999786324
-2016.2189999642305
-2695.023999988521
-3263.8300000050594
-3203.917000015393
-2854.561000008027
-2425.381999979523
-1547.0729999752336
-868.3659999914626
-399.3100000002513
-169.65300000023188
-149.76000000001127
-59.878000000027214
0.0
0.0
0.0
0.0
0.0
0.0
0.0
-19.957999999999817
29.968999999987812
-99.78499999998157
-299.42100000052756
-449.1680000003913
-828.4459999928181
-1607.1309999741459
-2425.6809999775855
-3623.551000031699
-4881.430000214887
-6208.931000502313
-7287.117000725446
-7935.55100086018
-7815.847000847634
-7196.987000721148
-5969.321000461247
-4282.298000086451
-2585.5159999798393
-1627.2489999741997
-698.7939999951273
-559.1049999998622
-259.57700000053154
-59.936000000027285
0.0
0.0
0.0
0.0
0.0
-19.957999999999817
-59.896000000027236
-9.95699999999992
-339.35200000065635
-459.26599999934666
-1158.0389999846523
-1886.5639999670548
-3423.902000030081
-4951.735000255934
-6738.561000636789
-8215.898000957524
-10232.281001375202
-11579.782001661495
-12957.058001930016
-12418.149001830723
-11549.730001642067
-9523.370001215018
-7027.879000681089
-4342.740000128587
-2725.477999994106
-1597.4399999748398
-698.8689999957179
-379.47800000025615
-229.63400000038422
-59.91800000002726
0.0
0.0
0.0
0.0
-19.957999999999817
-79.85799999999529
-219.61800000035365
-359.4399999999864
-1347.6619999808806
-2186.2309999689573
-3613.9030000479593
-5161.253000319441
-7557.491000802148
-9044.991001138887
-11160.827001572916
-14304.943002196886
-16031.50400256564
-15872.044002560728
-15632.437002496912
-13905.683002151587
-11769.41900170009
-8615.485001050865
-5990.284000475677
-3933.7550000535716
-1966.9559999648202
-1317.7919999808819
-828.5079999923169
-429.17200000015515
-109.80699999998951
-39.95800000000287
0.0
0.0
0.0
-19.957999999999817
-209.6410000003249
-529.1230000001381
-1058.1359999872373
-1836.7949999684363
-3054.8080000126884
-5530.615000335102
-7227.749000727337
-9354.13000117962
-12248.914001760759
-15003.599002320745
-16760.291002700025
-18696.610003093076
-18686.178003101108
-18067.571002976245
-16570.46700267335
-14095.292002160722
-11210.647001563719
-8296.024000933268
-5271.18100029366
-3164.844000009901
-2046.566999963642
-1207.8879999837188
-748.5979999951081
-179.66700000017025
-29.979000000000728
0.0
0.0
-19.95599999999982
-79.8250000000008
-369.36100000049487
-868.3949999914618
-1507.357999975845
-2595.376999987715
-4492.005000119974
-6199.377000507262
-8475.436000989108
-10621.475001442124
-12807.664001905232
-13925.605002153992
-15762.054002517654
-16490.540002667552
-16999.34400276257
-17079.38700277143
-15043.311002381319
-14075.120002166665
-11699.917001667278
-8755.058001049743
-5979.9780004639115
-4252.902000050159
-2046.6609999634375
-1088.2309999856175
-778.6129999941714
-219.6260000003206
-19.983999999999803
0.0
0.0
-29.932000000000727
-159.6670000000798
-339.3490000003025
-1038.1259999875474
-1886.63499996698
-2914.858000004818
-4651.884000181818
-6159.425000525453
-8505.282001014477
-11180.54200156016
-12308.513001816658
-13855.745002114829
-14614.364002262892
-14993.132002334918
-15552.26100243583
-14883.15100231982
-13616.050002085822
-13036.99800194995
-10981.093001525665
-8116.25100094083
-5570.857000383505
-3494.426000017661
-1787.2449999695918
-1038.2989999878093
-608.9669999990838
-59.91600000002726
0.0
0.0
0.0
-29.933000000000728
-99.80099999998156
-289.4250000005124
-918.2659999901563
-1817.0279999685783
-2545.763999994881
-4053.029000090497
-5770.33100044697
-8984.58500108009
-10152.350001368679
-12099.081001743474
-12757.767001866103
-13336.075001967669
-13556.089002013823
-13755.668002065337
-12947.235001935604
-13067.103001956648
-12138.989001762277
-10252.414001369973
-8206.199000930681
-5331.085000311191
-2895.629999997894
-1507.6529999765705
-688.992999996229
-289.60400000059354
-29.943000000000726
0.0
0.0
0.0
-19.95399999999982
-89.8139999999824
-209.6090000003941
-858.4489999920775
-1367.9229999788029
-2306.332999978357
-3564.1550000553975
-5600.727000374801
-7586.866000817685
-9403.968001209696
-11370.398001577381
-11859.700001673182
-12428.40300179321
-12538.31000183705
-12887.572001920187
-13636.004002065381
-14204.982002159873
-12328.445001782466
-9813.067001278167
-7666.940000812911
-4742.286000196398
-2436.15199997822
-1178.3329999846715
-539.3400000000461
-159.8620000000352
-19.968999999999813
0.0
0.0
0.0
0.0
-79.83999999999533
-229.59800000041568
-628.9929999975237
-1018.6099999862131
-2106.8269999659965
-3444.4130000179025
-5131.757000279706
-7377.619000771132
-9673.519001243101
-10102.667001371874
-11559.890001644359
-13216.645001968425
-13426.548002041254
-14714.277002300541
-15532.167002449662
-14953.863002317647
-11989.082001732411
-9373.747001197864
-6678.408000622048
-4532.334000129135
-2016.8729999642833
-788.9379999931556
-379.5330000002559
-139.82299999999157
-0.014
0.0
0.0
0.0
0.0
-0.004
-219.66000000038693
-429.3270000001547
-749.22399999325
-1288.4249999810527
-2935.5489999881597
-4872.414000234953
-7537.424000790031
-9413.670001205124
-11270.625001579763
-12817.545001896
-15422.447002424891
-14713.754002341515
-16330.837002658534
-16979.60000276096
-15053.396002364054
-11749.487001687829
-8894.602001084555
-5989.983000467972
-3564.1000000345766
-1757.5749999704562
-699.1039999945275
-469.4300000001788
-179.72500000017052
-0.014
0.0
0.0
0.0
0.0
0.0
-89.932000000003
-259.6020000005718
-449.7269999994767
-1049.0489999884248
-2816.039999971029
-5561.188000315119
-7277.895000744552
-9194.155001150351
-11580.215001625202
-13795.807002092244
-15612.000002500083
-16131.290002643109
-17807.739002959333
-17099.51300278707
-14564.400002270704
-12567.821001827646
-8784.489001044169
-5540.90500037582
-3484.375000023944
-1527.7309999753938
-868.8829999909735
-439.55099999982656
-159.76400000012575
0.0
0.0
0.0
0.0
0.0
0.0
-99.87099999998149
-239.69000000044673
-629.5229999986084
-889.3549999920942
-2516.597999962225
-5381.570000258028
-6579.277000612921
-8895.022001080526
-11610.114001603602
-13795.325002079531
-14783.853002340005
-16001.338002593953
-17368.59400283925
-15762.170002505474
-13586.418002075912
-11689.576001653986
-8405.671000980203
-6020.0160004694635
-3734.1540000483283
-2226.6359999712977
-1347.9859999802584
-559.3029999983764
-159.7870000001259
-49.94100000000692
0.0
0.0
0.0
0.0
-39.938000000002845
-209.7040000003252
-379.5140000004216
-649.3549999966609
-1388.7249999801395
-2446.9489999720377
-4842.718000191108
-6789.092000639675
-9064.992001094999
-10891.276001472483
-12567.655001842913
-13955.010002157182
-15342.250002438248
-15970.99200254151
-14314.505002202204
-13386.478001995447
-10851.223001494496
-8754.914001060177
-6558.732000602331
-4472.697000161646
-2685.5159999949656
-1527.5719999756686
-738.944999994482
-219.64300000038685
-29.96099999998782
0.0
0.0
0.0
0.0
-59.89800000002724
-339.3610000005384
-708.8879999948217
-1168.4489999836535
-2207.0699999705034
-3654.552000025323
-5471.432000359583
-6629.320000652776
-9264.165001158697
-10062.762001343732
-11609.312001664182
-13855.277002114077
-14324.21100221843
-14124.613002172418
-13366.755002005402
-12268.701001768972
-11130.675001538964
-9233.86400116157
-7078.011000714066
-5011.4610002771005
-3254.4870000205347
-1936.908999966098
-868.6409999911381
-249.54400000056538
-29.932999999987853
0.0
0.0
0.0
0.0
-69.86000000001158
-349.3380000003513
-1118.0169999854115
-2066.7029999639635
-3853.9300000440126
-5141.579000298335
-6738.899000634136
-8525.674001014942
-9863.275001303642
-10840.96400150653
-12747.048001877356
-13186.14600198731
-13814.720002120335
-13675.42400207683
-13945.358002107765
-11809.37500169663
-11010.756001528232
-9243.85100116587
-7157.739000723074
-4612.146000218726
-3184.7950000276246
-2126.475999966156
-928.532999990306
-229.6210000004791
-9.973999999999911
0.0
0.0
0.0
0.0
-129.76599999997552
-409.2279999995712
-1497.3429999760203
-2894.9770000081107
-4861.887000241614
-6658.7260006227025
-8325.738000959096
-10082.611001334633
-11210.577001582493
-12398.105001826252
-13126.266001980992
-14264.10600220646
-14384.091002238003
-13945.287002143874
-13975.293002122318
-12009.151001737673
-11360.154001581497
-8824.807001075473
-6508.921000592888
-4572.383000176282
-2695.607000002058
-1737.2099999711552
-928.4789999907533
-199.69100000029823
-39.93600000000284
0.0
0.0
0.0
0.0
-119.78200000000413
-638.7859999972065
-1457.4329999766144
-3024.763000025387
-5550.435000384893
-7497.069000805939
-9932.729001282647
-11719.520001656867
-12827.601001908244
-14135.082002176017
-14793.607002315515
-15731.497002502829
-15711.58300250196
-14694.00500230481
-13256.963002005075
-12179.019001756218
-9792.96000126885
-7118.067000749466
-5830.057000430487
-3654.0490000429218
-2016.6679999637408
-1218.027999982755
-678.7999999961461
-229.65000000041593
-10.003999999999895
0.0
0.0
0.0
0.0
-99.80699999998154
-409.21400000034987
-1487.2699999772167
-2844.9620000046475
-5270.814000326601
-7616.823000829659
-9483.474001228948
-11919.31000172287
-14065.227002163825
-15891.609002526371
-16630.07900268472
-16600.097002685347
-16011.287002568657
-14464.415002255026
-12717.99500187731
-10801.623001458609
-7876.840000873865
-5910.284000452416
-4273.069000088092
-2625.7289999862764
-1297.920999980899
-878.5499999917922
-379.3520000002565
-109.82999999998951
-59.90500000002725
0.0
0.0
0.0
0.0
-69.85800000001159
-259.5200000005517
-868.4379999920963
-2186.068999968279
-4352.46200009337
-6738.313000624505
-9014.164001119598
-11709.706001671839
-13676.03700208834
-14364.765002243304
-15403.035002443788
-15063.644002379073
-14045.481002169892
-12428.651001824948
-9893.504001292957
-7378.0060007699685
-5750.863000400653
-3814.213000041417
-2496.0539999783505
-1497.6269999767508
-868.6269999919327
-379.4030000005871
-239.59000000044625
-49.95100000000693
-39.93400000000284
0.0
0.0
0.0
0.0
-39.92000000000282
-159.72000000003453
-489.1370000007129
-1178.1219999847935
-2765.3279999817014
-5031.131000222166
-7436.887000750922
-9782.768001256205
-11489.835001620579
-11888.907001732232
-12528.181001847932
-11978.76300174004
-11220.395001564304
-9014.623001108515
-6938.65100066705
-4922.198000214627
-3265.049999993549
-1737.5909999708285
-1138.3239999849657
-449.39299999902244
-269.74500000055104
-119.891999999902
-19.97399999999981
-19.961999999999815
-19.961999999999815
0.0
0.0
0.0
0.0
0.0
-39.964000000002876
-209.71700000032527
-449.3680000001631
-1138.1769999853332
-2535.7249999784244
-3733.3880000422555
-4771.457000248439
-5979.230000497456
-6658.225000628102
-7456.689000755776
-7087.319000694377
-6408.7160005381875
-5091.289000269052
-3474.137000048399
-2366.098999976366
-1487.6739999769286
-739.0819999941052
-579.2659999975042
-399.39599999969437
-229.656000000416
-39.985000000002906
-0.006
0.0
0.0
0.0
0.0
0.0
0.0
0.0
-19.963999999999814
-49.92000000000691
-109.8950000000323
-489.25100000071285
-1187.9129999843974
-1766.838999969896
-2255.8789999758355
-2734.962000012351
-3104.250000023668
-3104.1240000146613
-2944.5620000022745
-2595.2509999904214
-2046.1059999628437
-1766.699999969665
-1427.402999978282
-1008.1479999885472
-459.2360000000528
-339.4730000000658
-229.56800000054218
-219.6270000003206
-29.932000000000727
-39.92600000000283
0.0
0.0
0.0
0.0
0.0
0.0
0.0
-19.96999999999981
-29.953000000000728
-29.95400000000073
-199.63800000026154
-608.8199999979541
-858.2759999909565
-1257.4779999823331
-1327.3849999800968
-1317.3869999805775
-1257.5859999823306
-1117.7589999854176
-1277.4509999817801
-1247.5569999826089
-878.2349999908571
-658.677999996363
-449.1180000003914
-189.66200000034996
-189.68600000027345
-119.78600000005507
-89.868000000003
-39.91200000000281
0.0
0.0
0.0
0.0
0.0
0.0
