0.7230000000000005
0.0
0.0
-0.1300000000000001
-0.44600000000000034
-1.1160000000000296
-0.23500000000000018
-0.7090000000000005
0.3980000000000003
-0.4170000000000003
0.3360000000000002
-0.016999999999999765
0.009000000000004834
-0.13599999999999957
0.07499999999999694
6.548581121812447E-16
0.1759999999999968
-0.18000000000000013
-0.08100000000000412
0.005000000000001075
0.007999999999995717
-0.05800000000002057
0.10700000000000144
0.09599999999999323
0.07900000000000008
-0.08400000000000003
0.28800000000000014
0.24000000000000016
0.09799999999999406
0.1520000000000034
0.13400000000000334
-0.0140000000000045
-0.2980000000000001
0.35600000000000026
-0.3420000000000001
-0.016000000000006318
-0.196
-0.08699999999998786
-0.05799999999999792
-0.0020000000000014225
0.015999999999999896
-0.005
-0.19500000000000012
-0.172
-0.18999999999999984
-0.26400000000000007
-0.13899999999997864
-0.39800000000000024
0.45900000000000035
0.0
