0.20500000000000015
0.0
0.0
0.0
0.0
0.0
-0.008
-0.008
-0.02900000000000002
-0.05300000000000003
0.0
0.0
0.0
0.0
0.0
0.0
0.0
0.0
0.0
0.0
-0.003
-0.05500000000000003
-0.10200000000000008
-0.08600000000000003
-0.1580000000000001
-0.2690000000000002
-0.18000000000000013
-0.029
0.0
-0.21500000000000016
0.0
0.0
0.0
-0.02700000000000002
0.008000000000000002
0.11400000000000007
-0.09300000000000012
0.17700000000000013
-0.2280000000000002
-0.00799999999999988
0.06799999999999988
0.17500000000000013
0.1580000000000001
-0.029999999999999822
0.37500000000000033
-0.07100000000000005
0.0
0.003
0.13100000000000012
-0.18400000000000014
0.15700000000000014
-0.08300000000000003
-0.10600000000000008
-0.03399999999999996
-0.22400000000000014
0.09500000000000003
-0.03500000000000002
0.24800000000000016
-0.08000000000000007
0.005999999999999979
-0.011
0.0
0.002
-0.0019999999999999636
0.018999999999999507
-0.07600000000000004
-0.12200000000000011
-0.047
-0.23600000000000018
0.06800000000000041
-0.21800000000000017
-0.06600000000000024
-0.1700000000000001
-0.028999999999999863
0.4310000000000003
-0.002
0.0
-0.06300000000000003
-0.48000000000000037
0.07600000000000018
0.1840000000000001
0.05000000000000002
0.09600000000000002
-0.12200000000000008
0.12300000000000008
0.10400000000000005
0.19600000000000017
-0.12199999999999994
-0.16800000000000007
-0.10200000000000005
0.0
0.01800000000000001
-0.09300000000000008
0.21800000000000008
0.04000000000000027
0.05799999999999991
0.1540000000000001
-0.01799999999999994
0.104
-0.05199999999999984
0.07300000000000006
0.23200000000000018
0.19200000000000036
0.02399999999999992
0.05000000000000003
-0.04300000000000003
0.01800000000000001
-0.0990000000000001
-0.16300000000000014
0.07300000000000004
0.07500000000000002
0.13400000000000006
0.14099999999999993
-0.06399999999999995
0.45200000000000035
0.10000000000000006
0.10900000000000007
0.08900000000000038
-0.20600000000000018
-0.3760000000000003
-0.04300000000000003
0.0
-0.10500000000000008
0.0530000000000001
-0.12700000000000003
0.2590000000000002
-0.19500000000000012
-0.08599999999999998
0.10100000000000006
0.19600000000000015
-0.14100000000000024
-0.12400000000000005
-0.05799999999999993
0.4120000000000003
-0.32500000000000023
-0.04300000000000003
0.0
-0.05700000000000002
-0.008999999999999966
0.0029999999999999775
0.12700000000000003
-0.2930000000000002
-0.1730000000000001
-0.11700000000000009
0.05399999999999992
-0.07500000000000039
-0.030999999999999812
-0.15600000000000008
-0.2990000000000002
-0.11300000000000009
0.0
0.0
-0.022
-0.16600000000000012
-0.1320000000000001
-0.35400000000000026
0.0259999999999999
-0.171
0.025999999999999846
-0.1420000000000001
0.02800000000000016
0.21700000000000016
-0.034999999999999906
-0.17500000000000016
0.05200000000000004
0.0
0.0
0.0
-0.006
-0.03700000000000002
0.015000000000000065
0.17200000000000013
-0.25200000000000017
0.12500000000000006
0.03300000000000011
-0.03400000000000053
-0.04200000000000001
0.028000000000000212
0.16400000000000012
0.011000000000000003
0.0
0.0
0.0
0.0
-0.17300000000000013
-0.5650000000000004
-0.06900000000000003
-0.33800000000000024
-0.2810000000000002
-0.078
-0.01799999999999982
-0.1500000000000001
0.04300000000000003
-0.01800000000000001
0.0
0.0
0.0
