0.006
0.0
0.0
0.0
0.0
0.0
0.0
0.0
0.0
0.0
0.0
0.0
0.0
0.0
0.0
0.0
0.0
0.0
0.0
0.0
0.0
0.0
0.0
0.0
0.0
0.0
0.0
0.0
0.0
0.0
0.0
0.0
0.0
0.0
0.0
0.0
0.0
0.0
0.0
0.0
0.0
0.0
0.0
0.0
-0.01
-0.005
-0.008
0.0
0.0
0.0
0.0
0.0
0.0
0.0
0.0
0.0
0.0
0.0
0.0
0.0
0.0
0.0
0.0
0.0
0.0
0.0
0.0
0.0
0.0
-0.006
-0.005
-0.003
-0.014
-0.009000000000000001
0.007
0.002
0.012
-0.003
-0.001
0.0
0.0
0.0
0.0
0.0
0.0
0.0
0.0
0.0
0.0
0.0
0.0
0.0
0.0
0.0
0.0
0.0
0.0
0.0
-0.008
-0.017
-0.014
-0.021000000000000005
-0.005
-0.021000000000000005
-0.014999999999999998
-0.004
-0.007000000000000001
-0.018000000000000002
-0.013000000000000005
-0.01
0.0
0.0
0.0
0.0
0.0
0.0
0.0
0.0
0.0
0.0
0.0
0.006
0.004
0.003
0.002
0.002
-0.009000000000000001
-0.001
-0.011
0.001
-0.003
0.011000000000000001
0.008
0.021000000000000005
-0.016999999999999994
0.006
0.0
0.003
-0.005
0.012
-0.002
-0.002
-0.002
0.0
0.0
0.0
0.0
0.0
0.0
0.0
0.01
0.008
0.010000000000000002
0.001
0.005
0.024000000000000007
0.015000000000000001
0.003
0.008999999999999998
-0.005
-0.024000000000000007
-0.006000000000000002
0.017
-0.014000000000000002
0.034000000000000016
-0.001
0.004
0.015999999999999997
0.02700000000000001
0.006
0.002
-0.006
-0.008
0.0
0.0
0.0
0.0
0.0
0.002
0.005
0.021000000000000005
-0.005
0.008
-0.002000000000000001
-0.001
0.020000000000000004
-0.011000000000000001
9.999999999999974E-4
-0.027000000000000017
-0.03400000000000002
0.015999999999999993
-0.01
-0.012999999999999994
0.03600000000000002
0.0040000000000000105
0.015999999999999993
0.009000000000000001
0.023
0.022000000000000006
0.031000000000000014
0.03900000000000002
-0.01
-0.008
0.0
0.0
0.0
0.0
0.003
0.013
0.017
-0.001
-0.020000000000000004
0.010000000000000012
9.999999999999992E-4
0.019000000000000003
-0.011000000000000001
-0.011000000000000017
-0.023
-0.04500000000000003
-0.002000000000000007
-0.02900000000000002
-0.023
-3.469446951953614E-18
-0.019000000000000003
-0.001
0.010000000000000002
0.013000000000000003
-0.006999999999999999
0.022000000000000006
0.012000000000000007
0.003
-0.004
0.0
0.0
0.0
0.0
-0.004
0.009000000000000001
0.014
-0.020000000000000004
-0.009999999999999995
-0.02500000000000001
-0.004999999999999999
-0.005
0.022
-0.022000000000000013
-0.009000000000000006
-0.06200000000000004
-0.021999999999999992
-0.03900000000000003
-0.027000000000000017
0.009999999999999998
-0.016
-0.008999999999999998
0.015999999999999986
0.015000000000000001
0.020999999999999998
-0.012999999999999998
0.008
0.001
-0.008
0.0
0.0
-0.006
-0.002
-0.001
0.013000000000000003
-0.01
-0.008
0.010000000000000002
-0.007
-0.033000000000000015
0.017
0.008
0.016999999999999987
-0.022
-0.018999999999999982
-0.013000000000000015
-0.013000000000000001
0.006999999999999997
-0.0019999999999999974
0.018000000000000002
0.003999999999999997
-0.007
-0.01
-0.005
-0.007000000000000002
0.0
0.01
0.0
0.0
0.0
0.0
-0.001
-0.001
0.004
-0.018999999999999996
-0.007
-0.02900000000000002
0.006999999999999993
-0.017000000000000008
0.003999999999999997
-0.019999999999999997
0.011000000000000006
-0.024000000000000007
-0.03800000000000003
-0.0070000000000000045
-0.007999999999999993
0.00899999999999999
-0.005000000000000002
0.0059999999999999975
-0.004
-0.006000000000000004
-0.003000000000000002
0.009000000000000006
-0.005
0.011000000000000001
0.0
0.0
0.0
0.0
0.0
-0.001
0.002
0.003
-0.020000000000000004
-0.020000000000000004
0.030000000000000013
0.016000000000000007
0.06600000000000004
0.013999999999999999
-0.0020000000000000018
0.0059999999999999975
0.006000000000000007
-0.03300000000000002
0.017999999999999995
0.0069999999999999975
-0.001
0.012000000000000004
-0.026000000000000002
-0.014000000000000002
-0.00699999999999999
0.010000000000000012
-0.03600000000000002
-0.017
-0.020000000000000004
0.0
0.0
0.0
0.0
0.002
-0.003
-0.001
0.011000000000000003
0.024000000000000007
-0.012000000000000005
0.014
-0.019000000000000003
0.006000000000000007
0.045000000000000026
0.03800000000000002
0.03200000000000001
0.008
-0.007000000000000007
-0.003999999999999993
0.03400000000000002
-1.734723475976807E-18
0.033000000000000015
-2.6020852139652106E-18
0.00899999999999999
-0.011999999999999993
0.012
-0.021000000000000005
-0.020000000000000004
-0.009000000000000001
0.0
0.0
0.0
0.0
0.001
-0.003
0.003
0.011
0.010999999999999998
0.04700000000000003
0.006000000000000007
0.011999999999999993
0.02800000000000001
0.06100000000000004
0.020999999999999998
0.020000000000000004
0.019999999999999997
-0.017999999999999995
-0.009000000000000001
0.055000000000000035
0.02100000000000002
0.02500000000000001
0.004
0.015999999999999986
0.031000000000000014
0.002
-0.005
-0.008
0.005
-0.002
0.0
0.0
0.0
0.002
-0.003
0.007
0.012000000000000002
0.01
0.018000000000000002
-0.002999999999999986
-0.0029999999999999844
0.011
0.015999999999999986
0.01800000000000001
-0.008000000000000004
0.008
-0.022000000000000006
0.014999999999999993
0.03200000000000002
0.016000000000000007
0.028000000000000004
0.004
0.023000000000000007
0.009999999999999998
0.014
0.013000000000000001
0.0
-0.013000000000000001
-0.006
0.0
0.0
0.0
0.0
0.002
0.006
-0.02800000000000001
-0.002
0.02600000000000001
0.031000000000000028
0.014000000000000026
-0.007000000000000002
0.00799999999999999
0.023000000000000013
0.024
-0.017
-0.0029999999999999966
0.010000000000000005
-0.0019999999999999966
0.016000000000000007
0.014999999999999996
0.018000000000000002
0.021000000000000005
0.010000000000000002
0.020000000000000004
0.003
-0.003
-0.008
0.009
0.0
0.0
0.0
0.0
0.0
0.002
0.002
-0.009000000000000001
0.021000000000000005
0.01000000000000001
0.021999999999999992
0.031000000000000007
0.004999999999999997
0.022000000000000006
0.01999999999999999
0.06400000000000004
-0.002
0.020000000000000004
0.04900000000000004
0.027000000000000017
-0.013999999999999999
0.0020000000000000052
0.003999999999999999
-0.01
0.013999999999999995
0.02600000000000001
0.02500000000000001
-0.007
-0.001
0.0
0.0
0.0
0.0
0.0
-0.016
-0.021000000000000005
-0.017000000000000008
0.005999999999999993
-0.0040000000000000036
-0.007
-0.021999999999999992
0.013
-0.016
-0.011000000000000012
0.02700000000000001
0.012000000000000005
0.028000000000000018
0.013999999999999986
0.007000000000000007
0.011999999999999997
0.015999999999999986
-0.004
-0.031000000000000014
-0.024
0.008000000000000002
0.008000000000000002
-0.002
0.007
0.0
0.0
0.0
0.0
-0.002
-0.017
-0.011000000000000003
-0.013999999999999995
-0.029000000000000012
0.015000000000000001
0.005000000000000002
0.01900000000000001
-0.011999999999999985
-0.01
0.005000000000000007
-0.0019999999999999983
-0.001000000000000013
0.011000000000000006
-0.01900000000000001
0.005999999999999983
-0.040000000000000015
-0.018999999999999996
-0.023
-0.010000000000000002
-0.008
-0.012000000000000002
-0.021000000000000005
-0.006
0.014
0.0
0.0
0.0
0.0
-0.006
-0.005
-0.011000000000000001
-0.004
-0.02500000000000001
-0.043000000000000024
-0.011999999999999999
-0.0069999999999999975
-0.03500000000000002
-0.019000000000000003
-0.0010000000000000035
0.02600000000000001
0.006000000000000007
-0.01
-0.021000000000000005
-0.016
-0.018000000000000002
-0.0020000000000000044
-0.003000000000000008
-0.013000000000000001
-0.016999999999999994
-0.012
-0.016
-0.006
0.0
0.0
0.0
0.0
0.0
-0.002
-0.004
-0.002
-0.009000000000000001
-0.011000000000000005
-0.03900000000000002
-0.008000000000000002
-0.008000000000000002
-0.014
-0.006000000000000005
-0.027000000000000003
0.015999999999999986
-0.011000000000000001
0.009000000000000005
-0.010000000000000012
3.469446951953614E-18
-0.013000000000000001
-0.021000000000000005
0.004999999999999997
0.003
-0.012
0.001
-0.007
0.0
0.0
0.0
0.0
0.0
0.0
-0.004
-0.004
-0.006
-0.009000000000000001
-0.02600000000000001
-0.005
-0.020000000000000004
-0.013000000000000003
-0.03800000000000002
-0.033000000000000015
-0.02600000000000001
6.938893903907228E-18
3.469446951953614E-18
-0.015000000000000001
-0.010000000000000005
0.0
-0.005000000000000005
0.020000000000000004
0.022000000000000006
0.011000000000000001
0.002
0.001
-0.007
0.0
0.0
0.0
0.0
0.0
0.0
0.0
0.0
0.0
-0.006
-0.015
9.999999999999992E-4
-0.03600000000000001
-0.009000000000000001
-0.023000000000000007
-0.011000000000000003
-0.012999999999999987
-0.022
-0.03400000000000001
-0.012000000000000007
0.023000000000000007
0.002
0.009000000000000001
-0.003
-0.002
0.014
0.003
0.008
-0.006
0.0
0.0
0.0
0.0
0.0
0.0
0.0
-0.002
-0.001
-0.002
0.005
-0.009000000000000001
0.021000000000000005
-0.01
-0.016000000000000007
-0.02800000000000001
-0.022000000000000006
-0.003
-0.016
-0.022000000000000006
0.015
0.019999999999999997
0.007000000000000001
0.010999999999999996
0.006000000000000002
0.016
0.003
-0.001
0.004
0.0
0.0
0.0
0.0
0.0
0.0
0.0
-0.002
-0.001
-0.002
0.006
-0.019000000000000003
0.02800000000000001
-0.002
0.013000000000000001
0.02800000000000001
-0.013000000000000006
0.013000000000000001
0.030000000000000013
-0.016999999999999994
0.004
0.008999999999999998
-0.013000000000000001
0.0029999999999999975
0.014000000000000002
0.008
0.005
0.005
0.006
0.0
0.0
0.0
0.0
0.0
0.0
0.0
0.0
0.0
-0.003
-0.015000000000000001
-0.02800000000000001
-0.02600000000000001
-0.0020000000000000052
0.0
-0.04600000000000003
-0.017000000000000008
-0.030000000000000013
0.0
-0.001
-0.02600000000000001
-0.01800000000000001
-0.030000000000000013
0.005
-0.007000000000000001
0.015000000000000001
0.0
0.0
-0.002
0.0
0.0
0.0
0.0
0.0
0.0
0.0
0.0
0.0
0.0
-0.001
-0.009000000000000001
0.004
-0.009000000000000001
-0.016000000000000004
-0.022000000000000006
-0.016
-0.017
-0.02600000000000001
-0.03500000000000002
-0.014000000000000002
-0.015
-0.019000000000000003
-0.012
-0.003
0.0
0.0
0.0
0.0
0.0
0.0
0.0
0.0
0.0
