0.7910000000000006
0.0
0.0
-0.003
-0.4290000000000003
-0.7910000000000006
-1.1720000000000228
0.8620000000000007
0.2650000000000002
-0.11500000000000009
0.31200000000000017
0.11200000000000886
-0.04599999999997697
-0.18100000000000016
-0.011000000000001078
-0.08799999999998848
-0.06400000000000547
-0.013000000000000005
-0.045000000000000456
-0.004000000000000451
-0.06600000000000834
-0.07600000000005458
0.12600000000000505
0.1419999999999968
-0.05600000000000195
0.3580000000000001
0.28000000000000014
0.2380000000000001
0.12199999999998053
0.09899999999999444
0.18300000000000044
-0.19200000000000006
-0.2260000000000001
-1.0809999999999917
-0.09799999999998443
0.004000000000000848
-0.20500000000000013
-0.027000000000000076
-0.01999999999999301
0.0419999999999985
-0.3170000000000002
-0.002
-0.5780000000000004
-0.010999999999997335
-0.21800000000000003
-0.2619999999999999
-0.2259999999999992
-0.10900000000000004
-0.23400000000000018
0.0
