14.809999999999729
0.0
0.0
0.0
0.0
0.0
-1.0300000000000007
-1.9700000000000015
-2.0000000000000013
-3.170000000000002
-0.12000000000000001
-0.060000000000000005
-0.01
0.0
0.0
0.0
0.0
0.0
0.0
-2.5600000000000014
-1.8400000000000014
-13.159999999999847
-13.569999999999824
-2.8099999999998193
-3.5900000000000003
-6.310000000000089
-9.290000000000067
1.1999999999999997
0.0
0.28000000000000014
0.0
0.0
0.0
6.0900000000000505
-2.4900000000000286
3.4199999999999466
3.4999999999999725
-6.259999999999907
2.899999999999878
-1.9199999999999944
1.3500000000000039
-0.4900000000000019
6.840000000000394
2.2099999999999698
2.939999999999989
-3.280000000000022
0.0
1.480000000000001
5.140000000000027
-5.409999999999953
-1.279999999999994
1.5300000000000018
-5.13000000000076
-1.9399999999999937
-2.540000000000411
-0.9399999999999733
1.5600000000000043
1.4899999999999982
1.0500000000000012
-4.859999999999867
-2.70000000000002
0.0
-0.9700000000000006
-3.1100000000000687
6.220000000000061
-3.6400000000002253
-1.9000000000000217
-1.2399999999999995
-3.879999999999877
-1.4000000000000008
-1.15
-2.520000000000524
-4.329999999999876
0.9899999999999973
-0.6100000000000007
-0.02
0.0
-1.0000000000000007
-8.88999999999989
-3.1100000000000176
3.0099999999998124
0.9899999999999807
-0.7100000000000067
-4.950000000000235
2.0399999999999645
2.9899999999986386
-0.12999999999998693
3.6000000000000445
-8.31000000000022
-3.7699999999999636
-3.1299999999999772
1.280000000000001
0.27999999999999836
4.470000000000039
0.5700000000000057
2.769999999999852
1.4400000000000044
4.95000000000022
0.13999999999997897
-1.190000000000013
1.9299999999997248
1.8899999999999983
-0.23999999999998886
0.32000000000000184
-8.150000000000048
-0.7400000000000004
1.280000000000001
0.7799999999999998
-2.159999999999986
0.6599999999999845
-0.820000000000001
3.109999999999567
2.1399999999999335
2.1199999999999886
4.259999999999522
1.5700000000000056
2.5100000000000544
1.8700000000000043
-5.589999999999943
7.7199999999998585
1.0400000000000007
0.0
-3.0199999999999796
-3.290000000000259
0.4499999999999692
4.730000000000213
-2.1599999999999344
-0.2499999999999872
2.7200000000006352
3.1699999999997166
-1.2000000000000073
-0.16999999999998427
0.24
6.160000000000045
-9.40999999999985
-0.27000000000000013
0.0
-1.6300000000000012
-4.620000000000296
0.24999999999999345
-0.8299999999999947
-3.3400000000000607
-1.0499999999999974
1.119999999999999
0.09999999999999293
-0.16000000000001047
-3.8400000000005208
-0.8100000000000084
-5.270000000000101
-3.609999999999967
0.0
0.0
-0.03
-0.6500000000000001
-3.1099999999997765
-2.3700000000000316
-0.45999999999999286
-3.4000000000001562
-2.819999999999901
-3.2900000000008203
0.49000000000002314
2.9699999999999513
0.8299999999999975
0.37000000000000177
-2.7999999999999843
0.0
0.0
-0.02
-2.5199999999999902
-5.159999999999934
-1.1899999999999962
2.2299999999999947
-4.150000000000869
2.5400000000002767
0.5800000000000217
0.4400000000000085
-1.880000000000002
-5.120000000000019
2.0100000000000002
0.24000000000000007
0.0
0.0
-0.02
0.0
-4.569999999999963
-7.990000000000003
-1.4000000000000001
-6.989999999999931
-4.600000000000054
-4.1000000000002315
-4.630000000000183
-4.6199999999999655
-0.4299999999999997
4.000000000000009
0.0
0.0
0.0
