-24154.86400446224
0.0
0.0
0.0
0.0
0.0
0.0
0.0
0.0
0.0
0.0
0.0
0.0
0.0
0.0
0.0
0.0
0.0
0.0
0.0
0.0
0.0
0.0
0.0
0.0
0.0
0.0
0.0
0.0
0.0
0.0
0.0
0.0
0.0
0.0
0.0
0.0
-19.97399999999981
-29.965000000000728
-19.97600000000143
-79.92599999999513
-29.98700000000073
-59.92200000002727
-19.97400000000143
-79.91399999999516
-79.90700000000076
-59.94200000000186
-39.94900000000023
-39.95000000000286
-19.975999999999807
-9.987999999999904
0.0
0.0
0.0
0.0
0.0
0.0
0.0
0.0
0.0
0.0
0.0
0.0
0.0
0.0
-19.975999999999807
-79.90399999999518
-69.9159999999976
-119.88000000000415
-229.7720000005115
-319.623000000437
-409.5330000005445
-709.1749999961778
-868.973999991607
-1148.5649999850411
-1298.3539999807824
-1488.1409999765465
-1248.4599999821453
-878.9339999908406
-519.3629999996816
-229.72300000047957
-109.87499999994672
-29.962000000000728
-19.975999999999807
0.0
0.0
0.0
0.0
0.0
0.0
0.0
0.0
0.0
-39.95600000000287
-99.89599999998147
-189.7830000002356
-329.6450000003743
-599.2949999980395
-968.8889999891312
-1608.2149999742062
-2167.5659999673326
-2906.7669999949258
-3815.716000033207
-4624.795000152511
-4624.673000166358
-4325.067000113018
-3465.966000032787
-2537.165999983397
-1468.3839999774557
-639.3299999967617
-319.63800000052726
-139.8499999999917
-99.88199999994862
0.0
0.0
0.0
0.0
0.0
0.0
0.0
0.0
-0.01
-159.8400000000806
-359.57600000084545
-549.3269999997029
-1208.5939999840448
-2227.5759999698193
-3676.075000017714
-5064.76600025277
-6942.807000633569
-9050.332001078199
-10678.720001424119
-11307.766001558835
-11247.935001547565
-10668.505001420044
-8520.965000979255
-6163.4920004786945
-3975.8970000173686
-2207.80399996601
-879.1549999914637
-559.4709999996066
-269.7250000005569
-79.9379999999951
0.0
0.0
0.0
0.0
0.0
-19.975999999999807
-49.96500000000693
-109.8899999999467
-509.41000000076565
-539.4239999982523
-1568.362999974932
-2797.0129999955348
-4435.30300014314
-6713.330000609931
-9100.87200111435
-11698.211001654176
-14425.21500222272
-16363.416002635184
-18021.308002966518
-17561.7530028748
-16003.350002550707
-13106.605001956168
-10579.39000139852
-6383.847000540286
-3806.317000034154
-2157.94199996581
-1058.9989999873474
-589.4269999983627
-359.63000000070224
-139.86399999993972
0.0
0.0
0.0
0.0
-19.97399999999981
-59.95600000002731
-329.61500000068867
-669.3469999962421
-1688.3099999723872
-3016.8799999990088
-4675.265000193775
-6963.108000667592
-10449.823001378945
-12817.491001894357
-15574.31300246992
-19909.654003340496
-22576.449003896687
-22146.86900384086
-22616.38500390931
-19659.884003316653
-16033.806002578534
-12767.43300188387
-9021.15800108343
-5834.456000407821
-2947.157000013101
-1788.228999969723
-919.0149999898381
-639.2559999971954
-209.79600000032565
-79.94399999999509
0.0
-19.97399999999981
-39.95000000000286
-39.946000000002854
-219.79200000038756
-749.2469999950927
-1448.4999999778079
-2817.0769999889
-4485.574000136307
-7282.620000695173
-10319.71800134433
-12927.044001907527
-16802.810002693328
-21038.304003547615
-23515.471004074738
-25283.351004446722
-25992.284004592915
-24523.96600430162
-23195.611004013932
-19369.955003233805
-15444.234002427718
-11788.26700165048
-7163.045000702398
-4525.619000155383
-3096.9269999928865
-1648.2799999732974
-1048.8579999880342
-279.72300000054105
-69.97900000001142
0.0
-19.97399999999981
-29.959000000000728
-109.8559999999895
-549.422999999952
-1298.520999981523
-2247.549999972471
-3945.8290000333864
-5873.827000419591
-8771.199001018862
-11568.409001622318
-14914.864002315557
-17941.45800294711
-19989.322003377474
-21996.930003784695
-23265.41200403994
-23714.6130041283
-22735.885003934916
-21167.99700361473
-19210.07300321248
-16093.689002564824
-11978.12400171828
-8322.0050009558
-5894.177000410821
-3136.8990000116946
-1678.3849999715844
-1108.84999998642
-349.698000000876
-59.978000000027336
0.0
-19.97399999999981
-69.90400000001152
-239.72100000044688
-559.3559999988688
-1508.2979999766467
-2816.897999993659
-4165.592000092863
-5953.8740004740375
-8721.169001047887
-11897.897001706328
-15114.557002367008
-17152.51500279201
-18600.916003081424
-19869.319003329918
-20688.144003492383
-20897.797003536423
-20378.3390034401
-19409.763003252356
-17851.401002933664
-15244.552002397459
-11698.507001662074
-8012.152000893255
-5274.936000297897
-3146.9029999895433
-1738.292999971527
-769.2159999948262
-189.8560000001976
-19.981999999999804
0.0
0.0
-39.94400000000023
-179.78600000021126
-449.4599999994783
-1238.590999982417
-2417.521999980873
-3776.1020000654576
-5664.365000412055
-8411.709000977076
-12367.436001772536
-13736.030002096762
-16003.681002539328
-16992.606002725315
-17531.44600282691
-18770.504003077214
-18500.8760030488
-18341.00500303094
-18351.03500302912
-17012.778002757772
-14445.15700222016
-11418.69800158499
-7592.615000783844
-4515.799000128342
-2148.2079999659045
-959.2649999902762
-309.7720000005632
-49.96500000000693
0.0
0.0
0.0
-39.94400000000285
-99.88799999998147
-419.51000000025516
-1138.7899999851973
-1828.2909999683623
-3117.0050000188385
-5005.19900025511
-8371.843000932591
-10759.239001463144
-12737.251001882867
-15064.74400233229
-15484.574002417068
-16962.5770027106
-17791.84100290062
-18181.314002998253
-18920.394003143458
-19389.94600321781
-16802.907002700988
-13656.185002060953
-10209.907001340287
-6823.4970006157
-3516.717000008708
-1358.9169999802666
-649.6239999975052
-219.85400000035477
-39.96500000000288
-19.975999999999807
0.0
0.0
19.97399999999981
-79.9039999999952
-369.5830000006496
-829.1759999929673
-1159.0639999834364
-2717.5079999901677
-4825.493000191907
-7553.022000780239
-10469.862001398467
-12967.06300191368
-13836.139002116253
-15284.547002398469
-18051.285002949673
-18560.944003094468
-20029.13100339109
-21067.848003587103
-20369.06800342234
-16403.198002638837
-12986.8660019273
-9620.273001211524
-6104.026000455948
-2877.3609999911982
-1099.204999985695
-459.8049999995792
-249.83300000050852
-30.01000000000073
-19.975999999999807
0.0
0.0
9.986999999999904
-19.980999999999806
-289.7170000005528
-509.53999999969255
-869.5059999909587
-1778.7539999698981
-4416.265000088079
-6893.816000654499
-10310.142001356317
-12557.407001837493
-14915.216002317477
-17651.957002872612
-20858.01700353353
-20269.008003474795
-22136.733003847807
-22875.94300397011
-20768.548003526546
-16572.89000266596
-12697.077001849339
-8311.995000944598
-5075.154000257323
-2517.8259999796587
-1109.18999998554
-569.7049999987757
-249.81400000053756
-39.99800000000292
0.0
0.0
0.0
19.97399999999981
-9.997000000000114
-99.98099999998139
-409.67600000054443
-609.7939999977043
-1349.5319999808364
-4076.65999999315
-7233.472000675275
-10369.960001358664
-12517.54500182267
-15364.886002402445
-18950.76300313795
-21127.81600362084
-21996.97100383179
-24493.695004314995
-23595.08800410737
-20099.206003397503
-16742.734002691068
-12047.604001712662
-7672.656000806907
-4935.432000216134
-2307.8919999748355
-1279.0329999817427
-559.7509999986125
-279.7780000005187
-59.976000000027334
0.0
0.0
0.0
0.0
19.97399999999981
-99.92199999994854
-359.7150000007024
-679.8289999965281
-1429.3719999792017
-4306.4859999971
-7383.1340006816245
-9810.755001243786
-12377.974001785282
-15894.143002480596
-19020.060003143408
-19949.02900339727
-21826.8190037843
-24393.625004267044
-22186.739003807223
-19010.579003175077
-16193.360002568588
-11618.22700163129
-8431.813000959002
-5335.070000318879
-3137.1650000132413
-1818.456999969152
-689.5099999946141
-309.72800000041315
-69.96600000001143
0.0
0.0
0.0
0.0
-39.962000000002874
-229.7840000004166
-589.5209999981263
-1259.0859999821855
-2178.635999967115
-4376.429000070457
-7023.759000648507
-9870.61500125778
-12717.750001839579
-15324.538002379764
-17002.098002760835
-19399.44000326949
-21237.319003647328
-22245.961003822857
-20058.96100337055
-17821.492002916362
-14734.872002293703
-12467.442001795218
-9040.848001095192
-6104.18300049352
-3876.266000040163
-2127.908999966518
-1019.0649999876931
-399.61700000025047
-59.960000000027314
0.0
0.0
0.0
0.0
-59.93800000002729
-389.58300000051594
-1278.7419999821816
-2218.06799997053
-3756.73600004678
-5694.765000393985
-7622.8540008164555
-9900.72100129814
-13446.65500199645
-14515.377002243318
-16382.903002635527
-18970.04400316293
-20338.18000344044
-19838.995003339976
-19639.71000327031
-16662.872002688397
-15514.137002434265
-13176.572001941175
-9360.577001180933
-6583.374000598439
-4415.793000125347
-2477.588999983051
-1338.73299998031
-489.47999999968914
-99.88599999994861
-19.975999999999807
0.0
0.0
0.0
-119.87799999990202
-649.2709999975135
-1698.173999971716
-3336.659000029145
-5744.495000405195
-7922.172000861332
-9760.382001243277
-11818.295001681383
-13576.584002066818
-14824.85400232777
-16912.416002745056
-18510.31800307066
-19658.786003302906
-19179.704003203045
-19459.748003235374
-16762.616002714567
-15803.731002499333
-13386.352001992473
-10139.801001318641
-6313.638000556034
-4485.61600015062
-2697.401999990698
-1458.5819999777234
-509.47500000076576
-99.8919999999486
-59.952000000027304
0.0
0.0
0.0
-169.82400000014704
-829.1049999923027
-2377.4699999793183
-4305.54100013315
-7052.952000700017
-9670.201001230767
-11817.894001664241
-13975.927002126848
-15883.8370025337
-17042.21100277872
-17661.211002918237
-20178.29800341002
-20797.95000353509
-20018.99100337563
-19469.579003244577
-16792.834002723335
-15923.561002517654
-12337.441001785784
-9090.96500111707
-6243.823000516752
-3706.4790000588837
-2317.8059999730935
-1288.7419999820097
-389.579000000868
-19.97399999999981
-39.97600000000289
0.0
0.0
0.0
-119.86200000000414
-1028.8079999882207
-2277.5809999770477
-4825.056000231708
-8081.703000908717
-10579.29200143489
-13685.884002052844
-16403.218002618167
-17871.492002943673
-19030.144003187983
-20877.947003554516
-22256.135003832875
-21676.869003723594
-20128.84000341209
-18780.59100312383
-17072.563002759543
-14045.626002136478
-10369.754001394862
-8211.811000909502
-4995.110000261619
-3116.9640000127756
-1888.1259999673837
-968.962999989557
-369.61000000080446
-19.995999999999796
0.0
0.0
0.0
0.0
-99.87399999998148
-759.1179999947817
-2277.5109999698952
-4325.472000119457
-7692.0930008259365
-10639.259001452025
-13745.767002086917
-17132.630002782324
-19469.68300327095
-22006.864003775583
-23205.234004019552
-23295.340004044774
-21377.613003672643
-19899.371003360386
-17632.068002876054
-14785.313002275687
-11119.194001527076
-8251.982000926937
-5764.407000407134
-3996.033000032695
-2227.8219999686057
-1039.0029999873939
-559.4319999988669
-99.91200000004724
-39.961000000002876
0.0
0.0
0.0
0.0
-79.89799999999519
-429.4980000010041
-1388.5119999799456
-3316.5800000032355
-6273.609000496475
-9560.216001195553
-12836.700001892248
-15643.907002484608
-18730.649003118386
-19979.493003380856
-20788.434003545382
-20438.76600347154
-19050.5960031871
-16873.04600272831
-13527.040002034833
-10559.932001405276
-7982.756000857508
-5155.43100028216
-3666.585000008789
-2078.0939999646644
-1178.9249999841888
-529.4659999998692
-359.6210000007022
-99.92399999998143
-19.995999999999796
0.0
0.0
0.0
0.0
-39.95000000000286
-189.76700000019719
-759.2379999951426
-1818.18799996969
-3906.1520000139267
-6883.035000605275
-9750.070001231481
-13166.32500194026
-15583.893002452622
-16323.011002626923
-17162.420002786155
-16173.379002587983
-14944.772002325248
-12278.001001764893
-9361.18100116343
-6903.685000622409
-4715.815000144319
-2727.6799999866366
-1618.582999973928
-779.3309999929139
-469.5959999999357
-99.95800000001437
-79.92599999999513
-19.977999999999806
0.0
0.0
0.0
0.0
0.0
0.0
-59.936000000027285
-279.7690000005855
-719.3809999956608
-1758.3009999707533
-3256.7180000091353
-4745.20500020472
-6593.189000592529
-8650.982001011273
-9500.064001201708
-10449.061001372651
-9210.460001147005
-8521.29100097502
-6833.289000627545
-5095.169000268043
-3656.536000021477
-2247.834999970771
-1278.974999981744
-789.3409999927962
-439.5989999991644
-279.7740000005633
-69.96900000002523
19.981999999999804
0.0
0.0
0.0
0.0
0.0
0.0
0.0
-19.981999999999804
-29.98100000000073
-299.77800000058596
-719.3539999952774
-1508.482999976551
-2157.7579999683135
-2926.832000016381
-3685.8690000861375
-4534.8830001700735
-4574.941000172798
-4255.390000102358
-3815.870000039419
-2806.903999999914
-2287.4569999773753
-1807.9629999687418
-1618.160999974194
-699.2389999947217
-539.4619999990192
-299.67100000041046
-209.79700000029098
-29.93900000000073
-19.959999999999816
0.0
0.0
0.0
0.0
0.0
0.0
0.0
0.0
-39.96600000000288
-119.90299999995307
-349.6380000006132
-669.237999996451
-988.820999988277
-1348.387999979942
-1817.8589999686344
-2067.535999964205
-2027.6219999638681
-1638.023999972814
-1638.0249999733196
-1618.0939999741956
-1098.6479999854566
-958.8579999889898
-719.1999999958572
-269.7270000005492
-229.75800000047977
-159.82800000017158
-69.94699999999763
-59.920000000027265
0.0
0.0
0.0
0.0
0.0
0.0
