1.1839999999999804
0.0
0.0
-0.35600000000000026
-0.4190000000000003
-0.36600000000000027
-0.35200000000000026
-0.48000000000000037
0.47400000000000037
-0.8560000000000006
0.4190000000000003
0.11700000000000893
-0.0689999999999297
-0.16999999999999693
0.10900000000000098
-0.004999999999988734
-0.0030000000000018987
-0.4220000000000003
-0.1210000000000026
-0.028000000000006096
-0.07000000000000625
-0.08000000000000038
0.13200000000000578
0.09600000000001056
-0.12399999999999964
0.028999999999999485
0.06399999999999478
0.24200000000000016
0.06400000000000024
0.09599999999997347
0.11000000000000072
0.023999999999994144
-0.12100000000000005
-0.2630000000000002
-0.1339999999999909
-0.04300000000001959
-0.14300000000000063
-0.06100000000001225
-0.01599999999999788
-0.08499999999998956
0.10600000000000001
-0.004
-0.4020000000000003
-0.1009999999999999
-0.2889999999999997
-0.22500000000000064
-0.1359999999999789
-0.01199999999999921
0.4850000000000003
0.0
