0.35400000000000026
0.0
0.0
0.0
0.0
0.0
-0.009000000000000001
-0.027000000000000017
-0.19000000000000014
-0.3080000000000002
0.0
0.0
0.0
0.0
0.0
0.0
0.0
0.0
0.0
0.0
-0.003
-0.21200000000000016
-0.10900000000000007
-0.24700000000000016
-0.2820000000000002
-0.2990000000000002
-0.1480000000000001
0.2420000000000002
0.0
-0.5600000000000004
0.0
0.0
0.0
0.2710000000000002
-0.022000000000000026
-0.2090000000000001
9.999999999999037E-4
0.06700000000000039
-0.2350000000000002
-0.013000000000000029
-0.16600000000000012
0.4280000000000003
0.17800000000000013
-0.028000000000000067
0.3600000000000003
-0.1540000000000001
0.0
-0.05400000000000004
0.17700000000000013
-0.21100000000000016
0.2110000000000002
-0.1770000000000001
-0.06900000000000003
-0.026999999999999545
-0.22800000000000012
-0.05799999999999984
0.12700000000000009
0.08000000000000002
0.2810000000000002
-0.0060000000000000496
-0.030000000000000013
0.0
-0.05000000000000004
-0.03900000000000001
-0.20600000000000013
-0.18600000000000014
-0.04200000000000059
-0.24700000000000016
-0.1730000000000001
-0.10799999999999993
-0.04900000000000031
-0.20500000000000015
-0.19300000000000014
-0.08200000000000013
0.29600000000000015
0.0
0.0
-0.11800000000000009
-0.3470000000000003
0.052999999999999964
-0.028999999999998947
0.15400000000000005
-0.1200000000000001
-0.22200000000000014
0.11500000000000038
0.19900000000000015
0.004000000000000517
0.12000000000000002
-0.16100000000000012
-0.20800000000000016
-0.03900000000000003
0.0
-0.34500000000000025
0.5780000000000004
0.1410000000000001
0.08500000000000009
0.25600000000000017
0.4140000000000003
-0.018000000000000106
-0.08600000000000002
0.3130000000000002
0.21400000000000016
0.07200000000000005
0.0469999999999996
-0.5420000000000004
-0.19800000000000015
0.0
-0.3160000000000002
0.056999999999999953
0.15600000000000014
0.10400000000000008
0.057000000000000065
-0.03100000000000057
0.06499999999999982
0.3010000000000002
0.060000000000000026
0.10599999999999946
-0.02799999999999971
0.31900000000000023
-0.2990000000000002
-0.017000000000000008
0.0
-0.19000000000000014
-0.35900000000000026
-0.16299999999999976
0.2820000000000002
-0.10400000000000006
-0.1449999999999997
0.22100000000000017
0.23300000000000018
0.0079999999999993
0.18300000000000008
0.029999999999999864
0.01599999999999961
-0.4100000000000003
0.008
0.0
-0.10800000000000008
0.004000000000000209
-0.047000000000000014
-0.08500000000000006
-0.2800000000000002
-0.11200000000000007
-0.05599999999999994
0.12200000000000008
-0.09300000000000001
-0.4090000000000003
-0.13200000000000012
-0.47700000000000037
-0.11900000000000009
0.0
0.0
0.0
-0.2590000000000002
-0.01999999999999998
-0.2940000000000002
-0.1440000000000001
-0.24000000000000019
-0.03200000000000022
-0.23000000000000015
0.03200000000000025
0.5110000000000003
0.24300000000000016
0.12400000000000005
0.05400000000000004
0.0
0.0
-0.015000000000000006
-0.09900000000000007
-0.17600000000000013
0.23400000000000018
0.32300000000000023
-0.2830000000000002
0.043999999999999664
-0.08599999999999915
0.1750000000000001
-0.25600000000000017
0.01800000000000023
0.21100000000000016
0.002
0.0
0.0
-0.015000000000000006
-0.001
-0.4030000000000003
-0.7440000000000005
-0.3350000000000003
-0.21100000000000016
-0.18200000000000013
-0.1360000000000001
-0.2930000000000002
-0.24400000000000016
0.07800000000000028
-0.12800000000000009
0.0
0.0
0.0
