-27825.179005209982
0.0
0.0
0.0
0.0
0.0
0.0
0.0
0.0
0.0
0.0
0.0
0.0
0.0
0.0
0.0
0.0
0.0
0.0
0.0
0.0
0.0
0.0
0.0
0.0
0.0
0.0
0.0
0.0
0.0
0.0
0.0
0.0
0.0
0.0
0.0
0.0
0.0
-19.981999999999804
-9.990999999999902
-59.960000000027314
-39.97900000000021
-69.9260000000115
-59.937000000001866
-69.9310000000115
-109.87599999994673
-49.941999999990614
-79.90700000000076
-49.943000000006926
-59.93400000002728
-39.95600000000022
-29.967000000000727
-19.977999999999806
0.0
0.0
0.0
0.0
0.0
0.0
0.0
0.0
0.0
0.0
-19.979999999999805
0.0
-19.977999999999806
-59.94000000002729
-59.941000000001864
-99.90900000001434
-239.78600000053822
-339.6620000003015
-569.4289999990248
-879.0989999917791
-1128.8129999854793
-1498.3959999766405
-1798.0799999691544
-1788.1249999694166
-1518.4079999761902
-939.0129999895603
-489.47699999968916
-259.72500000057164
-109.88399999994671
-19.979999999999805
0.0
0.0
0.0
0.0
0.0
0.0
0.0
0.0
0.0
0.0
-39.95600000000287
-99.89599999998147
-199.80000000029872
-309.6960000003383
-769.2299999942875
-1078.9289999862629
-1838.2399999686272
-2437.655999978276
-3266.8550000167306
-4165.972000066535
-5095.018000255422
-5045.009000267461
-4725.34000020327
-3756.238000046756
-2767.3479999885367
-1468.5939999774505
-679.419999995928
-299.72200000046865
-189.86600000019763
-79.92599999999513
0.0
0.0
0.0
0.0
0.0
0.0
0.0
-19.977999999999806
-29.98900000000073
-209.81900000032576
-469.55700000090695
-989.0709999896674
-1568.490999975281
-2767.478999986279
-4316.105000076495
-5884.677000422343
-7803.092000817286
-10120.65300129787
-12098.878001705334
-12808.186001863633
-12808.157001862202
-12018.991001691635
-9691.269001211047
-7013.72500065123
-4356.199000085715
-2697.7949999740244
-1089.1929999861022
-859.3279999925389
-369.69800000064964
-99.91999999994853
0.0
0.0
0.0
0.0
0.0
-19.979999999999805
-79.9379999999951
-229.80600000038504
-629.401999997514
-939.2919999891126
-1918.385999966156
-3496.837000030653
-5175.304000301572
-7653.443000803415
-10930.599001482122
-13748.027002072042
-17134.86600276994
-19702.709003305376
-21251.043003620904
-20601.701003488306
-18193.97400299996
-14846.8740023196
-11929.771001687346
-7643.591000797421
-4426.3760001261435
-2408.0739999721204
-1219.0249999834114
-689.4569999962181
-369.6630000008046
-139.87399999993977
0.0
0.0
0.0
0.0
0.0
-139.8969999999919
-429.65800000057925
-829.387999991963
-2218.2269999691043
-3516.9730000347345
-5615.23500039626
-8462.775000969623
-11780.00600166256
-15187.146002374515
-18703.886003102263
-23509.26000407648
-26046.667004612213
-25846.770004595197
-26006.60600460263
-22579.986003913644
-19123.17700319939
-14787.391002297803
-10021.495001301153
-6834.447000617049
-3607.0680000354027
-2088.1729999650715
-1288.807999981258
-659.321999996348
-189.8510000002359
-59.978000000027336
0.0
-19.977999999999806
-39.95800000000287
-59.94000000002729
-279.7590000005187
-879.2879999919318
-1798.4119999696845
-3526.89200001346
-5595.2040003649345
-8682.473000995467
-12089.552001707732
-15416.49700240848
-19782.66700330413
-24578.09600427956
-27645.268004921658
-29263.431005262424
-29952.492005400076
-28304.192005071156
-26625.976004715394
-22480.19300386743
-18034.28800294998
-13238.65300194887
-8702.655001003464
-5165.727000288408
-3456.95600001361
-1988.185999965316
-1138.9549999857998
-269.77700000055495
-59.99800000002736
0.0
-19.977999999999806
-29.965000000000728
-119.87099999995309
-549.5019999996988
-1488.5829999771854
-2537.6909999850623
-4406.059000110165
-7223.604000695636
-10370.890001357086
-13538.186002030521
-17404.82700282637
-21371.00200364546
-23938.737004179646
-25417.192004488235
-26905.677004782123
-27335.0040048623
-26326.185004661213
-24288.284004251265
-22050.471003791987
-18643.85500308087
-13788.206002082343
-9521.967001198083
-6734.36900058107
-3487.100000024062
-1738.577999970249
-1079.0449999867717
-339.75000000089415
-39.996000000002915
0.0
-19.977999999999806
-69.9200000000115
-219.76800000035436
-509.50399999996085
-1468.6409999774494
-2967.3059999987795
-4985.549000233335
-7253.6660007308765
-10600.648001426762
-14147.767002165652
-18234.088002997112
-20152.276003410272
-21850.731003747824
-23169.487003999977
-23528.79200407211
-23428.882004050633
-23139.027003999377
-21660.82000371672
-20471.85200346653
-17634.658002876593
-13048.908001946755
-8962.554001087925
-5775.4240003988
-3367.3429999994205
-1608.7279999742798
-769.3429999950029
-149.89900000001194
0.0
0.0
0.0
-39.955000000000226
-159.8320000001261
-399.60100000006474
-1338.7229999802073
-2587.76399998617
-4226.349000105112
-6874.060000650963
-9971.469001303336
-14907.065002290417
-16945.16800274134
-18693.710003097112
-20082.380003356404
-20001.95600333479
-21071.259003544295
-20941.373003535733
-20651.626003500405
-21011.483003567497
-19523.076003267885
-16735.40800268558
-13188.702001943157
-8532.91600097022
-4696.333000175917
-2338.2959999701475
-969.3509999899753
-219.82800000042084
-49.97700000000694
0.0
0.0
0.0
-39.954000000002864
-119.89499999990198
-369.6600000003398
-1099.0409999860756
-1978.4159999648764
-3607.062000037325
-6344.667000523181
-9801.808001240728
-13088.612001933903
-15666.434002477215
-17594.668002860042
-18444.29200301704
-19492.964003227033
-20102.497003365796
-20522.105003470664
-21880.8040037413
-21930.422003741965
-20022.54200335117
-15856.173002512573
-12239.51700174267
-7953.394000835372
-3986.852000014164
-1509.0559999767204
-639.6859999974013
-249.89100000047966
-39.985000000002906
-19.979999999999805
0.0
0.0
19.975999999999807
-89.91399999996148
-269.76500000055296
-789.3239999938462
-1339.055999979271
-3427.3130000177284
-5415.666000339862
-8882.82100105885
-12679.21800184382
-15436.751002427212
-16535.718002668866
-18343.94600301905
-20411.872003437875
-21321.29900364936
-23419.318004073622
-23978.410004186215
-23768.93800411597
-19182.965003205143
-15556.33800244945
-11160.150001522456
-6854.313000612656
-3247.512000006554
-1349.1579999799237
-549.7909999991892
-229.86700000041697
-30.00400000000073
-19.979999999999805
0.0
0.0
9.987999999999904
-0.003
-239.83800000050812
-579.5689999986888
-849.6579999907236
-2158.7409999685246
-5086.210000236765
-8233.565000934712
-12519.418001805481
-15146.732002370438
-17864.64400292521
-20521.891003462584
-23568.65400409662
-23539.110004135855
-25776.84200458536
-26575.846004721952
-24128.485004210685
-19622.514003282417
-15146.603002352856
-10241.331001327819
-5805.206000403355
-2808.008999991702
-1109.3319999850387
-599.7139999977993
-239.85000000050815
-39.99200000000291
0.0
0.0
0.0
19.975999999999807
-9.990000000000107
-99.98999999998139
-429.72700000057927
-549.9799999979283
-1629.447999974317
-4926.454000163388
-9092.622001048841
-12209.685001747885
-14857.23700230584
-18124.45900296916
-22320.315003822776
-24357.925004283457
-25487.01400453942
-28004.302005029454
-27145.448004830738
-23608.910004107955
-19452.659003246987
-14726.821002256418
-9322.148001142454
-5845.230000401151
-2987.704999999185
-1429.0129999780504
-619.7369999969393
-279.82900000051853
-59.978000000027336
0.0
0.0
0.0
0.0
19.975999999999807
-79.97599999999501
-399.78000000080846
-540.1169999984918
-1979.0119999668868
-4846.607000112448
-9142.644001036855
-11590.393001609873
-14297.770002180312
-18274.242002969237
-21640.59900368316
-23009.45900401535
-24847.38700439748
-28134.045005022683
-25257.268004436402
-21910.642003763216
-18633.399003071227
-14167.53500214739
-9921.522001267791
-6394.751000530076
-3477.2180000376165
-2148.3329999670896
-869.4819999908003
-329.748000000374
-89.95599999998217
0.0
0.0
0.0
0.0
-59.9460000000273
-199.86500000029906
-569.6169999987777
-1219.330999982724
-2358.703999971549
-4816.668000170383
-8043.783000869971
-11500.500001594055
-14847.706002272847
-17344.930002796886
-19522.71500326922
-21960.11700378595
-24097.948004220514
-25726.274004525483
-23109.02300398975
-20761.440003513497
-17404.612002838436
-14747.229002264685
-10490.843001404144
-7393.74000075247
-4456.227000128186
-2368.010999978111
-1199.0479999835118
-479.62100000031376
-89.9359999999822
0.0
0.0
0.0
0.0
-89.91399999998224
-449.61100000061936
-1348.9289999804412
-2418.19599997899
-4166.867000068919
-6644.8570005804095
-8932.830001089142
-11590.666001651853
-15466.741002419007
-16655.59500268731
-18503.528003070147
-21041.03200358782
-22938.963003969573
-22489.58800388087
-22270.179003812787
-19702.494003301614
-18273.9920030023
-15736.200002473925
-11460.094001610409
-8142.921000915362
-5445.322000322329
-2887.6749999996596
-1338.9229999800993
-519.5429999996774
-129.87999999992007
-19.9859999999998
0.0
0.0
0.0
-129.87999999992007
-669.3829999966538
-1848.3429999679865
-3786.8400000605934
-6514.644000560283
-8882.473001061875
-11340.427001567059
-13938.02000211903
-15137.014002399173
-17074.899002786333
-19422.561003249888
-21260.4920036238
-22179.636003821368
-21740.198003732505
-22809.49900391769
-19832.436003335748
-18513.67800306046
-16065.835002544407
-12209.435001745582
-7473.49800080499
-5325.482000319787
-3257.2350000042206
-1528.7589999761826
-449.592000000391
-99.92199999994853
-59.96400000002732
0.0
0.0
0.0
-139.8799999999918
-779.2809999934468
-2677.53099999524
-5055.483000288323
-8112.991000918385
-11230.2270015459
-13917.805002087533
-16126.093002565076
-18044.114002971433
-19642.627003298436
-20171.530003422606
-22689.092003922837
-23628.435004113304
-22899.365003965882
-22559.71800387681
-19622.695003297395
-18503.64800305134
-14876.921002305886
-11030.551001509231
-7483.624000771874
-4516.180000164957
-2737.6959999862884
-1408.8039999791865
-389.6470000006921
-39.97400000000289
-39.97800000000289
0.0
0.0
0.0
-89.914000000003
-999.0149999889561
-2827.371999996911
-5784.80000042186
-9481.649001195443
-12269.286001781573
-15915.897002510164
-19063.044003154653
-20271.972003431987
-21870.380003761275
-23878.391004162528
-25266.843004446073
-25127.19600442211
-23598.791004115894
-21900.591003761885
-19912.566003339714
-16745.360002686677
-12649.309001854459
-9472.012001177702
-6124.807000482208
-3566.880000040396
-2188.1759999685764
-1019.0479999881002
-389.66000000069215
-29.99000000000073
0.0
0.0
0.0
0.0
-89.90499999998225
-779.2119999945116
-2567.559999975182
-5195.263000285597
-8962.091001085784
-12279.16500178603
-15925.860002532509
-19922.440003347372
-22550.019003895453
-25437.26000447305
-26705.823004732065
-26765.84800475032
-25267.34000445416
-23079.454004006824
-21041.53200356702
-17784.706002883548
-13109.066001941284
-9861.890001259422
-6974.254000655822
-4645.99400014247
-2377.9039999753345
-1348.8329999804434
-619.4449999976151
-189.83800000027415
-59.96100000002732
0.0
0.0
0.0
0.0
-59.93400000002728
-459.53900000099475
-1508.5739999768234
-3736.6410000242618
-7333.500000714033
-10920.341001478091
-14956.705002320501
-18233.98200301368
-21780.813003741216
-23269.518004053774
-23898.862004183015
-23759.007004145467
-21760.88300374325
-19632.941003294938
-15896.738002527263
-12489.807001808309
-9282.855001144031
-6265.22800051474
-4416.449000096417
-2647.83699997613
-1328.881999980893
-599.5179999982647
-389.6510000006921
-119.90899999995304
-39.972000000002886
0.0
0.0
0.0
0.0
-39.95600000000287
-299.71000000070296
-849.2239999926852
-2048.241999964152
-4505.998000101195
-8122.782000853006
-11529.830001595219
-15156.52000235506
-17894.038002930607
-18963.155003164786
-19722.667003312476
-18823.41100312918
-17574.6080028593
-14797.403002278337
-11510.586001594767
-8423.424000930816
-5735.698000359709
-3317.509000004962
-1898.5739999671825
-859.354999991413
-449.6270000001625
-179.91500000021188
-59.96200000002732
-39.96000000000287
-19.979999999999805
0.0
0.0
0.0
0.0
0.0
-79.94399999999509
-299.7850000005273
-689.4259999960184
-2008.280999965131
-3816.6570000270367
-5914.6990004331665
-8052.739000890396
-9861.140001270425
-10950.164001493327
-11849.26200165201
-10710.39100144851
-9871.338001258857
-8242.89100090693
-5994.989000444522
-3956.8440000345845
-2488.0529999778073
-1269.080999982018
-829.4629999914615
-589.4829999978929
-219.83100000038777
-89.9469999999822
19.97399999999981
0.0
0.0
0.0
0.0
0.0
0.0
0.0
-19.983999999999803
-69.96400000001145
-209.8360000003605
-879.2679999919322
-1748.4759999706218
-2687.527999994039
-3696.574000049718
-3996.154000113368
-4805.306000224561
-4865.292000232887
-4805.4530002074225
-4535.698000139925
-3406.674000038662
-2857.2770000019877
-2207.9119999705404
-1788.334999969875
-799.2539999926776
-569.5359999978097
-409.5920000001541
-239.7860000004472
-69.90600000001152
-19.97199999999981
0.0
0.0
0.0
0.0
0.0
0.0
0.0
0.0
-19.9859999999998
-79.94300000000074
-489.5600000007131
-799.2539999930232
-1308.694999980925
-1668.3349999725933
-1878.148999966985
-2237.7199999706127
-2097.9189999655678
-1987.9789999648347
-2077.90299996466
-1948.0289999663057
-1328.6949999804815
-1009.0289999879789
-739.3539999952196
-299.71500000035167
-229.79600000051158
-189.81700000031236
-99.92499999998144
-59.93200000002728
0.0
0.0
0.0
0.0
0.0
0.0
