0.3100000000000001
0.0
0.0
0.0
0.0
0.0
0.0
0.0
0.0
0.0
0.0
0.0
0.0
0.0
0.0
0.0
0.0
0.0
0.0
0.0
0.0
0.0
0.0
0.0
0.0
0.0
0.0
0.0
0.0
0.0
0.0
0.0
0.0
0.0
0.0
0.0
0.0
0.0
0.0
0.0
-0.060000000000000005
-0.060000000000000005
0.0
0.0
-0.03
-0.07
-0.060000000000000005
-0.01
0.0
0.0
0.0
0.0
0.0
0.0
0.0
0.0
0.0
0.0
0.0
0.0
0.0
0.0
0.0
0.0
0.0
0.0
0.0
0.0
0.0
-0.07
-0.07
-0.060000000000000005
-0.13999999999999999
-0.16
-0.05
0.07
0.09
0.0
0.0
-0.02
-0.02
-0.01
0.0
0.0
0.0
0.0
0.0
0.0
0.0
0.0
0.0
0.0
0.0
0.0
0.0
0.0
-0.09
-0.10999999999999999
-0.19000000000000003
-0.04
-0.09
-0.18000000000000002
-0.3200000000000001
-0.4100000000000002
-0.25000000000000006
-0.09
-0.04
-0.20000000000000004
-0.12999999999999998
-0.12999999999999998
0.07
0.0
0.0
0.0
0.0
0.0
0.0
0.0
0.0
0.0
0.0
0.10999999999999999
0.09999999999999999
0.05
0.010000000000000004
-0.060000000000000005
-0.04
-0.05
-0.019999999999999997
-0.16
0.06000000000000001
0.020000000000000004
0.05000000000000001
-0.2900000000000001
-0.060000000000000005
-0.03
-0.019999999999999997
0.2800000000000001
0.09
0.16
-0.04
-0.04
-0.04
0.0
0.0
0.0
0.0
0.0
0.0
0.0
0.10999999999999999
0.16
0.11999999999999998
-0.10999999999999999
0.34000000000000014
0.019999999999999997
0.060000000000000005
0.15
-0.11999999999999998
-0.07
0.020000000000000004
-0.04
0.11999999999999998
-0.07
0.12999999999999998
-0.15
0.16
0.09999999999999999
0.36000000000000015
0.05
-0.09
-0.10999999999999999
-0.03
0.0
0.0
0.0
0.0
0.0
-0.060000000000000005
0.15
0.08
-0.019999999999999997
-0.11999999999999998
0.16
-0.18000000000000002
-0.020000000000000004
-0.009999999999999997
0.05
-0.03
-0.4400000000000002
0.22000000000000006
-0.019999999999999997
-0.24000000000000005
0.21000000000000005
-0.060000000000000005
0.12999999999999998
0.2700000000000001
0.26000000000000006
0.15
0.2800000000000001
0.3000000000000001
-0.04
-0.03
0.0
0.0
0.0
0.0
-0.05
0.15
0.11999999999999998
0.10999999999999999
-0.21000000000000005
0.3900000000000002
0.04
0.020000000000000004
-0.24000000000000005
-0.009999999999999997
-0.35000000000000014
-0.4200000000000002
-0.12999999999999998
-0.3100000000000001
-0.09
-0.009999999999999997
-0.18000000000000002
0.13999999999999999
0.3000000000000001
0.060000000000000005
0.060000000000000005
0.15
0.2700000000000001
0.060000000000000005
-0.03
0.0
0.0
0.0
-0.01
-0.08
0.060000000000000005
-0.04
0.10999999999999999
-0.05
-0.3900000000000002
0.010000000000000004
-0.060000000000000005
0.08
-0.3300000000000001
0.020000000000000004
-0.48000000000000026
0.03
-0.23000000000000004
-0.13999999999999999
-0.020000000000000004
-0.09
-0.060000000000000005
0.05
-0.060000000000000005
0.08
-0.08
0.16
-0.020000000000000004
-0.07
0.0
0.0
-0.01
-0.02
0.0
-0.030000000000000006
0.07
0.13999999999999999
0.09999999999999999
-0.060000000000000005
-0.2800000000000001
0.10999999999999999
-0.15
0.26000000000000006
-0.3000000000000001
-0.4300000000000002
-0.010000000000000004
-0.009999999999999997
-0.21000000000000005
-0.24000000000000007
0.16
-0.05
-0.09999999999999999
-0.25000000000000006
0.09999999999999999
-0.04
-0.020000000000000004
-0.060000000000000005
0.0
0.0
0.0
0.0
-0.01
-0.17
-0.18000000000000002
-0.34000000000000014
-0.15
-0.07
-0.25000000000000006
-0.019999999999999997
0.15
-0.09
0.09
0.020000000000000004
-0.5500000000000003
0.13999999999999999
-0.060000000000000005
0.09
0.060000000000000005
-0.07
-0.04
0.04000000000000001
-0.060000000000000005
0.17
-0.03
0.10999999999999999
-0.02
0.0
0.0
0.0
0.0
0.02
-0.07
-0.06000000000000001
-0.03
-0.08
0.3000000000000001
0.25000000000000006
0.5500000000000003
-3.469446951953614E-18
-0.22000000000000006
0.15
0.21000000000000002
-0.5300000000000002
0.060000000000000005
0.019999999999999997
-0.09
-0.019999999999999997
0.04
0.12999999999999998
-0.07
0.03
-3.469446951953614E-18
-0.09999999999999999
-0.12999999999999998
-0.01
0.0
0.0
0.0
0.03
0.03
-0.09999999999999999
0.17
0.38000000000000017
-0.17
0.3000000000000001
-0.21000000000000005
-0.020000000000000004
0.03
0.11999999999999998
0.36000000000000015
0.11999999999999998
0.22000000000000006
0.020000000000000004
0.36000000000000015
0.05
-0.09
0.10999999999999999
-0.11999999999999998
-0.16
0.019999999999999997
3.469446951953614E-18
-0.09
-0.22000000000000006
-0.09999999999999999
0.0
0.0
0.0
0.03
0.02
-0.09999999999999999
0.10999999999999999
0.13999999999999999
0.24000000000000007
0.060000000000000005
0.3200000000000001
0.2900000000000001
0.7000000000000004
0.22000000000000003
0.21000000000000002
0.25000000000000006
-0.05
-0.05
0.2800000000000001
0.25000000000000006
0.3000000000000001
0.04
0.09999999999999999
0.3000000000000001
-0.19000000000000003
-0.019999999999999997
-0.09999999999999999
-0.10999999999999999
-0.10999999999999999
0.0
0.0
0.0
0.03
0.03
-0.05
0.20000000000000004
-0.13999999999999999
0.3300000000000001
0.03
-0.09
0.08
0.25000000000000006
0.13999999999999999
0.08
-0.010000000000000004
-0.22000000000000003
0.020000000000000004
0.16
0.13999999999999999
0.020000000000000004
0.34000000000000014
0.34000000000000014
0.24000000000000005
0.20000000000000004
-0.15
-0.010000000000000004
-0.04
-0.05
0.0
0.0
0.0
0.0
0.03
-0.07
-0.05
-0.15
0.16
0.3300000000000001
0.060000000000000005
-0.15
0.16
0.20000000000000004
0.22000000000000003
-0.009999999999999997
0.11999999999999998
0.26000000000000006
-0.22000000000000006
0.060000000000000005
-0.019999999999999997
0.09
-0.15
-0.5200000000000002
0.03
-0.010000000000000004
-0.16
-0.05
-0.01
0.0
0.0
0.0
0.0
0.0
-0.22000000000000006
-0.09999999999999999
0.20000000000000004
-0.19000000000000003
0.09
0.4800000000000002
0.060000000000000005
-0.030000000000000006
0.15
-0.18000000000000002
0.25000000000000006
0.11999999999999998
0.20000000000000004
0.6500000000000004
0.24000000000000005
0.060000000000000005
0.060000000000000005
0.24000000000000007
0.2700000000000001
0.11999999999999998
0.3300000000000001
0.19000000000000003
-0.26000000000000006
-0.01
0.0
0.0
0.0
0.0
0.0
-0.11999999999999998
-0.3200000000000001
0.03
-0.09
0.10999999999999999
0.21000000000000002
-0.20000000000000004
-0.09
-0.3200000000000001
0.11999999999999998
0.15
-0.030000000000000006
0.3100000000000001
0.12999999999999998
0.16
0.16
0.10999999999999999
-0.08
-0.26000000000000006
-0.35000000000000014
0.03
0.019999999999999997
-0.05
-0.030000000000000006
0.0
0.0
0.0
0.0
-0.01
-0.12999999999999998
-0.10999999999999999
0.04000000000000001
-0.26000000000000006
-0.07
0.019999999999999997
-0.030000000000000006
-0.09999999999999999
0.08
0.13999999999999999
0.3100000000000001
0.05
0.18
-0.060000000000000005
-0.23000000000000004
-0.3000000000000001
0.04
-0.26000000000000006
0.05
-0.18000000000000002
-0.18000000000000002
-0.2800000000000001
-0.03
-0.030000000000000006
0.0
0.0
0.0
0.0
-0.01
-0.09
-0.3100000000000001
-0.019999999999999997
-0.08
-0.5800000000000003
-0.19000000000000003
-0.12999999999999998
-0.35000000000000014
-0.19000000000000003
0.04
0.26000000000000006
0.04
0.22000000000000003
-0.04
-0.04
0.04000000000000001
-0.019999999999999997
-0.23000000000000004
-0.13999999999999999
-0.21000000000000005
-0.21000000000000005
-0.10999999999999999
-0.03
0.0
0.0
0.0
0.0
0.0
0.0
-0.01
-0.05
-0.09999999999999999
3.469446951953614E-18
-0.22000000000000006
0.05000000000000001
-0.09999999999999999
-0.009999999999999997
3.469446951953614E-18
-0.5000000000000002
-0.15
-0.19000000000000003
0.34000000000000014
0.24000000000000005
0.07
-0.23000000000000004
-0.09
0.09
-0.11999999999999998
-0.060000000000000005
-0.05
-0.08
0.0
0.0
0.0
0.0
0.0
0.0
0.0
0.0
-0.03
-0.19000000000000003
-0.20000000000000004
-0.19000000000000003
-0.35000000000000014
-0.3000000000000001
-0.37000000000000016
-0.16
-0.22000000000000003
-0.23000000000000004
0.18000000000000002
-0.08
0.04000000000000001
-0.13999999999999999
-0.13999999999999999
0.19
0.2700000000000001
-0.07
0.04000000000000001
-0.019999999999999997
-0.07
0.01
0.0
0.0
0.0
0.0
0.0
0.0
0.0
-0.01
-0.07
-0.2800000000000001
-0.05
-0.2800000000000001
0.030000000000000006
-0.21000000000000005
-0.07
-0.21000000000000002
-0.12999999999999998
-0.4200000000000002
-0.16
0.19000000000000003
0.22000000000000006
-3.469446951953614E-18
0.2800000000000001
0.03
-3.469446951953614E-18
0.10999999999999999
-0.009999999999999997
-0.009999999999999997
0.01
0.0
0.0
0.0
0.0
0.0
0.0
0.0
-0.03
-0.04
-0.03
-0.03
0.07
0.23000000000000004
-0.03
0.04
-0.18000000000000002
-0.03
-0.08
0.03
-0.23000000000000004
0.3300000000000001
-0.2800000000000001
-0.09999999999999999
-0.060000000000000005
0.08
-0.09999999999999999
-0.04000000000000001
0.04
0.0
0.0
0.0
0.0
0.0
0.0
0.0
0.0
-0.02
-0.05
0.04
-0.26000000000000006
-0.05
-0.030000000000000006
-0.3000000000000001
3.469446951953614E-18
-0.020000000000000004
0.020000000000000004
0.09
-0.15
-0.13999999999999999
0.19000000000000003
-0.13999999999999999
-0.07
0.05
0.16
-0.08
-0.05
0.0
0.0
0.0
0.0
0.0
0.0
0.0
0.0
0.0
-0.02
-0.04
-0.24000000000000007
-0.24000000000000007
-0.2900000000000001
-0.019999999999999997
-0.25000000000000006
-0.45000000000000023
-0.34000000000000014
-0.3200000000000001
-0.05
-0.09999999999999999
-0.11999999999999998
-0.17
-0.17
0.05
-0.019999999999999997
-0.019999999999999997
-0.13999999999999999
0.060000000000000005
0.09999999999999999
0.0
0.0
0.0
0.0
0.0
0.0
0.0
0.0
0.0
0.0
-0.07
-0.09999999999999999
-0.02
-0.02
-0.09
-0.09999999999999999
-0.07
-0.16
-0.3100000000000001
-0.23000000000000007
-0.20000000000000004
-0.2900000000000001
-0.20000000000000004
-0.04
-0.13999999999999999
-0.10999999999999999
-0.10999999999999999
-0.04
0.0
0.0
0.0
0.0
0.0
0.0
