23.0200000000008
0.0
0.0
0.0
0.0
0.0
-0.04
-1.370000000000001
-2.6700000000000017
-1.2200000000000006
-1.1000000000000005
0.0
0.0
0.0
0.0
0.0
0.0
0.0
0.0
-2.4400000000000013
-1.8100000000000014
-8.729999999999878
-2.7899999999999463
-5.7000000000000846
-6.179999999999522
-3.5200000000000915
-6.069999999999946
2.840000000000033
0.0
-7.86999999999992
0.0
0.0
0.0
1.9800000000000015
4.67999999999993
3.059999999999919
0.7799999999999888
-2.4299999999999793
-1.3099999999999903
2.629999999998903
-2.269999999999947
2.130000000000024
1.459999999999726
1.0000000000000173
1.55000000000001
-6.769999999999901
0.0
0.8400000000000005
13.309999999999937
-5.989999999999835
-2.600000000000052
0.06000000000001054
-2.1200000000012955
-2.1399999999999966
-2.0000000000000036
0.5200000000000173
0.9000000000000161
0.14999999999994773
0.45000000000000684
-1.0800000000000014
3.609999999999922
0.0
-6.619999999999956
0.36000000000000437
1.7400000000000015
-2.380000000000204
-1.6699999999999513
-1.359999999999998
-3.1900000000009685
-1.3600000000000017
-2.0599999999999254
-1.3799999999999955
-0.8600000000000166
1.0999999999999415
-3.239999999999524
-0.01
0.0
-7.0399999999998855
-4.919999999999538
-0.3699999999999973
0.8600000000000236
0.5799999999999832
-0.9099999999999957
-4.340000000001154
2.6199999999995183
1.2400000000000264
1.3500000000000014
-0.38000000000001144
-1.159999999999996
-5.059999999999961
-5.009999999999938
1.1600000000000008
-0.03000000000000063
3.5000000000002247
-1.519999999999992
0.02000000000000042
1.3799999999998793
2.1700000000001305
0.09000000000001618
-0.4900000000000028
0.8199999999998819
1.3300000000000005
2.2199999999997115
-1.1400000000000021
-1.6299999999999883
-1.8700000000000014
1.1600000000000008
-1.320000000000001
-1.9399999999999065
2.4799999999990834
-0.26999999999999524
1.8199999999999967
0.9799999999999647
1.9900000000000027
1.1900000000000113
3.909999999999292
-0.4400000000000051
0.19000000000001316
0.11000000000000355
2.7599999999999736
-1.0600000000000007
0.0
-8.309999999999867
-1.869999999999999
0.829999999999997
2.5000000000002993
-0.159999999999999
-0.44000000000000894
0.33999999999999453
4.1799999999993
-0.31999999999998363
1.519999999999996
0.21999999999999295
4.27000000000034
-7.349999999999982
-0.9700000000000006
0.0
-5.219999999999933
-2.050000000000029
1.2199999999999949
-2.279999999999572
-4.909999999999605
3.5700000000002117
-1.1699999999999835
0.08999999999999099
-0.24000000000002022
-2.45000000000022
-1.1899999999999984
-9.000000000000025
-0.27000000000000013
0.0
0.0
-0.30000000000000004
-4.519999999999992
-0.6600000000000029
-1.1700000000001154
-2.379999999999805
-3.960000000000215
-0.2199999999999894
-2.150000000000202
-0.21999999999998823
2.2499999999999467
3.1300000000000576
5.379999999999979
0.8400000000000005
0.0
0.0
-0.01
-6.289999999999914
-8.129999999999917
5.939999999999601
0.08000000000000188
-0.8999999999999893
0.2399999999999927
0.11000000000000236
1.8000000000000043
-1.6399999999999935
1.4499999999999988
-1.570000000000002
2.0899999999999994
0.0
0.0
-0.13999999999999999
0.0
-8.689999999999864
-10.669999999999845
-0.09999999999999987
-4.909999999999926
-1.6900000000000188
-4.470000000000374
-3.029999999999845
-3.1200000000000236
-5.230000000000078
7.41999999999993
0.0
0.0
0.0
