36.770000000001254
0.0
0.0
-3.9599999999999596
-7.330000000000121
-8.070000000000249
-2.800000000000404
-1.9199999999999766
0.38999999999999424
-9.089999999999854
3.3299999999998673
-0.14999999999995467
0.009999999999963226
-1.8299999999998826
1.340000000000361
-0.08999999999992891
-1.4600000000000917
-13.739999999999752
0.010000000000005137
-1.2099999999993287
-1.149999999999758
-0.6400000000003018
0.1899999999999326
0.21999999999997275
-1.0499999999999803
-3.6299999999999386
0.28999999999997533
1.3299999999992742
0.6400000000000153
0.8800000000006228
0.9499999999999474
-0.07000000000008523
-3.0100000000007956
-7.069999999999894
0.7499999999999527
-0.23999999999987046
-1.0399999999998544
-0.24999999999995426
-0.41999999999998716
0.5800000000000842
-1.7900000000000014
-0.10999999999999999
-2.6399999999992816
-0.03999999999999058
-1.3199999999999221
-1.690000000000041
-1.669999999999896
-2.470000000000307
5.359999999999951
-0.04
