-31025.58200586199
0.0
0.0
0.0
0.0
0.0
0.0
0.0
0.0
0.0
0.0
0.0
0.0
0.0
0.0
0.0
0.0
0.0
0.0
0.0
0.0
0.0
0.0
0.0
0.0
0.0
0.0
0.0
0.0
0.0
0.0
0.0
0.0
0.0
0.0
0.0
0.0
-19.981999999999804
-29.97300000000073
-19.982000000001438
-79.94399999999509
-39.97900000000021
-69.93600000001149
-59.94200000000186
-89.94199999998219
-139.8759999999918
-79.94100000000637
-69.9280000000115
-29.97000000000073
-39.962000000002874
-9.990999999999902
-19.981999999999804
0.0
0.0
0.0
0.0
0.0
0.0
0.0
0.0
0.0
0.0
0.0
-19.979999999999805
0.0
-19.979999999999805
-79.92599999999513
-69.93699999999762
-129.91500000003225
-289.7920000004705
-359.68100000027187
-579.4769999989293
-969.1379999898379
-1168.932999984469
-1618.5079999739298
-1998.0959999645015
-2068.0609999642516
-1588.5009999741308
-1039.0159999872606
-509.5159999996926
-229.7840000004799
-109.90299999994667
-29.973000000000727
-19.981999999999804
0.0
0.0
0.0
0.0
0.0
0.0
0.0
0.0
0.0
-39.96000000000287
-119.88799999995305
-199.8160000002988
-379.6880000000897
-879.2269999916191
-1189.0069999836746
-1968.3439999656298
-2557.8279999814436
-3527.0610000209317
-4676.0790001664955
-5805.0630003922715
-5744.9500004020965
-5285.424000317982
-4046.4530000672976
-2967.486999994702
-1548.6719999756417
-669.5119999962382
-339.7100000004198
-179.88200000017127
-99.90999999994855
0.0
0.0
0.0
0.0
0.0
0.0
0.0
-19.979999999999805
-9.971999999999916
-249.77400000050824
-459.5760000007591
-959.1689999904224
-1718.5139999719006
-2847.665999992515
-4566.3250001322385
-6574.734000553024
-8623.22700098015
-11210.917001517744
-13459.076001982841
-14438.115002193783
-14198.377002147163
-13029.263001900144
-10611.443001395528
-7554.028000759812
-4636.38500015163
-2977.8989999763485
-1139.1829999848242
-859.3899999923768
-419.6900000008674
-99.93799999994849
0.0
0.0
0.0
0.0
0.0
-19.983999999999803
-69.95400000001146
-179.8470000001711
-579.4949999984522
-859.4109999909297
-1948.4629999655158
-3537.1470000369936
-5655.503000393537
-8663.545001002529
-12140.828001726193
-15258.301002378794
-19065.04800316324
-21962.891003765642
-23601.323004099704
-22632.15200390493
-20304.113003424434
-16487.092002642097
-12920.142001886752
-8403.842000948958
-5326.207000292392
-2568.3279999769316
-1249.1589999827922
-679.5459999965349
-369.7190000008047
-99.92599999994852
0.0
0.0
0.0
0.0
-19.981999999999804
-139.8999999999919
-419.66800000066326
-859.4279999914114
-2228.3989999689297
-3597.2870000362045
-6245.351000506782
-9302.999001139886
-13390.026001985007
-16657.67300267563
-20754.163003519847
-26139.59500461231
-28966.993005206823
-28727.23900517866
-28607.35900513443
-24970.553004400055
-20744.065003531807
-16058.031002560918
-11161.797001531822
-7354.872000726738
-4007.2790000492155
-2238.375999970638
-1348.9129999799295
-769.3329999941054
-219.8360000003547
-79.94599999999508
0.0
-19.979999999999805
-39.962000000002874
-39.964000000002876
-229.83400000048013
-869.3539999922334
-1828.5899999689593
-3557.2150000203806
-5695.6920003829055
-9412.825001134557
-13419.886001978743
-17086.963002749755
-22112.848003774678
-27048.677004781315
-30825.657005565492
-32813.7820059044
-33353.05000509009
-31894.40900579812
-29776.233005356236
-25300.16400443866
-20064.61300336485
-14908.704002285225
-9503.01600116372
-5516.038000359182
-3727.2240000211714
-2098.333999965154
-1268.9469999827832
-339.7520000005384
-69.97400000001144
0.0
-19.979999999999805
-29.97000000000073
-129.88299999997608
-549.5629999996972
-1478.747999977455
-2767.8279999930787
-4646.353000164246
-7753.931000794607
-11321.347001545659
-14978.582002324089
-19235.211003199267
-23411.78000406376
-26139.55900463089
-28257.6520050658
-30045.889005423185
-30735.03100555523
-29366.461005284546
-27308.590004869402
-24690.685004331914
-20614.25100348475
-15158.47000236332
-10572.278001408062
-7174.756000674534
-3897.1740000404284
-1958.5679999651823
-1229.0289999834688
-409.71200000113055
-59.98000000002734
0.0
-19.979999999999805
-109.90799999994667
-289.74000000059385
-519.5559999994113
-1588.7159999746473
-3327.3550000110404
-5275.876000308516
-7933.974000866417
-11341.340001583409
-15428.127002427667
-19924.653003341842
-22542.572003890982
-24141.155004216398
-25739.906004526576
-26279.012004635086
-26698.853004716126
-26288.860004641025
-24600.656004314555
-23041.913003989623
-19505.098003258325
-14579.08600225357
-10012.576001298139
-6405.462000531317
-3787.3690000093593
-1808.6909999694883
-879.3569999922444
-149.90800000001198
-19.995999999999796
0.0
0.0
-79.92500000000074
-229.78400000044823
-529.5449999993455
-1548.6799999754637
-2967.7420000015177
-4796.360000216391
-7604.348000796281
-10911.814001492054
-16127.604002540369
-18845.443003123222
-20953.742003551506
-22132.773003776078
-22921.809003924667
-23891.165004118036
-24031.138004164266
-23471.47300407265
-23331.734004043858
-21793.348003729152
-18256.079002997354
-14359.289002188247
-9453.041001158668
-5366.33900030818
-2638.3469999774784
-1179.337999984999
-359.8010000005589
-49.975000000006936
0.0
0.0
0.0
-49.94700000000692
-149.87500000006037
-379.67499999992407
-1258.9969999822972
-2228.475999972605
-3987.1590000642072
-6735.129000608454
-10302.416001344678
-14059.163002134861
-17106.845002771803
-19604.903003263596
-20374.692003411783
-22012.922003739754
-22702.504003895796
-23331.90500404507
-24580.779004290922
-24870.54800433785
-22062.908003768032
-17556.604002856897
-13300.011001964749
-8823.578001011543
-4436.9350000938775
-1758.9809999707372
-759.6869999945865
-269.8520000005593
-39.9820000000029
-19.981999999999804
0.0
0.0
9.989000000000106
-109.90199999994668
-369.70700000049465
-939.2739999902894
-1509.0819999750718
-3787.5060000298695
-5995.850000447757
-9733.02500122269
-13869.576002087904
-17007.033002743512
-18336.0970030298
-20374.409003434223
-23121.871003988123
-24261.312004247753
-26289.410004661022
-27368.32200487003
-26249.67200462532
-21253.430003627425
-16956.795002736286
-12380.51700177247
-7704.302000782381
-3607.5060000123076
-1369.2429999791752
-709.725999995386
-309.80100000063834
-30.003000000000732
-19.981999999999804
0.0
0.0
-9.989000000000104
-29.968999999987812
-249.81300000056666
-619.5659999978352
-969.6859999881146
-2248.9759999725375
-5536.371000321368
-9093.710001105526
-13480.092002008654
-16807.035002707824
-19495.215003258996
-22892.28500394471
-26918.63000477225
-26479.323004738104
-28697.24500518511
-29626.249005345442
-26958.871004786262
-21603.107003689885
-16716.941002670534
-10791.961001449317
-6535.244000548586
-3158.034000002846
-1269.2949999812508
-779.6329999934385
-379.72300000058726
-39.99400000000291
0.0
0.0
0.0
19.977999999999806
9.988999999999903
-10.037999999999597
-399.7370000011805
-620.0779999973773
-1669.63999997339
-5316.738000232924
-9863.034001207598
-13399.916001985179
-16337.54800260422
-20014.827003354498
-24810.844004332426
-27348.218004892242
-28387.38200513689
-31484.41300574058
-30495.653005514738
-26169.369004629876
-21682.89100369565
-15567.830002431338
-10012.672001286257
-6455.415000525467
-3027.941000011339
-1699.0209999718586
-849.6009999918632
-309.80000000041287
-59.98200000002734
0.0
0.0
0.0
0.0
19.977999999999806
-29.987999999987785
-319.8530000009804
-650.1239999972806
-1809.4059999708459
-5406.631000211962
-9713.232001154796
-12650.846001825059
-15918.074002506573
-20524.34700342288
-24410.65000424207
-25779.680004582384
-27977.58900503885
-31674.163005746374
-28347.503005067694
-24270.93300424754
-20773.61900350066
-15378.136002391611
-10702.09000143029
-7124.953000669802
-3797.5080000474604
-2268.5509999710357
-989.4639999879824
-339.7520000003011
-69.95000000001147
0.0
0.0
0.0
0.0
-39.97600000000289
-219.87200000035486
-629.619999997509
-1219.4949999828336
-2379.0039999719284
-5186.870000233784
-8924.097001032607
-12271.22300174984
-16188.199002544145
-19545.070003235563
-21772.939003725605
-24520.51700431166
-27188.103004852594
-28576.59700511156
-25789.526004538253
-23201.663004006867
-19095.156003177468
-15957.884002510782
-11431.272001593414
-7924.229000860592
-4766.59200019111
-2508.239999985273
-1229.1819999824536
-479.66500000031374
-79.9429999999951
0.0
0.0
0.0
0.0
-69.94900000001147
-529.5770000001272
-1508.9559999765397
-2588.3709999906723
-4606.946000159383
-6815.4730006230175
-9493.36700119426
-12341.261001799932
-16557.556002638165
-18296.062003014096
-20593.89300349639
-23841.254004157636
-25869.0840045666
-25139.838004422592
-24311.057004234237
-22092.7720037803
-19814.567003314278
-17016.85000273381
-12310.663001785633
-8673.505001023934
-5745.775000391093
-3167.8100000131485
-1618.8749999735799
-569.5539999982942
-119.894999999902
-19.9899999999998
0.0
0.0
0.0
-129.89699999992015
-769.3669999942842
-2168.317999969052
-4216.841000102473
-7044.924000671957
-9812.70700124418
-12300.94500176108
-15248.52600237963
-17007.19600276942
-18995.283003175085
-21792.830003733252
-23920.8360041689
-24750.035004347177
-24340.55500425977
-25130.12900438951
-21743.0300037238
-20344.06400342947
-17316.601002801213
-13289.762001966583
-8323.665000967156
-5775.783000411572
-3527.4370000172134
-1728.7759999711457
-579.5579999986891
-109.90599999994667
-59.970000000027326
0.0
0.0
0.0
-179.85900000017114
-949.2039999895592
-3007.5720000107885
-5565.624000388502
-8903.240001077049
-12270.55200175942
-15038.41900232394
-17866.41600292301
-20154.49100340071
-21742.97600373012
-22981.57000399144
-25329.403004464104
-25979.098004597457
-25709.561004533287
-25299.878004427366
-21533.279003688036
-20334.104003422803
-16487.158002628214
-11911.015001690746
-8313.793000929527
-4796.526000220244
-2937.8769999935394
-1628.8339999740772
-489.6050000009693
-59.95400000002731
-39.980000000002896
0.0
0.0
0.0
-139.8780000000438
-1248.8809999831306
-3117.432000014313
-6365.012000538382
-10252.00500134996
-13739.28200207073
-17696.166002868227
-20933.756003538427
-22802.117003943004
-24540.669004303993
-26768.5180047519
-28257.080005056592
-27837.542004976374
-26099.262004626537
-24041.25300419771
-22032.986003772396
-18495.62100303965
-13639.793002060593
-10372.136001360874
-6575.245000568464
-3737.2180000444514
-2288.2929999720095
-1149.0839999851491
-399.6920000008083
-29.98900000000073
0.0
0.0
0.0
0.0
-129.88199999997607
-929.1669999905885
-2907.5559999858847
-5795.431000410302
-9772.412001254466
-13489.491002030481
-17766.085002901633
-21763.116003723484
-25110.35500441338
-28317.4470050584
-29546.291005315496
-29716.246005354
-27977.58400501002
-25619.749004524863
-23072.149003980998
-19505.2080032339
-14239.578002169239
-10432.381001382742
-7834.3610008190035
-4846.435000189977
-2568.117999982123
-1388.9919999793376
-649.5319999966567
-149.900000000109
-59.96200000002732
0.0
0.0
0.0
0.0
-109.89399999994669
-599.4649999989572
-1728.5859999715499
-4366.568000088611
-8073.654000870394
-12260.412001751887
-16157.258002573606
-20364.163003440568
-24231.109004236012
-25510.08800451301
-27238.603004856566
-26429.265004694233
-24860.656004365963
-21713.431003719546
-17597.158002868364
-13600.261002031553
-10242.946001324568
-6835.42700061859
-4736.795000153975
-2668.1739999833744
-1538.9509999758168
-659.6029999969696
-379.7270000005873
-119.91899999995303
-39.97600000000289
0.0
0.0
0.0
0.0
-39.964000000002876
-339.7090000007754
-1029.2499999883446
-2438.21399997092
-5305.93600026627
-9152.719001069354
-12979.756001888221
-17006.5510027294
-19954.399003348757
-21333.1480036463
-22302.678003834564
-21103.54300359385
-19425.027003240484
-16367.743002600211
-12490.924001799724
-9043.678001055216
-5956.14100039907
-3597.732000001678
-1938.7109999662694
-969.3859999886919
-559.7089999988605
-209.96100000032644
-99.95199999994846
-39.96600000000288
-19.983999999999803
0.0
0.0
0.0
0.0
0.0
-139.90999999993994
-469.7300000006643
-979.3579999892545
-2278.2869999695176
-4386.669000098446
-6544.868000566449
-8822.95900105298
-11161.122001526763
-12260.237001758582
-13489.158001985561
-12180.271001742709
-11071.366001498684
-9323.005001123947
-6585.190000570968
-4516.821000120431
-2718.134999984844
-1359.2309999797512
-949.4249999891174
-619.6409999964957
-339.8240000005383
-109.99899999994652
19.977999999999806
0.0
0.0
0.0
0.0
0.0
0.0
0.0
-19.983999999999803
-69.97600000001142
-349.78900000048174
-969.3029999898339
-2068.385999964395
-2997.6390000098227
-4086.6640000790717
-4666.11400023253
-5695.163000400504
-5395.438000349906
-5235.663000292727
-4716.065000177416
-3666.938000044229
-2967.502000015121
-2437.8669999802955
-1858.4339999681683
-939.2839999892598
-659.5219999957149
-409.68499999976314
-309.7860000007135
-49.94000000000692
-19.97399999999981
0.0
0.0
0.0
0.0
0.0
0.0
0.0
-19.999999999999794
-49.972000000006936
-129.92699999997632
-519.5740000004741
-859.2549999914155
-1438.6989999778832
-1838.3069999685504
-2247.9769999731743
-2587.627999986162
-2397.8369999795186
-2237.9709999702977
-2188.013999968798
-2098.1279999652343
-1558.6269999751064
-1218.9169999831875
-829.2969999927979
-369.7049999997196
-309.753000000338
-219.83100000045397
-109.92599999998949
-59.94200000002729
0.0
0.0
0.0
0.0
0.0
0.0
