0.5140000000000003
0.0
0.0
0.0
0.0
0.0
-0.008
-0.012000000000000004
-0.011000000000000003
-0.007
-0.004
0.0
0.0
0.0
0.0
0.0
0.0
0.0
0.0
0.0
-0.16700000000000012
-0.4070000000000003
-0.17800000000000013
-0.19700000000000015
-0.46500000000000036
-0.1540000000000001
-0.09700000000000007
0.23100000000000018
0.0
-0.5180000000000003
0.0
0.0
0.0
0.21600000000000014
-0.07200000000000008
0.016000000000000347
0.11500000000000005
0.017000000000000404
-0.05899999999999983
0.062000000000000166
-0.18400000000000016
0.3810000000000002
0.1320000000000001
-0.12599999999999995
0.5170000000000005
-0.2810000000000002
0.0
-0.06100000000000005
0.17700000000000013
-0.1380000000000001
0.14700000000000008
-0.06499999999999985
-0.05800000000000004
-0.099
-0.069
-0.019000000000000027
0.07700000000000014
0.14200000000000007
0.2420000000000001
0.10699999999999966
-0.19500000000000015
0.0
-0.18700000000000014
0.18100000000000013
0.17300000000000004
-0.14900000000000005
-0.056000000000000966
-0.03899999999999938
-0.25600000000000017
-0.02399999999999971
-0.19500000000000006
-0.03600000000000052
-0.20700000000000018
-0.01999999999999994
0.03499999999999989
0.0
0.0
-0.34700000000000025
-0.4350000000000004
-0.08300000000000005
0.12000000000000013
0.09300000000000004
0.02399999999999974
-0.17000000000000012
1.1483869410966463E-15
0.26600000000000024
0.018000000000000124
0.021000000000000886
-0.19400000000000014
-0.2630000000000002
-0.36600000000000027
0.18100000000000013
-0.00400000000000033
0.5300000000000004
0.019000000000000555
0.15400000000000008
0.1710000000000001
0.24600000000000016
0.139
-0.12100000000000002
0.06800000000000003
0.21400000000000016
0.25200000000000017
0.14199999999999996
-0.5740000000000004
-0.035000000000000024
0.18100000000000013
-0.1530000000000002
0.17400000000000007
0.10499999999999995
0.014000000000001749
0.11400000000000005
0.061
-0.03100000000000016
0.23900000000000016
0.16300000000000012
-0.017000000000002305
-0.13899999999999973
0.030999999999999944
-0.13100000000000006
0.059000000000000045
0.0
-0.6770000000000005
-0.019999999999999817
-0.07199999999999938
0.20300000000000015
-0.03199999999999827
-0.10499999999999993
0.1810000000000001
0.19200000000000014
-0.03500000000000113
0.10499999999999966
-0.01399999999999991
0.128
-0.36200000000000027
0.06400000000000004
0.0
-0.013000000000000001
-0.3320000000000002
-0.007999999999999757
-0.09400000000000006
-0.25500000000000017
-0.01999999999999995
-0.2200000000000002
0.06699999999999919
-0.07899999999999999
-0.2930000000000002
-0.1310000000000001
-0.43600000000000033
-0.16000000000000011
0.0
0.0
0.0
-0.07900000000000003
0.29500000000000026
-0.5860000000000004
-0.21900000000000017
-0.22900000000000018
0.13499999999999998
-0.2990000000000002
0.15200000000000005
0.17200000000000015
-0.0069999999999992265
0.10900000000000007
-0.013000000000000015
0.0
0.0
0.0
-0.1350000000000001
-0.17100000000000012
0.2590000000000002
0.2570000000000002
-0.3050000000000002
-0.004000000000000848
-0.042999999999999095
-0.09100000000000054
-0.10099999999999992
0.19700000000000017
0.3800000000000003
0.035000000000000024
0.0
0.0
-0.037000000000000026
0.0
-0.5290000000000004
-0.8480000000000006
-0.11400000000000007
-0.2680000000000002
-0.021999999999999922
-0.06200000000000003
-0.19600000000000015
-0.20300000000000015
-0.21500000000000014
0.4150000000000003
0.0
0.0
0.0
