35.38000000000153
0.0
0.0
-8.509999999999872
-9.129999999999976
-4.770000000000545
-3.6200000000005628
-0.9600000000000006
1.239999999999971
-12.679999999999804
6.000000000000549
0.5800000000001503
-0.19999999999994417
-1.2399999999999016
0.5000000000002967
-0.13999999999995988
-0.8000000000000241
-10.03999999999983
-0.37000000000005373
-0.719999999999209
-1.6200000000000434
-0.7199999999999347
0.38999999999974444
0.1400000000000332
-1.21
-2.619999999999551
-0.5400000000001969
1.5099999999999159
0.820000000000022
0.7700000000006039
1.0599999999997016
0.09999999999997819
-1.730000000000036
-7.209999999999891
-0.0599999999999733
-0.5000000000000584
-1.6299999999999693
-0.3700000000000053
-0.439999999999949
0.28999999999995557
1.2300000000000009
-2.399999999999993
-2.8799999999995833
-0.7799999999999603
-1.9599999999995978
-1.6399999999999275
-1.1099999999999588
-3.1800000000004367
6.1099999999995465
0.0
