0.037000000000000026
0.0
0.0
0.0
0.0
0.0
0.0
0.0
0.0
0.0
0.0
0.0
0.0
0.0
0.0
0.0
0.0
0.0
0.0
0.0
0.0
0.0
0.0
0.0
0.0
0.0
0.0
0.0
0.0
0.0
0.0
0.0
0.0
0.0
0.0
0.0
0.0
0.0
0.0
0.0
-0.006
-0.006
0.0
0.0
-0.012
-0.016
-0.014000000000000002
-0.005
-0.002
0.0
0.0
0.0
0.0
0.0
0.0
0.0
0.0
0.0
0.0
0.0
0.0
0.0
0.0
0.0
0.0
0.0
0.0
0.0
0.0
-0.01
-0.007
-0.006
-0.022000000000000006
-0.016000000000000007
-0.006
-0.008
0.003
-0.012000000000000002
-0.004
-0.004
-0.002
0.0
0.0
0.0
0.0
0.0
0.0
0.0
0.0
0.0
0.0
0.0
0.0
0.0
0.0
0.0
-0.001
-0.003
-0.019000000000000003
-0.007000000000000001
-0.021000000000000005
-0.011000000000000003
-0.032000000000000015
-0.03800000000000002
-0.02700000000000001
-0.015000000000000001
0.011000000000000001
-0.009000000000000001
0.014
-0.015
0.016
0.0
0.0
0.0
0.0
0.0
0.0
0.0
0.0
0.0
0.0
0.014
0.012
0.009000000000000001
0.006
0.008000000000000002
0.005
-0.007000000000000001
-0.02500000000000001
-0.029000000000000012
0.016
0.003999999999999997
0.014000000000000009
-0.013
-0.007
0.016
-0.009000000000000001
0.04700000000000003
-0.013000000000000001
0.03500000000000002
-0.011000000000000001
-0.012
-0.01
0.0
0.0
0.0
0.0
0.0
0.0
0.0
0.014
0.016
0.011000000000000001
-0.007
0.05900000000000004
0.023000000000000007
0.019000000000000003
-0.016
0.032000000000000015
-0.0050000000000000044
-0.03800000000000003
-2.6020852139652106E-18
0.032000000000000015
-0.031000000000000014
0.06500000000000004
-0.015000000000000008
0.002999999999999999
0.018999999999999996
0.05100000000000003
0.033000000000000015
0.004
-0.012
-0.004
0.0
0.0
0.0
0.0
0.0
-0.002
0.02500000000000001
0.043000000000000024
-0.004
-0.012
0.018000000000000002
0.0010000000000000009
0.00599999999999999
-0.027000000000000017
-0.016
3.469446951953614E-18
-0.034000000000000016
0.0029999999999999758
-0.014999999999999977
-0.03200000000000001
0.03900000000000002
-1.734723475976807E-18
0.04300000000000001
0.009000000000000001
0.04100000000000002
0.031000000000000014
0.06100000000000004
0.056000000000000036
-0.024000000000000007
-0.004
0.0
0.0
0.0
0.0
0.005
0.03700000000000002
0.018000000000000002
0.010000000000000004
-0.04100000000000002
0.06200000000000004
0.023000000000000007
-0.003999999999999997
-0.023
0.014000000000000002
-0.03600000000000002
-0.06300000000000004
-0.010000000000000005
-0.04600000000000003
-0.03200000000000001
-0.01400000000000001
-0.022999999999999993
0.024
0.05000000000000003
0.009
-0.0019999999999999957
0.029000000000000012
0.008000000000000009
-0.007
-0.004
0.0
0.0
0.0
-0.001
-0.008999999999999998
0.015000000000000003
0.009999999999999998
-0.010000000000000002
-0.006
-0.037000000000000026
3.469446951953614E-18
-0.009999999999999992
-0.0070000000000000045
-0.05900000000000004
-0.031
-0.05300000000000004
0.006999999999999984
-0.08800000000000006
-0.031000000000000014
4.336808689942018E-18
-0.028000000000000018
9.99999999999993E-4
0.003999999999999997
-0.0010000000000000052
0.04200000000000002
-0.006000000000000001
-0.005
0.005
-0.012
0.0
0.0
-0.004
-0.01
-0.011
0.005
0.0010000000000000044
0.028000000000000004
0.009000000000000001
-0.03800000000000003
0.007000000000000014
0.001000000000000007
-0.0069999999999999975
0.03700000000000003
-0.06200000000000004
-0.03300000000000001
-0.032999999999999995
0.030999999999999993
0.02899999999999999
-0.021000000000000005
0.04100000000000003
-9.540979117872439E-18
0.0069999999999999975
-0.03200000000000002
-0.013
-0.013999999999999995
-0.001
0.004
0.0
0.0
0.0
0.0
-0.006
-0.015000000000000003
-0.017
-0.034000000000000016
-0.005999999999999993
-0.004000000000000017
-0.003999999999999997
0.021000000000000026
0.010000000000000012
0.008999999999999987
-0.01299999999999998
0.024999999999999994
-0.07900000000000006
-0.018999999999999982
0.010999999999999989
-0.014000000000000021
-0.013000000000000001
0.002999999999999993
0.007999999999999991
-0.016000000000000007
-0.016999999999999987
0.009000000000000001
-0.019000000000000003
0.016
-0.006
0.0
0.0
0.0
0.0
-0.008
-0.002
-0.019000000000000003
-0.027000000000000017
-0.024
0.03500000000000002
0.019000000000000003
0.08500000000000006
-0.03000000000000002
-0.001999999999999993
0.008
0.010000000000000002
-0.061000000000000026
0.023
6.071532165918825E-18
-0.012000000000000009
0.011
0.0070000000000000106
-0.010999999999999984
-0.044000000000000025
0.023000000000000007
-0.021000000000000005
-0.018000000000000002
-0.024000000000000007
-0.004
0.0
0.0
0.0
0.004
-0.002
-0.013000000000000008
0.024000000000000007
0.013999999999999999
-0.07100000000000005
0.019000000000000003
-0.015999999999999993
0.013999999999999999
0.04500000000000002
0.024
0.04400000000000002
0.030000000000000006
0.019000000000000003
-0.02100000000000001
0.06200000000000004
0.02600000000000001
0.013999999999999999
0.028000000000000018
-0.008
-0.019000000000000003
0.02600000000000001
-0.013000000000000003
-0.032000000000000015
-0.017
-0.012
0.0
0.0
0.0
0.002
0.001
-0.002
0.016000000000000007
0.026000000000000002
0.044000000000000025
-0.0029999999999999983
0.03600000000000002
0.021999999999999978
0.08700000000000006
0.039000000000000014
0.00999999999999999
0.03700000000000001
0.021999999999999985
0.005999999999999988
0.05100000000000004
0.023999999999999987
0.04200000000000003
-9.999999999999966E-4
0.027000000000000003
0.05000000000000003
-0.007000000000000002
0.013999999999999997
-0.02500000000000001
0.003
-0.014
0.0
0.0
0.0
0.004
0.0
-0.001
0.04600000000000003
0.017999999999999995
0.02900000000000002
0.0019999999999999966
-0.01799999999999996
0.04400000000000004
0.019999999999999997
0.03700000000000004
-0.005000000000000009
0.0030000000000000035
-0.029000000000000005
0.03700000000000001
-0.0029999999999999905
0.03500000000000004
0.013000000000000012
0.024000000000000014
0.05700000000000004
0.034000000000000016
0.009999999999999995
-0.018000000000000002
-0.012
-0.014
-0.014
0.0
0.0
0.0
0.0
0.004
-0.008
-0.04200000000000002
-0.024000000000000007
0.02099999999999999
0.03800000000000003
0.014999999999999996
-0.015999999999999993
0.041000000000000016
-0.00399999999999999
0.03600000000000001
-0.013999999999999981
-0.011
0.02099999999999999
-0.005
0.03700000000000002
0.01900000000000001
0.017000000000000008
0.002
-0.039000000000000014
0.030000000000000006
-0.0030000000000000035
-0.012
-0.007
-0.007
0.0
0.0
0.0
0.0
0.0
-0.02700000000000001
0.0
0.03800000000000002
0.007999999999999986
0.024
0.05100000000000003
0.031000000000000014
-0.013000000000000005
3.469446951953614E-18
0.022
0.06700000000000003
0.02700000000000001
0.049000000000000016
0.08400000000000006
0.02400000000000002
0.008999999999999998
-0.013000000000000001
0.03300000000000001
0.044000000000000025
0.006
0.07300000000000005
0.039000000000000014
-0.023000000000000007
-0.006
0.0
0.0
0.0
0.0
0.0
-0.003
-0.04200000000000002
-0.003999999999999993
0.039000000000000014
0.0010000000000000035
0.017000000000000008
-7.806255641895632E-18
-0.001000000000000006
-0.030000000000000006
-0.014000000000000005
0.004999999999999993
0.025
0.055000000000000035
9.99999999999993E-4
0.015000000000000003
0.04700000000000002
0.023999999999999994
-0.02000000000000001
-0.03600000000000002
-0.031000000000000007
0.017999999999999995
0.005
-0.014
-0.002
0.0
0.0
0.0
0.0
-0.008
-0.022000000000000006
-0.019000000000000003
-0.012000000000000012
-0.012000000000000007
0.019999999999999983
-0.013
0.008999999999999998
-0.006999999999999993
-0.007
0.009000000000000001
0.011000000000000018
0.006999999999999993
0.030000000000000013
-0.006
-0.010000000000000005
-0.03800000000000001
-0.013
-0.043000000000000024
-0.004
-0.02500000000000001
-0.033000000000000015
-0.04000000000000002
-0.012
-0.004
0.0
0.0
0.0
0.0
-0.008
-0.011000000000000001
-0.07000000000000005
-0.04000000000000002
-0.034000000000000016
-0.10300000000000008
-0.004000000000000031
-0.032000000000000015
-0.08000000000000006
-0.03700000000000001
0.022
0.05100000000000002
0.009000000000000005
0.006000000000000007
-0.033
-0.008000000000000002
-0.036000000000000025
-0.003999999999999997
-0.03200000000000002
-0.03000000000000002
-0.03000000000000002
-0.023000000000000007
-0.017
-0.012
0.0
0.0
0.0
0.0
0.0
0.0
-0.002
-0.020000000000000004
-0.02000000000000001
-0.002000000000000001
-0.06400000000000004
-0.00800000000000001
-0.021000000000000005
-0.013999999999999993
0.0040000000000000036
-0.03700000000000002
-0.008
-0.022
0.03500000000000002
0.031999999999999994
-0.030000000000000006
-0.022
-0.05100000000000003
0.004999999999999997
-0.008000000000000002
-0.032000000000000015
0.002
-0.004
0.0
0.0
0.0
0.0
0.0
0.0
0.0
-0.002
-0.006
-0.02700000000000001
-0.04800000000000003
-0.015000000000000001
-0.04000000000000002
-0.030000000000000013
-0.047000000000000035
-0.07800000000000007
-0.024
-0.03700000000000004
-0.007
0.004999999999999997
0.00899999999999998
-0.03800000000000002
-0.024000000000000014
0.03900000000000003
0.029000000000000012
-0.003
0.005000000000000001
0.014000000000000002
-0.004
0.002
0.0
0.0
0.0
0.0
0.0
0.0
0.0
-0.004
-0.018000000000000002
-0.04200000000000002
-0.005000000000000007
-0.06000000000000004
-0.004
-0.02500000000000001
0.01999999999999999
-0.016
-0.004
-0.07300000000000004
-0.03700000000000001
0.007000000000000007
0.04700000000000003
-0.008999999999999998
0.03300000000000001
0.007000000000000002
0.015000000000000001
0.023000000000000007
0.011
0.005
0.001
0.0
0.0
0.0
0.0
0.0
0.0
-0.002
-0.011000000000000001
-0.018000000000000002
-0.001
-0.016
0.029000000000000012
0.02100000000000002
-0.029000000000000005
-0.034000000000000016
-0.05500000000000003
-0.0010000000000000113
-0.016000000000000028
-9.99999999999987E-4
9.999999999999896E-4
0.043000000000000024
-0.007
-0.004999999999999997
-0.04700000000000003
0.022000000000000006
0.004
0.001
0.012
0.0
0.0
0.0
0.0
0.0
0.0
0.0
-0.004
-0.004
-0.006
0.012
-0.04000000000000002
0.02500000000000001
0.002999999999999993
-0.027000000000000017
0.017
-0.015999999999999993
0.003
0.031
0.007999999999999998
-0.027000000000000003
0.034000000000000016
-0.023000000000000007
-0.015000000000000001
0.001
0.019000000000000003
-0.010999999999999998
-0.006
0.008
0.0
0.0
0.0
0.0
0.0
0.0
0.0
0.0
-0.004
-0.004
-0.02500000000000001
-0.03700000000000002
-0.05500000000000004
0.014
0.014
-0.045000000000000026
-0.06300000000000004
-0.03700000000000002
0.003
-0.012
-0.04500000000000003
-0.03900000000000002
-0.02100000000000001
-0.002000000000000001
-0.04100000000000002
0.001999999999999999
-0.02800000000000001
0.012
0.014
0.0
0.0
0.0
0.0
0.0
0.0
0.0
0.0
0.0
-0.002
-0.007
-0.013000000000000001
0.010000000000000002
0.0
-0.017
-0.017
-0.02600000000000001
-0.05700000000000004
-0.06800000000000005
-0.045000000000000026
-0.03900000000000002
-0.043000000000000024
-0.04100000000000002
-0.012
-0.015000000000000003
-0.007
-0.011
-0.006
0.0
0.0
0.0
0.0
0.0
0.0
