0.002
0.010000000000000002
0.012
0.006999999999999999
-0.018000000000000002
0.003
-0.027
0.025
0.003999999999999998
-0.019000000000000003
-1.734723475976807E-18
0.019999999999999997
0.007
0.003
0.006000000000000001
0.015
0.004
0.019000000000000003
0.020999999999999998
0.018000000000000006
9.999999999999992E-4
-0.002
0.015
0.012
0.004999999999999999
0.005000000000000001
0.0
0.004
-0.008
-0.008000000000000004
0.0059999999999999975
-0.03899999999999999
9.999999999999992E-4
-0.020000000000000004
-0.012999999999999998
-0.023
0.009999999999999998
0.012
-0.005
0.013999999999999999
0.01
-0.016
0.003000000000000001
9.999999999999992E-4
-0.001
-0.008
-0.014000000000000002
-0.004999999999999998
-0.016
0.010999999999999992
-8.673617379884035E-19
0.026000000000000002
0.023
0.006
-0.015
-0.003
0.039
-0.024
-0.038999999999999986
-0.05800000000000001
-0.04100000000000001
-0.021000000000000005
0.0019999999999999983
0.003999999999999999
-0.004000000000000001
0.013000000000000001
-0.0010000000000000009
0.003
0.0
0.018000000000000002
-0.003000000000000002
0.005999999999999999
-0.022
0.031
0.019999999999999997
0.006
-0.003000000000000002
0.015999999999999997
0.026999999999999996
0.012
-0.008000000000000002
0.024
0.013000000000000001
0.05499999999999998
0.012999999999999998
0.026999999999999996
0.033
-0.019000000000000003
-0.029999999999999995
0.023000000000000003
0.015
-0.011
0.010000000000000002
-0.010000000000000002
0.012
0.03300000000000001
-0.003000000000000001
-0.0029999999999999975
0.012
0.015999999999999997
-0.05
-0.016999999999999994
0.004
0.006999999999999999
0.013999999999999999
-0.005000000000000001
0.003000000000000002
-0.004
0.004
0.026000000000000002
0.011000000000000001
0.010000000000000002
8.673617379884035E-19
-0.009
-0.009000000000000003
0.008
0.016999999999999994
-0.013000000000000001
0.001
-0.007000000000000002
0.016
-0.013000000000000005
0.004
0.003999999999999999
-0.024
-0.006999999999999999
-0.027000000000000003
0.029999999999999995
0.012
-0.02
-0.008
-0.014000000000000002
-0.018999999999999996
0.008
-0.007
-0.007999999999999997
0.023999999999999997
0.014
0.02
0.0039999999999999975
-0.007000000000000002
-0.025000000000000005
-0.002
-0.001999999999999999
0.003
0.001
-0.003
0.001
-0.011000000000000001
-0.004
-0.016
0.006
-0.04
-0.009000000000000001
-0.019
-0.001999999999999999
0.004
-0.002
-0.004999999999999999
0.0
-0.026
-0.006
0.012
-0.003000000000000001
9.999999999999983E-4
-0.021
0.005
-0.023999999999999997
-0.002
