0.0
0.008000000000000002
0.010000000000000002
-0.003
0.034
0.010000000000000002
0.014999999999999996
-0.002999999999999999
-0.005000000000000002
-0.031
0.012999999999999994
-0.004000000000000001
0.003999999999999997
-0.003000000000000002
0.006
0.003
-0.007
0.026
0.019999999999999993
-0.015000000000000001
-0.006999999999999999
-0.029000000000000005
0.003999999999999999
0.008999999999999998
0.0030000000000000035
0.02900000000000001
0.015999999999999997
0.003
0.016000000000000007
0.01
0.011
-0.008
-0.011000000000000003
-0.009000000000000001
-0.010000000000000002
0.006000000000000001
-0.01799999999999999
-0.032
0.023999999999999994
0.011
-0.009000000000000003
-0.028999999999999995
-0.003000000000000002
-0.04000000000000001
-0.007999999999999997
-0.057
-0.030999999999999993
-0.03599999999999999
-0.019000000000000003
-0.016000000000000018
-0.014000000000000002
0.003000000000000001
-0.0010000000000000018
-0.013000000000000005
-0.0010000000000000018
0.010999999999999996
-0.002999999999999999
0.005000000000000004
-0.07200000000000001
-0.08100000000000002
-0.06999999999999998
-0.003999999999999997
-0.008
-0.004999999999999998
0.005000000000000001
-0.006000000000000003
-0.019999999999999997
-0.002000000000000001
-0.001
0.003
-0.007000000000000003
0.018
-0.042
0.02
0.021
0.02600000000000001
0.026999999999999993
0.006
-0.011000000000000003
0.008
-0.021
0.022000000000000002
0.021
0.013999999999999995
0.0
-0.02
0.027
0.0050000000000000044
-0.011
0.01900000000000002
0.022999999999999993
0.027000000000000003
-0.014
-0.031000000000000014
0.027999999999999997
0.027
-0.036
-0.045000000000000005
0.008000000000000002
0.016
-0.006
-0.006000000000000001
0.020999999999999994
0.016
0.020999999999999998
0.005
-0.007000000000000002
0.032
0.02999999999999999
0.026000000000000002
-0.020999999999999994
-0.006999999999999997
-0.012999999999999994
-0.044000000000000004
-0.01799999999999999
-0.022000000000000006
0.008
0.018
0.008
-0.005000000000000001
0.004
-0.012
0.044000000000000004
0.018000000000000002
-0.022000000000000002
-2.6020852139652106E-18
0.011999999999999997
0.014000000000000009
0.016
-0.010000000000000002
-0.038000000000000006
-0.0010000000000000009
0.009000000000000001
-0.016000000000000004
-0.023
0.01200000000000001
-0.006000000000000001
-0.008000000000000002
0.018000000000000002
-0.019
-0.012
0.023
-0.011000000000000006
-0.035
-0.008
-0.007
0.027000000000000003
0.03599999999999999
0.024
-0.013999999999999992
-0.009999999999999998
-5.204170427930421E-18
-0.04499999999999999
-0.005999999999999998
0.031
0.022999999999999996
-0.002999999999999999
0.015000000000000003
-0.011000000000000001
-0.021
-0.015000000000000001
0.014000000000000002
0.011000000000000003
-0.04100000000000001
-0.02700000000000001
-0.018999999999999996
0.001999999999999999
0.008
0.0019999999999999966
