0.002
-0.01
-0.015
-0.009000000000000001
-0.005999999999999996
-0.036000000000000004
-0.032999999999999995
0.015000000000000003
0.041
0.019999999999999997
0.021
0.040999999999999995
-0.024999999999999994
0.0029999999999999983
0.016
0.029000000000000005
-0.012
0.025000000000000005
0.035999999999999976
0.017000000000000008
-0.032999999999999995
-0.018999999999999996
-0.004
0.06699999999999999
0.034999999999999996
0.013999999999999992
0.02500000000000001
0.006
-0.007999999999999997
0.011
-0.009000000000000005
8.673617379884035E-18
-0.034
0.006000000000000002
-0.03699999999999999
-0.012000000000000004
0.0010000000000000009
-0.02200000000000001
0.015
0.022000000000000002
0.013999999999999999
-0.011000000000000006
0.051999999999999984
0.005000000000000001
-0.0030000000000000027
-0.033999999999999996
-0.013999999999999995
-0.026000000000000016
-0.04999999999999999
-0.02000000000000001
-0.003000000000000006
0.002
-0.012
-8.673617379884035E-19
0.008
-0.012000000000000004
0.013999999999999992
-0.02300000000000001
-0.05300000000000001
-0.09800000000000003
-0.08299999999999999
0.018000000000000002
0.023000000000000007
0.010000000000000002
0.006999999999999994
0.009000000000000005
0.013999999999999997
-0.060000000000000005
0.025000000000000005
0.015999999999999993
-0.004999999999999999
0.014999999999999998
9.999999999999983E-4
0.033999999999999996
-0.006000000000000005
0.021
0.04499999999999999
0.01700000000000001
0.023000000000000007
-0.01800000000000001
-0.024999999999999994
-0.004
0.022000000000000002
0.052000000000000005
-0.022
-0.015000000000000005
0.00899999999999999
-0.026999999999999986
-0.018999999999999996
0.05
0.006
0.007999999999999997
0.013
-9.999999999999966E-4
0.025999999999999995
0.036000000000000004
-0.04099999999999998
-0.039999999999999994
-0.06
0.04800000000000001
-0.05100000000000002
-0.014000000000000002
0.024
-0.008000000000000004
0.0049999999999999975
-0.005000000000000001
-0.05800000000000003
0.0020000000000000026
0.07200000000000001
0.054000000000000006
-0.025000000000000005
0.008
-0.00900000000000001
0.0019999999999999983
0.025999999999999992
-0.007000000000000004
0.004000000000000008
-0.0020000000000000018
0.007
-0.032
-0.011
0.0030000000000000027
0.048999999999999974
0.013000000000000001
-0.044999999999999984
-0.051
-0.005000000000000004
0.03699999999999999
-0.019000000000000006
0.009000000000000005
-0.0020000000000000018
-0.009000000000000005
-0.007000000000000001
-0.004999999999999995
-0.014000000000000004
0.006000000000000001
0.022000000000000002
0.018
0.005999999999999997
0.07500000000000001
-0.008000000000000002
0.005
-0.003000000000000002
0.008999999999999994
0.008
0.014
0.0010000000000000044
0.033000000000000015
0.036000000000000004
-0.035
-0.05899999999999999
-0.012
-0.09199999999999997
-0.019000000000000013
-0.003000000000000002
0.017000000000000005
0.018999999999999996
0.007000000000000003
0.015000000000000008
-0.04599999999999999
-0.021000000000000008
-0.029999999999999995
-0.04199999999999998
-0.06799999999999999
-0.06100000000000003
-0.016
0.015999999999999993
-0.012000000000000007
-0.021
