0.01900000000000001
-0.22299999999999975
-0.20499999999999988
-0.20599999999999932
0.35500000000000026
-0.15199999999999947
0.33100000000000046
0.034999999999999906
0.5680000000000004
0.5390000000000004
-0.09100000000000004
-0.20899999999999952
-0.33399999999999974
0.1550000000000002
0.3040000000000005
0.06800000000000009
-0.23499999999999927
-0.11400000000000012
-0.494
0.15299999999999822
-0.035999999999999685
0.6180000000000002
-0.22299999999999992
0.03799999999999963
0.1750000000000007
-0.16800000000000012
0.10800000000000004
0.1690000000000004
-0.3179999999999999
-0.3580000000000002
-0.20999999999999908
0.05700000000000005
0.18900000000000033
-0.059000000000000066
0.2970000000000003
-0.1039999999999998
-0.19499999999999984
0.15000000000000024
-0.20399999999999968
-0.21999999999999936
-0.7320000000000002
0.3050000000000008
0.24200000000000016
