-0.001
-0.022999999999999996
-0.040999999999999995
-0.026
-0.057
-0.03100000000000001
-0.014000000000000002
0.010999999999999996
-0.05199999999999998
-0.036000000000000004
-0.031000000000000007
-0.013000000000000003
-0.019999999999999993
-0.030000000000000002
-0.015000000000000001
0.0029999999999999983
0.006000000000000005
0.006000000000000007
0.023999999999999987
0.026000000000000002
0.024000000000000014
1.734723475976807E-18
-0.016
0.019000000000000003
0.028000000000000008
0.019999999999999987
-0.009000000000000001
-0.021
0.003999999999999999
0.028
0.021999999999999995
-0.036999999999999984
-0.003999999999999998
-0.001
-0.017
-0.04199999999999999
-0.023000000000000017
-0.0010000000000000035
0.030999999999999996
-0.019000000000000003
-0.025
-0.047
0.041
-0.028999999999999988
-0.03399999999999999
-0.024
-0.018000000000000006
-0.019999999999999987
-0.0010000000000000052
3.469446951953614E-18
-0.013000000000000005
0.025
0.011000000000000001
-0.030999999999999986
0.026999999999999993
0.011
-0.018999999999999996
-0.027999999999999997
-0.062
-0.05000000000000002
-0.046000000000000006
0.001
0.013999999999999992
-0.022
-0.008000000000000007
0.034
-0.002999999999999999
0.032999999999999995
0.021000000000000005
0.05099999999999999
-0.031999999999999994
-0.046
0.0030000000000000027
0.038
0.045
0.029
0.044000000000000004
0.026000000000000006
0.008000000000000002
0.017
-0.0010000000000000018
-0.012
0.055999999999999994
0.03799999999999998
-0.0029999999999999975
-0.038
6.938893903907228E-18
-0.012
0.028999999999999988
0.062000000000000034
-0.016
0.021999999999999992
0.007999999999999998
0.004999999999999997
0.01
0.03999999999999998
-0.06899999999999999
-0.06299999999999999
-0.01799999999999999
-0.03699999999999999
-0.046999999999999986
-0.032
-0.011999999999999999
-0.008999999999999994
0.0010000000000000009
-0.006
-0.059
-0.003999999999999993
0.013000000000000001
0.038999999999999986
-0.013000000000000006
-0.0019999999999999966
0.004000000000000007
-0.019000000000000003
0.034000000000000016
0.024999999999999998
-0.0010000000000000026
0.004999999999999998
-0.03100000000000001
-0.020000000000000004
0.010999999999999996
0.009999999999999993
0.032999999999999995
0.001
-0.027999999999999997
-0.047
-0.006999999999999999
0.03900000000000001
0.020000000000000004
0.012
0.008
-0.013999999999999999
-9.999999999999983E-4
-0.01699999999999999
0.021000000000000005
0.02100000000000001
-0.0020000000000000018
0.024999999999999994
0.004000000000000003
0.028999999999999998
-0.0010000000000000009
-0.022000000000000013
-0.032
0.004
-0.020000000000000004
0.009000000000000001
0.010000000000000004
0.036
-0.017
-0.0020000000000000026
0.003000000000000001
-0.011
-0.054999999999999986
-0.013000000000000001
0.019999999999999993
0.023
0.020999999999999994
0.003999999999999999
0.015999999999999997
-0.04699999999999999
-0.013999999999999999
0.027000000000000003
-0.019
-0.024999999999999998
-0.039999999999999994
0.005000000000000001
0.003
-0.011999999999999999
-0.014000000000000002
