0.003
-0.010000000000000005
-0.04300000000000003
-0.06200000000000001
-0.006000000000000002
-0.04699999999999999
0.020999999999999984
0.03599999999999997
0.04599999999999999
-0.017999999999999995
0.06499999999999997
-0.008999999999999998
-0.026999999999999996
-0.093
-0.004000000000000002
0.004000000000000002
-0.03599999999999998
0.028999999999999995
0.047000000000000014
0.05499999999999998
0.03099999999999999
0.022000000000000013
-0.039999999999999994
-0.005000000000000007
-0.016
0.04300000000000001
0.028000000000000008
0.013000000000000001
-0.038
-0.009000000000000001
0.038000000000000006
0.04299999999999999
-0.06199999999999996
-0.04200000000000004
-0.024
-0.02300000000000001
-0.003999999999999997
0.020000000000000004
0.02099999999999998
0.004000000000000002
-0.015000000000000003
0.012000000000000004
0.04999999999999999
-0.03600000000000001
-0.01100000000000001
-0.04999999999999998
-0.004999999999999992
0.019999999999999993
-0.04099999999999999
-0.037000000000000005
0.008000000000000002
0.04100000000000003
3.469446951953614E-18
0.012
0.059999999999999984
0.022000000000000023
0.013999999999999995
-0.011999999999999986
-0.06799999999999998
-0.097
-0.11000000000000001
-0.006
0.02500000000000001
0.0020000000000000044
0.019000000000000003
-0.004999999999999995
-0.007
0.004999999999999998
0.03200000000000003
-0.0029999999999999983
0.03300000000000002
0.052000000000000005
-0.03499999999999998
0.017
0.05600000000000002
0.06600000000000002
-0.001999999999999993
0.03399999999999999
-0.014999999999999989
-0.008999999999999996
-0.039000000000000014
-0.0020000000000000035
-0.02599999999999999
0.05000000000000006
-0.002999999999999999
-0.001
0.036000000000000004
-0.019000000000000017
-0.04899999999999998
0.025000000000000005
0.019000000000000003
0.001
0.021000000000000005
0.011
0.008999999999999994
0.030000000000000016
-0.08799999999999998
-0.07800000000000001
-0.010000000000000014
0.07499999999999998
-0.09400000000000003
-0.015999999999999993
0.066
0.05799999999999999
0.008000000000000007
0.001
0.021000000000000005
-0.0010000000000000087
0.020999999999999998
0.041999999999999996
-0.015000000000000003
-0.020000000000000004
-0.005999999999999998
-0.017999999999999978
-0.051
-0.03300000000000001
-0.014000000000000002
-0.025999999999999992
0.04500000000000001
-0.06499999999999997
-0.04000000000000001
-0.057999999999999975
-0.004000000000000015
-0.0020000000000000018
-0.072
-0.03999999999999998
-0.026
0.05699999999999999
0.040999999999999995
-0.033000000000000015
-0.07500000000000001
-0.015000000000000003
-0.011000000000000005
0.022000000000000002
-0.024000000000000007
-0.056999999999999974
0.04199999999999996
0.008999999999999998
-0.014000000000000002
0.04300000000000001
0.06900000000000002
-0.016999999999999994
-0.06099999999999996
-0.047000000000000014
0.03099999999999999
0.0
0.04299999999999999
0.03399999999999999
0.016
4.336808689942018E-18
-0.03900000000000001
-0.006000000000000004
-0.12800000000000006
-0.016999999999999998
-0.011999999999999997
0.026000000000000016
0.04300000000000001
-0.024000000000000004
-0.011999999999999993
0.011
-0.058999999999999976
0.021000000000000005
0.010999999999999998
-0.05300000000000002
-0.066
-0.004000000000000006
0.061
-0.02500000000000001
-0.049
