-0.022000000000000013
-1.5289999999999861
-0.2339999999999996
-0.28499999999999714
0.9859999999999979
-0.37799999999999845
-0.25600000000000767
1.6360000000000103
-0.7250000000000003
1.1620000000000072
0.33900000000000385
-1.2300000000000382
-1.1360000000000194
-0.33499999999999164
-0.7829999999999989
1.1130000000000093
0.592000000000001
-0.25999999999999784
-0.8210000000000001
1.2140000000000006
0.36699999999999944
1.4380000000000213
-1.8540000000000203
0.7070000000000038
-0.08299999999999735
-0.23099999999999898
-0.0720000000000015
-0.359000000000004
0.3639999999999994
1.5289999999999557
-0.8199999999999995
-0.5629999999999986
0.3310000000000085
-0.5079999999999988
1.294999999999986
-1.9580000000000441
-1.0609999999999982
0.7710000000000009
-1.1289999999999873
1.2019999999999946
-1.408999999999983
0.022000000000001407
0.6620000000000024
