0.0
-0.009999999999999995
-0.001999999999999999
-0.0010000000000000018
-0.008999999999999994
-0.005000000000000001
-0.023000000000000003
0.011
0.017000000000000008
-0.016
-0.014000000000000005
-0.021
-0.0049999999999999975
0.006000000000000002
0.011
0.016
-0.010000000000000002
-0.003999999999999998
0.022000000000000002
0.006999999999999996
0.0030000000000000035
-0.01799999999999999
0.015999999999999997
0.028999999999999988
-0.002
0.04500000000000001
-0.018999999999999996
-0.003000000000000002
0.011999999999999997
0.022
0.003999999999999997
-0.056999999999999974
0.010000000000000004
-0.007000000000000005
0.009999999999999995
-0.026
-0.003999999999999998
0.016
0.028000000000000008
0.029999999999999995
-0.0019999999999999983
-0.032999999999999995
0.02300000000000002
-0.017
-0.001999999999999982
-0.011000000000000003
2.6020852139652106E-18
-0.05100000000000002
-0.033
0.001999999999999995
-0.04599999999999997
0.032
0.01600000000000001
0.034999999999999996
0.007
-0.016000000000000007
-0.024000000000000004
-0.004000000000000004
-0.075
-0.11300000000000002
-0.09400000000000003
0.021000000000000008
0.015000000000000003
-0.021
-0.025999999999999992
-0.011000000000000003
-0.013999999999999997
-0.008999999999999994
-0.04699999999999999
0.015
0.026999999999999996
-0.009000000000000006
-0.06899999999999998
0.064
0.05500000000000002
0.023999999999999997
-0.005000000000000012
0.024999999999999988
0.027999999999999997
-0.018000000000000002
0.0030000000000000044
-0.013000000000000008
0.06500000000000002
0.064
-0.02200000000000001
-0.032
0.025000000000000005
-0.006000000000000001
-0.009999999999999995
0.019000000000000006
0.014000000000000002
0.010000000000000002
-0.026000000000000016
-9.999999999999957E-4
0.029
0.06900000000000003
-0.027000000000000003
-0.047
-0.024
-0.008
-0.05000000000000001
-0.05200000000000002
0.04299999999999998
0.059000000000000004
0.023000000000000003
0.015000000000000003
-0.03899999999999997
-0.002
0.058000000000000024
0.07600000000000004
0.001999999999999995
0.002000000000000006
-0.0040000000000000036
-0.020000000000000004
0.021000000000000008
-0.003999999999999998
-0.002999999999999999
0.004
-0.022000000000000006
-0.054
-0.030999999999999996
-0.046
0.031000000000000003
0.014000000000000009
-0.009000000000000001
-0.043000000000000003
0.011999999999999995
0.049999999999999996
0.018
-0.04600000000000001
-0.018000000000000002
0.003
-0.030000000000000006
-0.015
8.673617379884035E-19
0.056
0.045
0.03800000000000002
0.05700000000000002
0.02899999999999999
-0.006000000000000005
0.018999999999999993
-0.009000000000000008
-0.005
0.029
-0.001
-0.029000000000000005
0.021000000000000005
0.014000000000000002
-0.045999999999999985
0.0030000000000000027
0.04299999999999999
-0.02199999999999999
0.009999999999999992
0.017999999999999988
-0.01800000000000001
-0.001
-0.01400000000000001
-0.006
-0.06799999999999999
-0.024000000000000004
0.0049999999999999975
-0.02699999999999998
-0.019999999999999997
-0.012000000000000004
-0.03499999999999998
-0.0020000000000000035
0.0010000000000000026
-0.03999999999999997
