0.007
-0.007999999999999997
-0.001
0.009999999999999998
-0.02500000000000001
-0.046000000000000006
0.04
0.04299999999999996
0.02099999999999998
0.003000000000000002
-0.01800000000000001
-0.015
-0.02300000000000001
-0.03399999999999999
-0.0059999999999999975
0.018999999999999996
-6.938893903907228E-18
-0.013000000000000005
-6.938893903907228E-18
-0.012000000000000002
-0.023999999999999997
-0.0010000000000000009
0.00899999999999998
0.008999999999999994
-0.02
0.049000000000000016
0.025
-0.0010000000000000052
-0.03599999999999999
-0.022999999999999993
0.053000000000000005
-0.027000000000000017
-0.011000000000000006
0.0029999999999999914
9.999999999999974E-4
-0.011000000000000006
-0.015000000000000003
-0.001999999999999994
0.02800000000000003
0.039
-0.03699999999999996
-0.023999999999999987
0.032999999999999995
0.012999999999999994
-0.05499999999999999
-0.048000000000000015
0.013999999999999993
0.004000000000000003
0.006000000000000003
-0.015999999999999966
-0.09300000000000003
0.0040000000000000036
0.06199999999999996
0.005
0.02699999999999999
0.08700000000000004
-0.014000000000000007
-0.04599999999999999
-0.07900000000000001
-0.12100000000000005
-0.09800000000000002
0.007000000000000004
0.07400000000000002
-0.04899999999999996
-0.0029999999999999983
0.03700000000000002
-0.0010000000000000035
-0.06299999999999997
-0.018999999999999993
0.04199999999999999
-0.003999999999999999
0.04099999999999999
-0.05499999999999998
0.07500000000000002
0.07599999999999998
0.05000000000000001
0.010000000000000009
0.02700000000000001
0.011
0.014000000000000002
0.022
0.02400000000000002
0.03499999999999999
0.052000000000000025
-0.018999999999999996
-0.028999999999999995
0.010999999999999985
-0.012999999999999992
-0.0010000000000000044
0.008000000000000007
0.02499999999999999
-0.016999999999999994
0.0030000000000000053
-0.02400000000000001
0.012000000000000002
0.04500000000000004
-0.08100000000000002
-0.08800000000000002
-0.03900000000000002
0.001999999999999993
-0.06199999999999996
-0.01900000000000001
0.0049999999999999975
0.0
0.027000000000000017
0.005999999999999994
-0.021
-0.006000000000000012
0.06900000000000003
0.04300000000000006
-0.046
0.011999999999999993
-0.007000000000000003
-0.002000000000000001
0.02799999999999998
-0.02999999999999999
-0.02400000000000001
0.014
0.007999999999999997
-0.065
-0.041999999999999996
-0.013000000000000001
0.057000000000000065
0.016
-0.03599999999999998
-0.04000000000000004
-0.02600000000000001
0.10100000000000005
0.013999999999999999
-0.026999999999999975
-0.003999999999999998
-0.015
-0.003000000000000001
-0.067
-0.049999999999999975
0.054000000000000034
0.004999999999999993
-0.020000000000000004
0.056999999999999995
0.025000000000000026
-0.014000000000000004
-0.043
0.024
0.072
-0.03199999999999999
-0.003999999999999994
0.023000000000000003
0.023000000000000013
0.04399999999999999
-0.032
-0.048000000000000015
-0.018000000000000016
-0.12000000000000002
0.044
-0.02800000000000002
0.05300000000000003
0.05200000000000002
-0.03700000000000002
-0.013999999999999995
-0.041999999999999996
-0.028000000000000008
0.024
0.010000000000000002
-0.027999999999999994
-0.0030000000000000035
-0.027000000000000003
0.015000000000000001
-0.029
-0.050999999999999955
