0.003
0.004
-0.009999999999999998
0.007000000000000001
0.001
-0.003
-0.008000000000000002
-0.005
0.002
-0.002
-0.002
-0.007000000000000001
-0.008
-0.002
-0.008
0.003
0.006
0.004
-0.002
0.002
-0.002
-0.001
0.01
-0.003
0.004
0.013999999999999999
0.013000000000000001
0.008
0.004
0.010000000000000002
-0.003
-0.001
-0.005
-0.001
-0.009000000000000001
0.001
-0.004
0.002
0.008
0.004
-0.014000000000000004
0.009000000000000001
0.006
0.012
0.013000000000000001
0.011
0.004
0.006
0.007
0.004000000000000001
0.009
-0.003
-0.003
0.005
0.003
-0.020000000000000004
-0.010000000000000002
-0.007
-0.001
0.0
-0.004
0.0
0.004
-0.003
-0.004
-0.006
-0.004
0.004
-0.003
-0.002
-0.001
0.001
-0.009000000000000001
-0.003
0.0
-0.001
-0.005
-0.009000000000000001
0.002
-0.004
-0.006
0.004
0.003
0.006
-0.002
0.007000000000000001
0.005
0.009000000000000003
0.005
-0.010000000000000002
0.008
0.001
-0.004
-0.001
-0.002
-0.003
0.004
0.006
0.005000000000000001
-0.01
0.0
-0.003
0.003
-0.008
-0.0030000000000000035
0.002
0.005
0.015
0.005
0.008
-0.002
-0.009
0.005
0.003000000000000001
0.004999999999999999
-0.005
-0.005
-0.008
-0.001
0.0
0.007
-0.004
0.0
0.0
0.006
0.001
-0.004
-0.001
0.001
-0.005
-0.009
-0.012000000000000002
0.009000000000000001
-0.004
-0.001
0.007
0.006
-0.017
-0.01
-0.005000000000000001
-0.009999999999999998
-0.011000000000000001
-0.007
0.004
-0.001
-0.002
-0.005
0.011000000000000003
0.001
0.008000000000000002
0.006
0.004
0.007
0.009000000000000001
0.006
0.007
0.001
0.004
-0.008
0.005000000000000001
0.004
0.002
-0.009000000000000001
0.005
0.003
0.004
-0.014000000000000002
-0.002
-0.007000000000000001
-0.010000000000000002
-0.008
-0.012
-0.012000000000000004
-0.010999999999999996
-0.002
0.004
-0.0029999999999999975
-0.002
0.008
-0.002
0.01
0.009000000000000001
-0.002
0.007
0.011
0.006
0.005
-0.003
0.003
0.002
-0.001
0.007
0.004
0.018000000000000002
0.012
-0.006
-0.022000000000000006
-0.011000000000000003
-0.011000000000000003
-0.002
-0.008
-0.009000000000000001
0.003
0.003
0.0
-8.673617379884035E-19
-0.006
-0.019000000000000003
-0.011999999999999997
0.005
0.007
0.006
0.002
-0.001
0.0
0.008999999999999998
-0.006
0.003
0.003
0.002
-0.005
0.002
-0.001
0.009000000000000003
0.005
-0.002
0.003
-0.005
-0.017
-0.012000000000000004
-0.006000000000000001
-0.004
0.008000000000000002
0.007
0.001
0.003
0.012000000000000002
-0.003
-0.006000000000000001
-0.005
-0.005
0.003
0.002
0.004
0.003000000000000001
-0.001
0.013999999999999999
0.004
0.001
0.002
-0.001
0.001
-0.001
-0.005
0.011999999999999997
0.015
0.001
-0.009000000000000001
-0.002
0.003
-0.002
-0.007
-0.006
-0.001
-0.002
0.0
-0.005
0.001
0.007
-0.001
-0.008999999999999998
-0.007999999999999997
-0.0020000000000000018
-0.007
0.009000000000000003
0.003000000000000001
-0.001
0.006
-0.002
0.003
-0.003
-0.001
-0.01
-0.001
-0.006
0.01
-0.009000000000000001
-0.002000000000000001
0.004
-0.001
-0.009000000000000001
-0.024000000000000007
-0.006
-0.007000000000000001
0.001
-0.012
-0.011000000000000003
-0.009000000000000001
-0.004
0.004
-0.001
0.012
0.011000000000000003
-0.009000000000000001
-0.004
0.012000000000000004
0.016
-0.012
0.001
0.008999999999999998
0.002
0.003
0.005000000000000001
0.0
0.013000000000000001
0.014
0.013000000000000001
0.002
-0.007
-9.999999999999992E-4
0.006
-0.013000000000000005
-0.014000000000000002
-0.002
-0.007
-0.016
-0.012000000000000002
-0.008
-0.003
-0.002
-0.012
-0.013000000000000001
0.004
0.0
-0.009999999999999998
-0.005
0.002
0.004
0.008000000000000002
0.008
0.002
0.002
0.0
-0.001
-0.006
-0.001
-0.009000000000000001
-0.003000000000000001
-0.011000000000000001
-0.009000000000000001
-0.006
-0.013000000000000001
-0.023000000000000007
-0.014000000000000002
-0.018000000000000002
-0.020000000000000004
-0.024
-0.014000000000000002
-0.016
-0.021000000000000005
-0.019000000000000003
0.004
-0.005
-0.003
-0.006
-0.005
-0.013999999999999999
0.007
0.006999999999999999
-0.003
0.0039999999999999975
-0.005
0.004
0.001
-0.006
0.001
0.002
-0.002
0.005
0.004000000000000001
0.001
0.016999999999999998
0.003
-0.003
-0.001
-0.007
-0.013999999999999999
-0.016000000000000007
-0.015
-0.014000000000000002
-0.013000000000000008
0.010000000000000002
0.0
0.011
0.015
0.017000000000000008
0.009999999999999998
-0.001
0.001
0.010000000000000002
-0.003
-0.006
-0.005
-0.001
0.001
0.003
0.0
-0.008
-0.002
0.012
0.0
0.004
0.019000000000000003
0.004
-0.001
-0.002
0.007
0.007
-0.01
-0.009000000000000001
-0.003
0.001
0.009
-0.006
0.001
0.007
0.008999999999999998
0.009000000000000001
-0.015999999999999997
-8.673617379884035E-19
-0.001
0.003
-0.002
0.008
0.0
0.0
-0.001
-0.004
-0.009000000000000001
-0.013000000000000001
0.006
-0.008
0.002
-0.003
-0.006
0.012
0.022
0.013000000000000005
0.012
-0.002
-0.003
-0.001
0.0
-0.004
0.002
0.016
-0.003
-0.001
0.012000000000000002
0.002
0.001
-0.007
0.003
-0.007
0.0
0.004
-0.001
-0.008
-0.013999999999999997
-0.011000000000000001
-0.007
0.002
-0.010000000000000002
0.006
0.0
-0.003
0.003
0.010999999999999998
0.007
-0.005000000000000001
0.004
-0.002
0.016
0.014
0.016000000000000007
0.016000000000000004
0.0
-0.008000000000000002
0.012
0.008
-0.001
0.002
0.002
0.004
-0.001
0.008
-0.003
0.0
-0.003
-0.002
-0.008
-0.008
0.009000000000000001
0.003
0.0020000000000000035
0.008
-0.002
0.009
0.022000000000000002
-0.01
-0.009999999999999997
0.002
-0.005
0.014
0.010000000000000002
-0.007
-0.005
-0.003
-0.007
0.005000000000000005
0.002
0.001
-0.01
0.004000000000000001
0.003
0.003
-0.002
-0.001
0.001
0.001
-0.001
-0.009000000000000001
0.006
0.008
0.004
0.001
0.018000000000000006
-0.005
-0.008
-0.005
-0.002
-0.003
-0.010000000000000002
-0.002
0.024000000000000007
0.008000000000000007
0.005
0.005
-0.003
-0.003
0.014000000000000002
0.009000000000000001
0.009000000000000003
0.005
-0.009000000000000001
0.012000000000000004
0.005000000000000002
-0.005
-0.004
0.001
-0.005
-0.006
-0.002
-0.005
-0.007
0.001
-0.004
0.003
-0.011999999999999992
-0.012000000000000002
-0.019000000000000003
-0.020000000000000004
-0.004
-0.022
-0.004
0.012
-0.001
0.008
-0.011
-0.03500000000000002
0.007000000000000001
0.005
0.0
0.001
0.012000000000000004
0.004
0.014000000000000009
0.0
-0.003
-0.002
0.002
0.006
-0.008
-0.007
0.001
0.001
0.012000000000000004
0.0
0.006
0.001
-0.018000000000000002
-0.016000000000000004
-0.006
-0.009999999999999998
-0.006
-0.005
-0.006999999999999999
-0.003
-0.003
-0.012000000000000002
-0.005
0.004
0.006
-0.002
0.007
-0.001
0.003
0.009000000000000001
0.006
-0.006
0.005
0.002
0.001
0.0
-0.002
-0.003
0.008
0.006999999999999997
0.009000000000000001
0.001
0.004
-0.007999999999999997
-0.010000000000000002
-0.013000000000000001
-0.002
-0.002000000000000001
0.007
0.018000000000000002
0.006
-0.006
-0.003
-0.012
0.0
0.004
0.006
0.004
-0.006
0.003
-0.003
0.004000000000000001
-0.003
0.001
0.0
0.002
-0.006
-0.006
-0.003
-0.002
0.017
0.018000000000000013
-0.006
0.003
-0.009999999999999998
-0.010000000000000002
-0.015000000000000003
0.005
0.002
-0.001
-0.001
-0.004
0.001
0.002
-0.007000000000000001
-0.001
0.009000000000000005
-0.007
-0.003
0.004
-0.002
0.006
0.001
-0.004
0.002
-0.001
-0.008
-0.010000000000000002
-0.013
-0.013999999999999999
0.0
-0.006
0.015000000000000005
0.015000000000000006
-0.002
0.007
-0.004
-0.004
-0.002
0.003
0.003
-0.009000000000000001
0.004
0.012999999999999998
-0.002
-0.011
0.009000000000000001
-0.001
0.001
0.0
0.0
-0.006
-9.999999999999992E-4
0.001
0.001
0.001
0.0
-0.001
-0.004
0.002
-0.011
0.006
0.005000000000000001
-0.005
0.027000000000000017
0.001
0.0
-0.008
-0.020000000000000004
-0.005
0.0
-0.014000000000000002
-0.011000000000000001
0.002
-0.010999999999999996
0.0
0.001
0.006
-0.016
-0.004
-0.006
-0.007
0.003
0.0
-0.005
-0.001
0.0
0.002
-0.005
-0.013999999999999999
-0.004
-0.003
0.001
0.002
-0.009000000000000001
0.007
0.004
-0.005
0.0
-0.017
-0.017
-0.009000000000000001
-0.009000000000000001
-0.009000000000000001
-0.001
-0.005000000000000001
-0.007
0.011000000000000001
0.009000000000000001
0.012000000000000004
0.004
0.001
0.005
-0.009000000000000001
-0.017
0.002
-0.002
-0.002
0.001
0.002
-0.010000000000000002
0.005999999999999997
-0.006
-0.007000000000000001
-0.008
-0.013999999999999999
-0.006
0.008
-0.002
0.001999999999999999
-0.005000000000000002
0.008999999999999998
-0.006
0.001
0.003
-0.011
-0.001
-0.001
0.010000000000000002
0.007000000000000001
-0.002
-0.01
-0.004000000000000001
0.009999999999999998
0.003
-0.010000000000000002
0.0
-0.014
-0.007
-0.002
-0.007
-0.003
-0.003
-0.01
-0.003
0.003
-0.009000000000000001
0.012
0.005
0.005
0.006000000000000002
0.007
0.002
-0.001
0.006
-0.008999999999999998
0.0
-0.021000000000000005
0.01
0.014000000000000002
0.015000000000000003
-0.001
-0.011
-0.011000000000000001
-0.004
-0.016
-0.010000000000000002
-0.012000000000000004
-0.015000000000000001
-0.007
0.003
-0.003
-0.012
0.001
-0.006
0.003
0.004
0.002
0.003
0.012999999999999998
0.008999999999999998
0.005
-0.008
0.001
-0.001
0.01
0.004
0.009000000000000003
0.002
0.011
-0.004
0.0
0.009000000000000001
0.010000000000000005
0.009999999999999998
0.002
-0.010000000000000002
0.004
-0.007
-0.001
0.0
-0.006
-0.010000000000000002
-0.010000000000000002
0.0
0.003
0.005
0.011
0.0
-0.009000000000000005
0.003
0.0
0.005
-0.001
-0.003
0.004
0.007000000000000001
0.020000000000000004
0.016
0.009999999999999997
0.014
0.004
0.0
0.005
0.004
-0.014
0.001
0.001
0.006999999999999997
0.0010000000000000009
-0.010000000000000002
-0.003
-0.003
-0.001
0.001
0.0
-0.005
0.002
0.011000000000000001
0.003
-0.001
0.008000000000000002
0.010000000000000002
0.014000000000000009
0.004
-0.005
-0.009999999999999998
-0.004000000000000001
-0.006
0.007
-0.015000000000000006
-0.011000000000000001
-0.005
-0.009000000000000001
0.013999999999999999
-0.012000000000000002
-0.011
-0.003
-0.005000000000000001
0.001
0.009000000000000001
-0.014000000000000002
-0.002
0.0
0.005
0.001
0.004
0.003
-0.008000000000000002
0.009000000000000001
-0.003000000000000001
-0.009000000000000001
0.01900000000000001
-0.006
-0.010000000000000002
-0.01
0.004999999999999997
-0.001
0.013000000000000001
0.009000000000000001
0.002
-0.003
-0.018000000000000002
-0.007000000000000001
-0.017
0.01
-0.014
0.008
0.003
0.008999999999999998
-0.004
-0.001
-0.006
-0.001
0.0
0.005
0.017000000000000005
-0.002
0.005
0.003
0.008000000000000005
-0.003
0.002000000000000001
0.014000000000000002
0.005
0.001
-0.008
-0.01
-0.007000000000000001
-0.008
-0.012000000000000002
-0.001
-0.004
-0.005
-0.020000000000000004
-0.003
-0.009000000000000001
-0.004
-0.009000000000000001
-0.007
-0.006
-0.003
0.001
0.001
0.001
0.0
0.006
0.0
-0.009000000000000001
0.005
-0.006
0.005
-0.005000000000000002
-0.0010000000000000009
0.005
0.003
-0.005
-0.002
-0.005
-0.012000000000000004
-0.011000000000000003
-0.010000000000000002
0.006
-0.009000000000000001
-0.004000000000000002
-0.005
0.004
0.005
-0.007
-0.005
-0.011
-0.003000000000000001
-0.002
-0.006
-0.007
-0.005
0.0
-0.003
-0.010000000000000002
0.003
-0.004
0.002
0.002
-0.003
-0.004
-0.002
0.009000000000000001
0.001
-0.006
-0.005
-0.004
-0.007
-0.005
0.003
-0.004
0.001
0.006
0.004
-0.004
-0.010000000000000002
-0.008
-0.004
0.0
