0.002
-0.019999999999999997
0.019000000000000003
-0.037
-0.06699999999999998
-0.003999999999999999
0.020999999999999994
0.03699999999999999
0.023000000000000017
-0.05399999999999993
0.052000000000000005
-0.01400000000000002
-0.03299999999999998
-0.038000000000000006
-0.009
0.025000000000000015
-0.009999999999999998
-0.006999999999999994
0.026000000000000027
0.08700000000000005
-0.059000000000000004
-0.028999999999999984
-0.02400000000000001
0.035
-0.004999999999999997
-0.007000000000000019
0.024000000000000007
0.0040000000000000036
0.013999999999999974
-0.04700000000000005
0.035999999999999976
-0.057
-0.020000000000000007
0.034
0.009999999999999995
0.002999999999999988
-0.014000000000000009
0.016000000000000004
0.07600000000000005
-0.025999999999999992
-0.009
-0.04099999999999998
0.09700000000000003
-0.011999999999999993
-0.008999999999999998
0.003999999999999993
0.006999999999999994
-0.015000000000000006
-0.028999999999999988
-0.006000000000000003
-0.004000000000000002
0.020000000000000028
0.059000000000000025
-0.008
0.03700000000000002
0.02600000000000003
-0.026000000000000002
-0.011000000000000005
-0.06799999999999998
-0.18700000000000006
-0.06399999999999999
-0.008000000000000021
0.04499999999999995
-0.04099999999999994
-0.012
0.028000000000000018
-0.07800000000000001
-0.03800000000000001
-0.028999999999999974
-0.0070000000000000045
-0.007999999999999985
0.05099999999999999
-0.11200000000000002
0.022999999999999996
0.11800000000000002
0.08700000000000004
0.03
-0.0019999999999999966
0.045000000000000005
-0.05000000000000001
-0.0040000000000000105
0.012000000000000002
0.06399999999999997
0.014999999999999987
-0.04699999999999998
0.0010000000000000295
-0.019999999999999993
-0.0019999999999999974
-0.02799999999999999
0.07500000000000004
0.001999999999999999
-0.006999999999999997
-0.034999999999999996
0.003999999999999999
0.0020000000000000052
0.07100000000000004
-0.12100000000000002
-0.05500000000000005
-0.08000000000000002
0.05600000000000003
-0.081
-0.04300000000000001
0.07400000000000001
0.008000000000000004
0.02599999999999999
0.009000000000000011
-0.06599999999999996
0.019999999999999987
0.07999999999999999
0.04400000000000001
-0.05199999999999999
0.07700000000000004
-0.0050000000000000175
-0.015000000000000005
-0.02999999999999998
-0.011000000000000003
0.014999999999999994
-0.021
0.013999999999999992
-0.07400000000000001
-0.03699999999999999
-0.022000000000000006
0.06900000000000006
0.013999999999999992
-0.08799999999999997
-0.07400000000000001
0.013999999999999988
0.033999999999999996
-0.03400000000000003
-0.046999999999999965
-0.021000000000000008
0.03600000000000002
0.04200000000000001
-0.002999999999999994
-0.005999999999999979
-0.030000000000000016
0.066
0.015000000000000008
0.02500000000000002
0.0780000000000001
0.020999999999999998
-0.017000000000000015
-0.03199999999999999
0.002
0.04400000000000001
0.04300000000000001
-0.0019999999999999983
-0.009000000000000005
-0.035
-0.041
-0.05799999999999999
0.03500000000000001
-0.07400000000000001
0.057999999999999996
-0.011000000000000006
0.02200000000000002
0.04200000000000004
0.03600000000000002
-0.009000000000000001
-0.06699999999999999
-0.006000000000000016
0.014999999999999993
-0.029999999999999975
-0.07299999999999995
-0.02699999999999996
-0.04999999999999993
0.040000000000000084
0.040000000000000015
-0.003999999999999993
