10.411999999999669
-0.3840000000000141
0.006999999999732355
0.04599999999950814
0.6020000000000006
-0.3729999999997857
-0.0719999999998511
0.36100000000000154
-0.009000000000221539
-0.03800000000021618
-0.19899999999865464
-0.20199999999981627
-0.34299999999999803
0.14300000000322788
-0.23399999999768573
0.2280000000022317
0.0629999999998177
0.03499999999954927
-0.5830000000000002
0.4430000000000466
-0.31799999999999795
0.015000000000005856
0.15100000000220598
0.13300000000066392
0.09700000000275967
-0.24500000000194003
-0.031000000002843614
0.18799999999839473
0.214000000000734
-0.13099999999715412
-0.2679999999989683
-0.11800000000127593
0.13100000000067885
-0.04900000000003911
0.4300000000000007
-0.6690000000000002
0.20400000000047597
-0.028999999999950843
0.12100000000008024
0.29400000000009474
-0.8739999999996413
-0.004000000000618403
-0.16099999999809408
