0.0
0.0010000000000000018
0.04899999999999999
-0.05300000000000005
-0.02800000000000001
-0.008000000000000014
0.03099999999999999
0.032999999999999995
-0.016999999999999994
-0.022000000000000013
0.04200000000000003
-0.021
-0.014999999999999996
0.006000000000000012
-0.016
0.013999999999999999
-0.0029999999999999844
0.022000000000000006
0.01999999999999999
0.08000000000000002
-0.007999999999999991
0.023
0.02200000000000006
-0.05399999999999997
0.03499999999999999
-0.020000000000000007
-0.04099999999999999
-0.012000000000000018
-0.003000000000000006
0.032000000000000015
0.028000000000000018
-0.016000000000000056
-0.07800000000000001
-0.018999999999999993
0.03999999999999994
-0.05899999999999991
-0.021999999999999992
-0.02999999999999997
0.014000000000000002
-0.038000000000000034
-0.027999999999999973
-0.039999999999999994
0.04899999999999999
-0.030999999999999996
0.012000000000000009
-0.08000000000000002
0.03999999999999999
0.016000000000000028
-0.04700000000000002
-0.003
-0.13399999999999998
0.01899999999999999
0.018000000000000026
0.02199999999999998
0.07999999999999999
-0.005000000000000005
0.009999999999999992
-0.015000000000000001
-0.17500000000000007
-0.23400000000000012
-0.11800000000000005
0.011999999999999986
0.012999999999999996
-0.04799999999999996
-0.012000000000000012
0.017999999999999985
-0.031000000000000003
-0.022000000000000013
-0.06400000000000003
0.0029999999999999524
0.11800000000000008
0.05499999999999997
-0.031000000000000003
-0.05200000000000002
0.067
0.03100000000000005
0.05500000000000001
0.03599999999999999
0.004000000000000019
-0.034000000000000016
-0.0010000000000000026
0.027999999999999997
0.06799999999999998
0.03999999999999998
-0.030999999999999986
0.013999999999999997
0.05299999999999997
-0.023
-0.061000000000000006
0.10100000000000009
0.031000000000000028
0.06700000000000005
-0.026000000000000002
0.056
0.009999999999999983
0.050000000000000086
-0.12600000000000003
-0.08399999999999996
-0.062000000000000006
0.02999999999999999
-0.040999999999999974
-0.07799999999999993
0.04399999999999997
0.06599999999999998
0.068
0.009000000000000001
-0.09300000000000003
0.04099999999999998
0.07200000000000004
0.06500000000000002
-0.0030000000000000044
0.033
0.03700000000000005
-0.02199999999999999
-0.02700000000000002
0.06399999999999996
-0.01600000000000002
0.048000000000000015
0.06300000000000001
-0.061
-0.06899999999999999
-0.05499999999999999
0.015000000000000006
0.07200000000000001
-0.045
-0.09900000000000006
0.013999999999999986
0.049000000000000016
-0.001999999999999999
-0.07300000000000004
-0.07100000000000004
-0.04999999999999993
-0.004000000000000001
-0.003999999999999981
0.023000000000000027
0.03500000000000006
0.02099999999999998
-0.011000000000000001
0.019999999999999983
0.06800000000000002
0.011000000000000006
-0.030000000000000006
-0.044
-0.03200000000000001
0.045
-0.02399999999999999
0.0070000000000000106
0.021
-0.043
-0.015999999999999993
-0.04699999999999998
0.022000000000000002
-0.07799999999999996
0.05199999999999998
0.03099999999999998
0.03800000000000004
-0.022
-0.008999999999999984
-0.019999999999999987
-0.02600000000000001
0.004000000000000002
0.09900000000000005
-0.013999999999999981
-0.04299999999999998
-0.061000000000000006
-0.050999999999999976
0.03200000000000001
-0.084
-0.022999999999999965
