0.3870000000000003
0.1500000000000101
-0.28999999999999915
0.24100000000004262
0.054000000000008166
0.0720000000000231
-0.03599999999999431
-0.10999999999999657
0.14100000000004625
0.03499999999998761
-0.08800000000000797
-0.17599999999989122
-0.10300000000001903
-0.025000000000013976
0.0559999999999764
0.005000000000004747
0.029999999999986034
0.05699999999998848
-0.4019999999999996
0.12599999999998707
-0.008999999999982147
0.20900000000007374
-0.17299999999998844
0.1200000000000216
0.04000000000000074
-0.02899999999999574
-0.1510000000000149
-0.12599999999998196
0.05399999999999453
-0.12299999999997797
-0.05200000000000073
0.026999999999988936
0.14900000000006988
-0.05699999999999976
0.28900000000002646
-0.202000000000026
-0.12399999999996754
-0.08600000000000478
-0.12700000000000322
0.10500000000011117
-0.437
-0.041000000000000286
-0.07499999999999804
