-0.005
-0.05
-8.673617379884035E-19
-0.023000000000000013
-0.051000000000000004
-0.04699999999999998
0.03400000000000002
0.07499999999999998
-0.008000000000000018
-0.017000000000000005
0.05600000000000002
0.015999999999999993
-0.03999999999999999
-0.05900000000000004
-0.045
0.012000000000000002
0.016999999999999987
0.018999999999999996
-0.019
6.938893903907228E-18
-0.023999999999999997
-0.051000000000000004
0.0810000000000001
0.030999999999999986
0.031000000000000007
-0.01899999999999999
0.011999999999999983
-0.035
0.01899999999999999
-0.027999999999999962
0.09600000000000003
-0.02099999999999999
-0.05400000000000005
0.018000000000000002
-0.046000000000000076
-0.037000000000000005
0.01800000000000001
0.04499999999999996
0.038000000000000034
0.013000000000000006
0.027000000000000024
-0.024999999999999988
0.018000000000000044
-0.021000000000000015
-0.006999999999999985
-0.04199999999999995
0.02199999999999997
-0.015999999999999997
-0.08799999999999997
0.003999999999999993
0.019999999999999993
0.024999999999999998
-0.003999999999999971
0.013999999999999992
0.02900000000000001
-0.010999999999999992
0.0069999999999999915
-0.054000000000000006
-0.13700000000000004
-0.05200000000000002
-0.11200000000000004
-0.012000000000000004
0.07599999999999998
-0.028000000000000004
-0.018000000000000002
-0.01799999999999998
-0.011999999999999997
-0.016999999999999998
3.469446951953614E-18
0.031000000000000017
0.08000000000000002
-0.020999999999999984
-0.10900000000000004
-0.01799999999999998
0.11700000000000005
0.05800000000000003
0.06000000000000002
-0.003000000000000007
0.014000000000000002
-0.024999999999999994
-0.025
-0.035999999999999976
0.08199999999999999
0.07
-0.07100000000000001
-0.03800000000000002
0.05099999999999999
-0.024000000000000004
-0.04100000000000001
0.12000000000000005
0.044
0.00800000000000001
-0.003999999999999994
0.0030000000000000044
0.05100000000000006
0.05300000000000002
-0.16300000000000003
-0.10900000000000004
-0.024000000000000028
-0.011999999999999983
-0.04199999999999991
-0.051999999999999984
0.052000000000000005
0.033000000000000015
0.044
-0.02100000000000001
-0.039
-0.013000000000000012
0.12300000000000005
0.08900000000000008
-0.046
0.05099999999999996
-0.04099999999999998
-0.06999999999999998
0.016000000000000007
0.013999999999999995
-0.036000000000000025
-0.018
-0.011
-0.11900000000000005
-0.001999999999999994
-0.034
0.006999999999999983
0.036
-0.10400000000000001
-0.065
-0.017999999999999995
0.043999999999999984
0.04000000000000001
0.011000000000000003
-0.05000000000000002
0.009999999999999995
-0.025
-0.010999999999999998
-0.009999999999999998
0.004000000000000008
0.06499999999999999
0.03699999999999999
0.016000000000000004
0.08400000000000005
0.03600000000000002
-0.07500000000000004
-0.065
0.006
0.006999999999999994
0.05299999999999999
0.004000000000000003
0.04199999999999998
-0.024999999999999998
0.010999999999999992
-0.03400000000000002
9.9999999999998E-4
-0.158
0.09600000000000003
0.035
0.02299999999999999
-0.01499999999999999
-0.014000000000000005
-0.037999999999999985
-0.05599999999999999
-0.01100000000000002
0.05000000000000002
0.0019999999999999896
-0.023999999999999976
-0.03399999999999997
-0.03199999999999999
0.07000000000000005
-0.028000000000000018
-0.03499999999999994
