0.001
-0.001
-0.011000000000000005
0.012000000000000004
0.001
0.005
-0.006999999999999999
0.004
0.005
0.012000000000000004
0.004
0.004
-0.002
-0.005
-0.004
-0.003
0.003
0.004
-0.007
-0.009000000000000001
0.001
-0.003
0.002
0.0
0.0
-0.002
-0.005000000000000001
-0.003
-0.003
0.004
0.005
-0.001
-0.003
-0.001
0.003
-0.006
-0.007
-0.005
-0.002
-0.004
-0.002
0.006
0.005
0.009000000000000001
0.007
0.002
0.005
0.003
-0.001
0.001
0.004999999999999998
-0.007000000000000001
0.001
0.006
-0.004
-0.002
0.002000000000000001
0.005
0.01
0.007
0.003
0.006
0.003
-0.003
-0.006
0.003
0.004
-0.004
0.005
-0.003
-0.004
0.005
-0.007
-0.004
-0.008
-0.011000000000000001
-0.011000000000000001
0.002
0.001
-0.004
0.0
0.001
0.007
0.020000000000000004
0.0
0.002
0.002
-0.002
0.0
0.015000000000000003
0.01
8.673617379884035E-19
-0.006
-0.002
-0.005
-0.002
0.001
-0.001
-0.006000000000000001
-0.006
0.001
0.001
0.006
-0.007
-0.002
0.001
0.001999999999999999
-0.002
-0.004
0.0
-0.007
-0.004
0.006
-0.003
0.015000000000000001
-0.001
0.008
-0.006
0.009000000000000001
0.003
0.010000000000000002
-0.009000000000000001
0.003
0.003
0.003
-0.005
-0.005
0.005
-0.009000000000000001
-0.006999999999999999
-0.009
-0.002
-0.006
0.006
-0.008
0.001
0.006
-0.001
-0.0070000000000000045
-0.005000000000000001
-0.008
-0.003
-0.008
-0.004999999999999998
-0.005
0.0
0.002
0.001
-0.003
0.0
0.0
0.002
-0.003
0.006
0.004
0.003
-0.005
-0.008
-0.002
-0.003
-0.010000000000000002
-0.005000000000000001
0.004
0.01
0.016
0.002
-0.006
0.0
-0.013000000000000001
0.001
-0.006
-0.002
-0.013000000000000001
-0.007
-0.002
-0.007000000000000001
0.008
-0.001
0.005
-0.001
0.012999999999999996
0.007000000000000004
0.003
0.006
0.012000000000000002
0.008000000000000002
0.002
-0.005
-0.006
-0.005
-0.005
-0.003
0.009000000000000001
0.013000000000000001
0.015
0.001
-0.008
-0.008
-0.012000000000000004
-0.001
-0.009000000000000001
-0.003
0.0
-0.007
0.004
-0.004
-0.006
-0.009000000000000001
-0.005
0.002
0.001
0.006999999999999997
0.012999999999999998
0.008
0.003
0.012000000000000004
-0.004
-0.001
-0.002
-0.001
-0.008
-0.012
-0.004
0.01
0.004
0.005
0.001
-0.003
-0.005
0.001
0.003
0.001
0.009000000000000001
0.0
8.673617379884035E-19
0.001
0.0
0.007
0.006
-0.005
-0.001
0.003
-0.002
0.001
0.002
-0.007
0.008
-0.004
0.001
-0.004
-0.008
0.003
-0.002
0.002
0.001
0.015
0.0
0.007999999999999997
-0.008000000000000002
-0.006
0.013999999999999999
0.005999999999999997
0.002999999999999999
0.001
-0.009000000000000001
-0.003
0.002
-0.004
-0.011000000000000001
0.002
0.0
0.002
-0.001
-0.008
0.002
0.005
0.002
-0.006
0.001
0.003
-0.008
-0.003
-0.0010000000000000018
-0.009000000000000001
-0.004000000000000002
0.012
0.003
0.004
0.003
-0.005
-0.010000000000000002
-0.001
-0.007
-0.009000000000000001
-0.005000000000000001
-0.012
-0.012000000000000002
-0.001
-0.003
0.001
-0.003
0.004
-0.001
-0.004
0.002
0.004000000000000001
0.016000000000000004
0.003
-0.012000000000000004
0.006
0.004
-0.007
-0.002
-0.007000000000000002
-0.004
0.002
0.0
-0.002
-0.001
-0.003
-0.006
-0.003
-0.009000000000000001
-0.002
-0.004
-0.007
-0.006
-0.019000000000000003
-0.012000000000000002
-0.007
-0.010000000000000002
-0.003
-0.002
-0.001
-0.005
0.0
-0.001
0.008
0.007
-0.005
0.015
-0.002
-0.002
-0.016
-0.001
-0.004
-0.003
0.011
0.001
0.003
0.008
-0.003
-0.001
-0.018000000000000002
-0.020000000000000004
-0.015
-0.016000000000000004
-0.020999999999999998
-0.017
-0.022000000000000006
-0.009000000000000001
0.0
-0.007000000000000001
0.002
0.002
-0.009999999999999998
-0.015
-0.002
0.001
0.008
-0.001
0.0
-0.002
-0.005
-0.011
-0.004000000000000001
-0.007000000000000002
0.001
0.017000000000000005
-0.001
-0.003000000000000001
0.006000000000000002
0.0
0.003
-0.005
-0.012
-0.019999999999999997
-0.016
-0.013999999999999999
-0.022000000000000013
-0.012000000000000002
-0.003000000000000001
-0.007999999999999997
0.0
-0.002
0.013999999999999999
-0.004
-0.010999999999999996
-0.004
0.001
-0.007
-0.001
0.006000000000000001
-0.001
-0.003
0.003
-0.012
0.003
0.002
0.006
-0.002
0.008
0.007
0.002
0.007
0.0029999999999999983
0.002
0.005
-0.01
-0.024
-0.01
0.007
-0.003
-0.002
0.005
-0.001
0.013000000000000008
0.001
-0.007
0.003
0.001
0.008
0.009000000000000001
0.01
-0.001
-0.003
-0.004
-0.003
-0.002
-0.001
-0.005
0.001
0.014000000000000004
-0.002
0.002
0.004
0.015
0.019000000000000006
0.009000000000000003
-1.734723475976807E-18
-0.002
0.006
0.009000000000000001
-0.005000000000000001
0.013999999999999999
-0.007000000000000001
-0.001
-0.003
0.011000000000000001
-0.006000000000000001
-0.003
-0.008
-0.003
0.001
0.007000000000000001
0.001
-0.007
-0.001
-0.002
0.002
-0.003
0.004
-0.010000000000000002
0.004
0.004
-0.010000000000000002
-0.002
0.013000000000000001
0.006
0.002
-0.008999999999999998
0.006
0.015
0.009000000000000001
0.003
0.012000000000000002
0.010000000000000002
0.009000000000000001
0.011000000000000001
0.008000000000000007
0.004
0.014000000000000002
0.002
0.004999999999999997
0.002
0.012
-0.004
-0.002
-0.001
0.001
-0.015000000000000003
-0.006999999999999999
0.009000000000000001
0.011000000000000006
0.018000000000000002
0.009000000000000003
0.005000000000000001
0.013000000000000003
0.029000000000000005
0.005
-0.005999999999999997
0.002
0.008
0.014000000000000002
0.001
0.011999999999999997
0.0
-0.008
-0.011000000000000006
0.004
0.003
0.01
0.002
-0.001
0.001
0.008
-0.003
-0.002
-0.006
0.007
0.002
-0.002
0.003
0.002
-0.002
0.012999999999999998
0.003
-0.008
0.0
-0.005
-0.002
-0.008
0.0
0.012
0.006
-0.001
-0.001
0.004000000000000001
-0.009000000000000001
-0.005000000000000001
0.008000000000000002
0.010000000000000004
0.015000000000000001
0.007
0.007
0.012000000000000002
-0.003
0.003
-0.004
-0.002
-0.001
-0.004
0.009000000000000001
-0.001
-0.001
0.005
-0.002
0.004000000000000001
-0.005
-0.007
-0.006
-0.015000000000000003
-0.007
-0.013000000000000001
0.0
0.015000000000000003
0.003
0.0
-0.018000000000000002
-0.018000000000000002
-0.002
0.009000000000000001
0.009000000000000001
0.008
0.011000000000000001
0.006
0.010000000000000004
0.006
0.001
-0.003
-0.006
0.001
-0.008
0.001
-0.001
-0.003
0.012
0.007
0.0
-0.006
-0.022000000000000006
-0.015000000000000003
-0.006
-0.0010000000000000018
-0.006
0.008
0.001
0.004
-0.003
-0.017000000000000005
-0.006
-0.007000000000000001
0.005000000000000001
0.004
0.01
0.005
-0.001
0.008000000000000002
0.007
0.011
0.001
-0.004
0.006
-0.005
-0.006
0.001
-0.008999999999999994
0.004
0.015000000000000001
-0.014
-0.011000000000000001
-0.020000000000000004
-0.018000000000000002
-0.017
-0.017
-0.016000000000000007
0.003
-0.001
-0.002
-0.005
-0.015000000000000003
-0.016
-0.015
0.010000000000000002
0.011000000000000006
0.005
-0.004
0.003
-0.01
0.0
0.006000000000000001
0.002
-0.001
-0.004
-0.012
-0.010000000000000002
0.006
0.0
0.001
0.003
0.002
0.003
-0.011000000000000001
-0.002
-0.004
-0.003
0.003
-0.001
0.001
-0.016
-0.002
-0.003
-0.009000000000000001
-0.007
0.004000000000000002
0.002
-0.002
-0.002
-0.005
-0.007
0.0
0.004
0.008
-0.003
0.0
-0.011000000000000001
-0.007000000000000001
-0.018000000000000002
-0.017
-0.006
0.003
0.016
0.009000000000000005
-0.013000000000000001
-0.007
-0.004
-0.005
0.002
-0.001
0.004
0.008
0.005000000000000001
-0.004
-0.007
-0.012000000000000004
0.005000000000000001
0.009000000000000005
-0.010000000000000002
0.009000000000000001
-0.002
-0.002
0.008999999999999998
0.007
0.005
-0.002
0.001
0.0
-0.003
-0.013999999999999999
-0.017
0.0
-0.003000000000000001
0.008
0.009000000000000001
-0.006
0.007000000000000004
-0.011
0.01
-0.001
-0.013
-0.004
-0.005
-0.006
-0.009000000000000001
-0.004
0.013000000000000001
0.011000000000000001
0.009000000000000001
-0.003000000000000002
-0.001
-0.010000000000000005
0.0
0.005
0.008
0.005
-0.003
-0.003
0.002
-0.002
-0.002
-0.014000000000000002
-0.014000000000000002
-0.006
0.0
0.017999999999999995
-0.001
0.003
-0.005
-0.013000000000000003
0.001
0.0
-0.013000000000000001
-0.003
-0.01
-0.006
0.005000000000000004
-0.002
0.021000000000000005
-0.013000000000000003
-0.004
-0.011000000000000003
-0.006
-0.013
-0.003
0.003
0.003
-0.003
0.0
-0.009999999999999998
-0.003999999999999997
-0.008999999999999998
0.002
-0.002
-0.003
0.003
0.011
0.005000000000000002
0.015
-0.007
-0.006999999999999999
-0.009000000000000001
-0.005
-0.007
-0.013000000000000003
-0.005
-0.006
-0.001
0.015
0.008
0.008
0.009000000000000001
-0.01
-0.008
-0.008
-0.002
0.006
-0.001
-0.003
-0.006
0.001
-0.006
0.003
-0.003
0.005
0.012000000000000002
0.010000000000000002
0.017
0.014000000000000005
0.022000000000000006
0.005
-0.01
-0.002
-0.004
-0.003999999999999997
0.006
0.0019999999999999983
0.006
-0.003
0.015000000000000001
0.019000000000000003
0.006
0.0
-0.001
-0.008
-0.007
-0.008
-0.001
0.0
-0.002
-0.002
-0.007
0.003
-0.005
-0.002
0.006
0.009000000000000001
-0.001
0.014000000000000002
0.004
0.007000000000000002
-0.003
0.004
0.014
0.005000000000000001
0.007000000000000001
0.013999999999999999
0.009000000000000001
0.004
0.011
0.013000000000000005
0.021000000000000005
-0.005
0.008
0.0
-0.003
0.001
0.004
0.001
0.001
-0.004
0.008
0.005999999999999997
0.002
-0.008
-0.001
0.005
-0.008
0.008
0.008999999999999998
0.008
0.005000000000000002
0.005
-0.001
0.008
0.008
0.001
0.011999999999999995
-0.010000000000000002
0.006000000000000001
0.004
-0.003
0.003
0.002
-0.004
0.004
0.0
0.006
0.001
0.008
0.003
0.0
-0.002
0.003
-0.002
0.0
0.004
0.005
0.006000000000000001
0.001
0.0
0.002
-0.001
-0.014999999999999994
-0.012
-0.007000000000000002
0.0
-0.0060000000000000045
0.009000000000000001
0.003
-0.008
-0.004
0.0
0.005999999999999998
0.005
0.005
-0.003
-0.004
0.0
-0.005
0.001
0.001
0.0
0.0
-0.002
0.004
0.008
0.006
0.009000000000000001
0.001
-0.003
-0.001
-0.003
-0.015000000000000005
-0.0030000000000000027
-0.002
-0.007
0.003
-0.003
-0.006
-0.015000000000000001
-0.006
0.008
-0.001
0.006
0.0
0.001
0.0
0.011000000000000003
-0.004
-0.001
0.007000000000000001
0.006
0.0
0.005
0.005000000000000001
0.004
0.004
0.002
-0.004
-0.007
-0.005
-0.002
-0.002
-0.009000000000000001
-0.008
-0.009000000000000001
-0.007
-0.011000000000000003
-0.016
-0.006
-0.005
-0.004
-0.005
0.011
-0.005
-0.009000000000000001
-0.011000000000000001
-0.001
-0.004
-0.001
0.004
0.0010000000000000009
0.001
0.0
-0.003
-0.002
-0.004
-0.005
-0.008
0.003
-0.008
-0.004000000000000001
-0.004
-0.002
-0.021000000000000005
-0.011000000000000003
-0.016
-0.014000000000000002
-0.018000000000000002
0.0
0.006
-0.012
-0.007
0.007000000000000001
0.003000000000000001
-0.002
-0.011000000000000001
-0.01
-0.018000000000000002
0.001
-0.008
-0.002
0.005
0.007
0.0
-0.008
-0.006
0.003
-0.010000000000000002
-0.005
0.001
-0.005
-0.004
0.005
0.014000000000000002
-0.001
-0.001
-0.002
0.0
-0.001
-0.003
-0.003
-0.008
0.001
0.009000000000000001
-0.003
-0.008
-0.003
-0.002
-0.001
-0.004
