0.007
-0.010999999999999994
-0.003999999999999988
-0.015999999999999997
-0.08499999999999999
0.032000000000000015
-0.01499999999999996
-0.02100000000000001
0.016999999999999973
-0.07299999999999998
0.08900000000000008
-0.03599999999999999
0.04100000000000002
-0.025999999999999975
-0.023000000000000007
0.048999999999999995
-0.03599999999999999
0.004999999999999987
0.024999999999999994
0.04599999999999995
-0.088
0.05199999999999998
-0.002000000000000014
-0.02600000000000001
0.015999999999999997
0.02400000000000001
0.025000000000000036
-0.004999999999999993
-0.049999999999999975
0.085
0.11000000000000007
-0.14200000000000004
0.03000000000000003
0.04999999999999996
0.005000000000000008
-0.09399999999999994
-0.012000000000000045
-0.01500000000000002
0.09100000000000005
0.0070000000000000106
-0.08099999999999997
-0.07100000000000001
0.09900000000000003
-0.038000000000000006
-0.006999999999999975
-0.07100000000000006
0.05799999999999995
-0.017000000000000005
-0.0739999999999999
0.0030000000000000053
-0.11399999999999982
0.009999999999999992
0.025
-0.038999999999999965
0.06900000000000003
0.013000000000000018
-0.015000000000000017
0.03900000000000001
-0.16600000000000006
-0.11199999999999989
-0.07900000000000004
-0.01600000000000002
0.07000000000000003
-0.0429999999999999
0.04900000000000001
0.04400000000000001
-0.07199999999999994
-0.0010000000000000044
-0.04399999999999992
0.028999999999999988
0.029000000000000033
0.07900000000000004
-0.08699999999999995
0.05800000000000005
0.11900000000000008
0.13900000000000007
0.10300000000000009
0.03000000000000001
-0.004999999999999987
-0.03799999999999997
0.026999999999999993
-0.05800000000000001
0.017999999999999943
-0.05599999999999997
-0.07799999999999994
0.018000000000000002
0.008
-9.999999999999983E-4
-0.05799999999999999
0.02500000000000003
0.08200000000000003
-0.02199999999999998
-0.06999999999999994
-0.017000000000000005
0.07000000000000005
0.03200000000000007
-0.06099999999999997
-0.03599999999999997
-0.027999999999999973
0.023000000000000003
-0.15000000000000005
-0.053999999999999965
0.05099999999999994
0.06900000000000003
0.04999999999999995
0.03099999999999998
0.019999999999999993
0.028000000000000004
0.028000000000000004
0.1650000000000001
-0.08499999999999996
0.078
0.03
-0.006999999999999996
-0.07900000000000001
0.032000000000000035
-0.001000000000000006
0.018000000000000002
-0.0030000000000000174
-0.14600000000000005
-0.03499999999999997
-0.10300000000000004
0.05600000000000008
0.062
-0.14000000000000004
-0.03400000000000002
0.006000000000000028
0.12900000000000006
-0.026000000000000002
-0.09499999999999999
-0.015999999999999993
-0.0040000000000000105
-0.036
0.018000000000000016
-0.020999999999999963
-0.005999999999999986
0.054000000000000034
0.00399999999999999
0.02599999999999998
0.039999999999999994
-0.00399999999999999
-0.03599999999999998
-0.095
-0.03699999999999999
0.004999999999999993
0.02700000000000001
0.019000000000000006
0.018000000000000016
-0.02999999999999999
-0.015000000000000006
4.336808689942018E-18
0.053999999999999986
-0.2020000000000001
0.023999999999999962
-0.013000000000000015
0.03500000000000004
0.09500000000000008
0.046000000000000055
-0.015999999999999986
0.006000000000000002
0.03499999999999998
0.062
-0.02099999999999999
-0.083
0.028999999999999995
-0.093
0.05700000000000004
-0.009000000000000001
-0.052999999999999936
