0.006
-0.004000000000000023
-0.03900000000000001
-0.015000000000000013
-0.03900000000000001
-0.01500000000000001
-0.026999999999999996
0.07800000000000004
0.011000000000000008
-0.008000000000000007
0.05400000000000002
-0.003000000000000008
-0.007999999999999993
-0.07700000000000001
-0.0059999999999999975
0.053
-0.054999999999999986
0.038
-0.004999999999999993
0.053
-0.020000000000000004
0.0069999999999999785
-0.021000000000000026
0.028000000000000004
0.05399999999999999
-0.020999999999999998
0.015000000000000038
-0.04099999999999999
-0.04999999999999998
0.024000000000000025
0.1340000000000001
-0.04900000000000003
-0.07200000000000001
0.007999999999999997
0.008000000000000004
-0.041999999999999885
-0.0019999999999999966
-0.001999999999999986
0.021999999999999995
0.011999999999999993
-0.012999999999999998
-0.059000000000000004
0.044999999999999936
-0.010999999999999996
-0.03600000000000002
-0.10600000000000004
-0.001999999999999993
-0.03499999999999996
-0.060999999999999936
-0.02599999999999992
-0.10700000000000001
0.0010000000000000009
-0.00199999999999998
0.011
0.09000000000000005
0.0890000000000001
-0.07499999999999993
-0.06799999999999999
-0.14100000000000007
-0.14399999999999993
-0.133
-0.06799999999999998
0.040000000000000015
-0.05899999999999996
0.012000000000000004
0.003000000000000021
-0.018000000000000016
-0.039
0.029000000000000012
0.033000000000000015
0.06199999999999998
0.044999999999999984
-0.08000000000000002
0.06699999999999995
0.1500000000000001
0.02900000000000001
0.06300000000000007
0.09000000000000008
-0.030000000000000006
0.016000000000000018
0.00400000000000002
-0.031999999999999966
0.05399999999999992
0.12600000000000006
0.037000000000000005
-0.093
0.04400000000000003
-0.059999999999999956
0.053000000000000005
0.1430000000000001
0.040999999999999995
-0.012999999999999979
-0.0030000000000000105
-0.06600000000000002
0.08000000000000007
0.05100000000000004
-0.135
-0.10099999999999995
0.043999999999999984
0.0059999999999999975
-0.03799999999999996
0.007
0.044999999999999936
0.025000000000000043
0.028
0.006999999999999997
-0.011000000000000024
0.02400000000000002
0.039000000000000035
0.05400000000000006
-0.019000000000000003
-0.022000000000000013
-0.04500000000000004
0.007000000000000005
-0.035999999999999976
0.029999999999999995
-0.03599999999999999
-0.0029999999999999897
0.019999999999999993
-0.14500000000000007
-0.046
-0.04299999999999998
-0.023999999999999997
0.018999999999999972
-0.09800000000000003
-0.11900000000000008
0.005000000000000007
0.03800000000000006
0.08100000000000004
-0.032000000000000056
-0.12600000000000006
0.0029999999999999966
-0.04999999999999997
0.027000000000000017
-0.043999999999999984
0.019999999999999997
0.09400000000000007
9.999999999999913E-4
0.060999999999999915
0.10200000000000004
0.06100000000000006
-0.07399999999999995
-0.03499999999999999
-0.064
0.0070000000000000045
0.012999999999999998
0.03100000000000001
0.06899999999999994
-0.091
9.999999999999957E-4
-0.08299999999999999
-0.001999999999999987
-0.16000000000000003
0.061000000000000006
0.011999999999999988
0.09500000000000003
0.005000000000000009
-0.02100000000000001
0.006999999999999997
-0.008999999999999984
-0.027000000000000024
0.07700000000000015
0.07100000000000005
-0.05999999999999995
-0.08400000000000002
-0.096
0.08300000000000005
-0.035000000000000024
-0.03400000000000003
