1.4889999999999468
-0.04700000000000126
-0.24599999999999095
0.025999999999994843
0.2520000000000154
-0.15799999999997716
0.0309999999999993
0.21400000000001757
0.1179999999999954
0.2160000000000982
-0.23899999999998425
0.0620000000000029
-0.37199999999999966
0.1710000000000203
-0.2139999999999799
0.15299999999995562
0.015999999999989856
0.033999999999983016
-0.3599999999999999
0.2159999999999801
0.028000000000007273
0.22200000000006104
-0.27399999999999886
0.0920000000000134
-0.07999999999999512
-0.15399999999998046
-0.06499999999999963
-0.152999999999957
0.39199999999999996
0.12799999999999995
-0.0380000000000052
0.013999999999988414
-0.10899999999998447
-0.04299999999999955
0.3000000000000007
-0.4979999999999999
-0.225999999999978
0.010999999999998816
-0.003999999999995356
0.20800000000014868
-0.45599999999999974
0.1680000000001201
-0.04900000000000271
