0.005
0.016999999999999998
-0.01699999999999996
-0.035
-0.061
0.005999999999999948
-0.009000000000000018
9.999999999999861E-4
0.03
-0.027999999999999987
0.07000000000000006
-0.010000000000000012
0.0010000000000000044
-0.043000000000000003
-0.027
0.06300000000000001
0.010999999999999996
-0.06199999999999998
0.0020000000000000243
0.044
-0.07000000000000003
0.014999999999999993
0.04600000000000002
-0.004000000000000018
-0.016999999999999973
0.058000000000000135
0.006999999999999985
-0.05599999999999994
-0.024000000000000025
0.058
0.07599999999999993
-0.045000000000000026
-0.07600000000000001
0.039000000000000014
0.020999999999999998
-0.06999999999999995
0.014999999999999993
-0.0030000000000000105
0.06700000000000006
-0.049
-0.043
-0.049
-0.03499999999999999
-0.01900000000000004
0.02700000000000001
-0.07100000000000001
-0.0020000000000000104
-0.05299999999999998
-0.0619999999999999
0.0580000000000001
-0.13899999999999998
-0.007
0.013999999999999999
0.027999999999999997
0.09000000000000005
0.025000000000000015
-0.030000000000000016
-0.07900000000000001
-0.15600000000000003
-0.21100000000000013
-0.12800000000000003
-0.005000000000000004
0.0880000000000001
-0.055999999999999925
-0.006000000000000001
0.024999999999999984
-0.05299999999999996
-0.02200000000000002
-0.04099999999999998
0.03799999999999994
0.07399999999999998
0.018999999999999972
-0.10399999999999995
0.06500000000000002
0.1700000000000001
0.08100000000000007
0.10800000000000004
-0.005000000000000005
0.015000000000000006
-0.034000000000000016
-0.006000000000000006
-0.024999999999999984
0.10200000000000004
0.020999999999999984
-0.028999999999999998
-0.045
0.003999999999999998
-0.044
-0.036000000000000004
0.101
0.042
0.012000000000000007
-0.10800000000000004
-0.021999999999999995
0.039000000000000035
0.10400000000000012
-0.13900000000000004
-0.07900000000000001
-0.07300000000000001
0.07700000000000001
-0.046999999999999986
-0.05599999999999999
0.07100000000000004
0.042000000000000016
0.06300000000000001
0.060999999999999985
-0.005000000000000011
0.040000000000000036
0.07800000000000007
0.069
-0.03299999999999996
-0.026999999999999996
-0.037000000000000005
-0.03600000000000004
-0.05400000000000002
-0.04299999999999998
-0.015999999999999997
0.03199999999999997
-0.01900000000000001
-0.094
-0.08400000000000002
-0.04899999999999998
0.014000000000000033
0.03200000000000003
-0.11000000000000004
-0.04900000000000006
-0.005000000000000029
0.09000000000000005
-0.01799999999999999
9.540979117872439E-18
-0.05700000000000002
0.03900000000000002
-0.04199999999999998
-0.031
-0.02499999999999999
0.06700000000000007
0.07000000000000002
0.059000000000000004
0.07099999999999998
0.05199999999999998
-0.049999999999999975
0.009000000000000001
-0.061999999999999916
0.03799999999999999
0.023
0.069
1.3010426069826053E-17
0.05000000000000003
-0.027000000000000003
-0.044999999999999984
-0.04200000000000001
-0.005999999999999993
-0.14700000000000002
0.042
-0.066
0.024999999999999994
0.01899999999999998
0.005999999999999994
0.012000000000000002
-0.097
0.029999999999999985
0.06300000000000004
0.035000000000000045
-0.044999999999999984
0.006000000000000004
-0.08999999999999998
0.06100000000000005
0.010999999999999972
-0.053
