1.6389999999999303
-0.2409999999999818
-0.004000000000004302
-0.14199999999991625
0.25700000000001005
0.05499999999999804
0.06600000000000614
0.26000000000007756
0.0740000000000289
0.2030000000001441
-0.143999999999958
-0.06400000000001048
-0.3889999999999997
0.33700000000000074
-0.11999999999999493
0.030000000000001557
-0.08900000000000917
0.04799999999997749
-0.6190000000000002
0.3640000000000003
0.09500000000002023
0.03800000000000813
-0.09199999999998956
0.07700000000002546
-0.06299999999999055
-0.13799999999998672
-0.21200000000005598
-0.14600000000000427
0.09499999999999292
-0.0539999999999915
-0.12999999999996434
0.033999999999995006
0.13300000000020848
0.023999999999988024
0.1260000000000518
-0.34899999999999975
0.07600000000001284
0.07200000000000091
-0.10000000000000041
0.18600000000011174
-0.47799999999999987
0.1920000000000751
-3.363628819919029E-15
