-0.004
-0.09700000000000002
-0.029999999999999978
0.027999999999999983
-0.02600000000000005
-0.08399999999999994
-0.052999999999999964
0.06699999999999993
0.022000000000000016
-0.12099999999999994
0.02700000000000005
0.023999999999999987
-0.010999999999999979
-0.03399999999999998
-0.047
0.11600000000000003
-0.12900000000000003
-0.03400000000000003
-0.027999999999999976
0.10100000000000006
-0.06599999999999998
1.734723475976807E-17
0.03200000000000005
0.032
0.06
-0.015000000000000005
-0.07400000000000004
-0.05399999999999999
-0.060000000000000074
0.0049999999999999975
0.06999999999999994
-0.05899999999999994
0.04400000000000001
0.05499999999999998
-0.016000000000000018
-0.14199999999999993
0.028
0.014000000000000002
0.056000000000000105
-0.04299999999999998
-0.10300000000000001
-0.1050000000000001
0.10400000000000004
-0.035
-0.024999999999999967
-0.15600000000000006
0.05700000000000001
0.037999999999999964
-0.025999999999999832
0.09600000000000003
-0.10399999999999995
0.09100000000000003
0.02100000000000002
-0.004000000000000015
0.031000000000000073
0.07200000000000004
-0.044999999999999984
0.01999999999999999
-0.147
-0.3450000000000002
-0.11900000000000005
-0.02800000000000005
0.04200000000000006
-0.10700000000000001
0.04600000000000003
0.09700000000000006
-0.027999999999999945
-0.010000000000000007
0.020999999999999987
3.9898639947466563E-17
0.10400000000000004
0.014000000000000016
-0.07800000000000003
0.06200000000000004
0.1050000000000001
0.0810000000000001
0.10100000000000015
0.024000000000000007
0.1260000000000001
-0.04000000000000001
-0.024000000000000028
-0.09899999999999995
0.06099999999999992
0.10000000000000012
-0.07100000000000004
-0.061999999999999986
0.05799999999999997
-0.05600000000000005
0.03800000000000005
0.04499999999999991
0.04000000000000012
0.023000000000000072
-0.07100000000000001
0.030999999999999958
0.06800000000000006
0.12200000000000011
-0.13500000000000004
-0.18499999999999994
-0.12700000000000003
0.04799999999999996
-0.15700000000000008
-0.016000000000000035
0.095
-0.002000000000000008
0.07200000000000002
-0.020000000000000025
0.05299999999999997
0.012000000000000004
0.027999999999999976
0.1480000000000001
-0.08099999999999996
0.07399999999999995
0.05199999999999999
-0.043000000000000066
0.03199999999999998
0.05500000000000005
-0.033999999999999975
-0.04499999999999997
0.032999999999999995
-0.1430000000000001
-0.013000000000000012
-0.12300000000000005
0.05300000000000014
0.042000000000000044
-0.2050000000000001
-0.10700000000000004
0.09300000000000005
0.039000000000000055
-0.05799999999999994
-0.09599999999999997
-0.05300000000000001
-0.03599999999999996
0.06200000000000005
0.06300000000000003
-0.011000000000000015
0.007000000000000019
0.1710000000000001
0.008999999999999979
0.005000000000000061
0.08200000000000003
-0.04000000000000002
-0.018000000000000016
-0.0649999999999998
0.0060000000000000045
-0.04400000000000001
0.04799999999999999
0.01100000000000003
0.057
-0.026999999999999996
-0.02300000000000002
-0.11900000000000005
0.09300000000000003
-0.18500000000000005
0.10100000000000003
-0.005000000000000003
-0.001999999999999986
0.08500000000000009
-0.03599999999999996
0.011999999999999993
0.013000000000000015
0.12000000000000008
0.07200000000000008
0.06700000000000009
-0.10099999999999999
-0.05000000000000007
0.005000000000000039
-0.02399999999999998
-0.031000000000000017
-0.096
