0.0
-0.08399999999999999
-0.01199999999999998
-0.036000000000000046
-0.10499999999999989
0.03199999999999995
0.030000000000000002
0.07899999999999999
-0.022000000000000013
-0.04899999999999989
0.004000000000000007
0.04400000000000003
0.04899999999999997
-0.05400000000000006
-0.05599999999999996
0.10200000000000004
-0.13700000000000004
0.04200000000000003
-0.06799999999999995
0.14600000000000007
-0.08299999999999999
0.02899999999999999
-0.029000000000000026
-0.009000000000000005
0.1
-0.04400000000000001
0.04900000000000009
-0.02200000000000002
-0.10100000000000003
-0.07500000000000001
0.15700000000000017
-0.06699999999999984
0.03299999999999996
-0.011999999999999993
0.025
-0.11399999999999999
0.02500000000000006
0.06200000000000004
0.03100000000000003
0.010999999999999985
-0.024999999999999988
-0.02699999999999999
0.10800000000000007
-0.06000000000000002
-0.058999999999999976
-0.12700000000000003
-0.05599999999999999
0.13200000000000003
-0.05699999999999984
0.005999999999999994
-0.07999999999999996
0.03500000000000003
-0.005999999999999989
-9.999999999999861E-4
0.1400000000000001
0.03400000000000011
-0.003000000000000021
-0.006999999999999973
-0.16500000000000006
-0.2660000000000001
-0.15200000000000005
-0.039000000000000035
0.05599999999999987
-0.029999999999999884
0.060000000000000026
0.05600000000000001
-0.0019999999999999983
-0.06999999999999998
-0.04699999999999998
0.05000000000000006
0.1430000000000001
0.07400000000000001
-0.05199999999999996
0.018999999999999982
0.08400000000000005
0.057000000000000044
0.10700000000000004
0.06000000000000002
0.06700000000000003
-0.044000000000000004
-0.06100000000000006
-0.06199999999999998
0.09300000000000005
0.05500000000000011
-0.10600000000000004
-0.10900000000000004
0.11100000000000007
-0.005000000000000042
-0.04500000000000013
0.09600000000000014
0.03400000000000001
0.015000000000000034
-0.05599999999999991
-0.001999999999999993
0.06699999999999998
0.13000000000000006
-0.118
-0.11899999999999986
-0.022999999999999996
0.07500000000000008
-0.17000000000000004
-0.054999999999999945
0.09999999999999999
-0.003999999999999992
-0.0019999999999999957
0.010999999999999979
-0.014999999999999993
0.020999999999999987
0.07799999999999999
0.04700000000000007
-0.08799999999999994
0.02999999999999999
0.04600000000000003
-0.014999999999999968
-0.056999999999999995
0.033
-0.07000000000000005
0.04100000000000001
0.015000000000000003
-0.17700000000000005
-0.03399999999999995
-0.13199999999999995
0.07900000000000013
-0.009999999999999995
-0.17000000000000007
-0.11999999999999997
0.07700000000000007
0.13400000000000015
-0.01999999999999999
-0.09799999999999998
-0.13700000000000007
-0.05099999999999998
0.04499999999999999
0.05100000000000003
0.010999999999999979
0.029000000000000043
0.09100000000000015
0.06200000000000003
0.02299999999999998
0.058
0.11400000000000007
-0.04599999999999997
-0.06599999999999995
-0.02999999999999999
-0.02300000000000002
0.047
0.04899999999999993
-0.028000000000000025
-0.03799999999999998
-0.03599999999999977
-0.034000000000000016
0.041000000000000016
-0.23200000000000007
-0.033000000000000064
0.10200000000000001
-0.007999999999999976
0.11100000000000004
-0.0579999999999999
-0.008999999999999982
0.021
-0.005000000000000023
0.05900000000000016
-0.06199999999999996
-0.16000000000000003
0.018
0.05800000000000001
0.005999999999999997
-0.02799999999999996
-0.032000000000000015
