2.1019999999998795
-0.26299999999998563
-0.12600000000000702
0.02199999999998669
0.10500000000002666
0.06900000000001694
-0.08399999999999243
0.20900000000005914
0.020999999999998017
0.12400000000005595
-0.0740000000000005
-0.11599999999998992
-0.18199999999987015
0.12200000000004353
-0.01499999999999728
0.08600000000000095
-0.025000000000000362
-0.04600000000001406
-0.402
0.14900000000008487
-0.14200000000000293
0.22200000000016162
-0.13399999999990203
0.11100000000012024
-0.06699999999999909
-0.15499999999993552
-0.005999999999981208
0.03899999999998478
0.04099999999999867
-0.03199999999999571
-0.0350000000000026
0.06200000000000256
0.14100000000002338
0.025999999999995402
0.31000000000000105
-0.2579999999999998
-0.0059999999999918955
0.12400000000003433
-0.16899999999985726
0.12400000000002227
-0.25700000000000217
0.10600000000006374
-0.02399999999999738
