0.004
-0.018999999999999975
0.032000000000000015
-0.01900000000000001
-0.06799999999999999
-1.6479873021779667E-17
-0.008999999999999968
-0.007000000000000004
-0.009000000000000032
-0.016999999999999987
-0.007999999999999993
-0.02900000000000001
0.045
0.01800000000000002
0.04999999999999998
0.039
-0.006999999999999992
-0.00600000000000003
0.059000000000000004
0.06599999999999998
-0.04000000000000002
-0.029000000000000015
0.024000000000000007
-0.009999999999999998
-0.004999999999999988
0.024000000000000007
-0.02800000000000001
0.017999999999999995
-0.0030000000000000243
-0.043
0.022999999999999996
-0.09900000000000006
-0.017999999999999985
0.07600000000000001
-0.017
-0.07499999999999993
0.003000000000000001
0.06400000000000006
0.024000000000000007
-0.007000000000000007
0.02800000000000001
-0.0020000000000000347
0.012000000000000018
-0.04899999999999998
-0.04300000000000001
-0.07299999999999998
0.062
0.001
-0.059
0.012999999999999986
-0.11499999999999999
0.0019999999999999966
-0.004999999999999999
0.002999999999999993
0.09300000000000003
0.06200000000000007
-0.05100000000000004
-0.033
-0.1340000000000001
-0.17000000000000004
-0.13600000000000007
-0.028000000000000032
0.04600000000000001
-0.05299999999999999
0.024999999999999977
-0.01300000000000002
-0.052000000000000005
-0.08299999999999999
-0.0010000000000000018
0.07299999999999995
0.031000000000000003
0.061000000000000006
-0.09
0.028999999999999995
0.05700000000000006
0.009000000000000011
0.11100000000000013
0.04600000000000002
0.097
-0.024999999999999998
-0.03799999999999999
-0.022999999999999996
0.05600000000000002
0.09000000000000014
-0.057999999999999934
-0.03100000000000004
0.022999999999999996
-0.10499999999999998
-0.020999999999999994
0.06699999999999998
0.010999999999999992
0.039
-0.065
-0.026000000000000034
-0.024000000000000007
0.07800000000000004
-0.09399999999999997
-0.11300000000000004
-0.009999999999999981
0.10800000000000001
-0.13
-0.04999999999999999
0.09700000000000003
0.005
0.08000000000000004
-0.02099999999999999
-0.04199999999999997
0.0020000000000000035
0.12100000000000005
0.07300000000000009
0.01799999999999999
0.008999999999999994
-0.01000000000000001
-0.03599999999999998
0.07200000000000001
-0.036000000000000025
-0.010000000000000007
-0.03700000000000002
0.013000000000000015
-0.05799999999999999
-0.03899999999999997
-0.059000000000000004
0.09300000000000004
0.08600000000000002
-0.08399999999999999
-0.13500000000000006
0.06800000000000003
0.04599999999999996
-0.010000000000000009
-9.999999999999974E-4
-0.06800000000000003
-0.045
-0.05599999999999993
-0.03199999999999999
0.013000000000000008
0.02099999999999999
0.055000000000000035
-0.014999999999999982
0.05199999999999998
0.09600000000000006
-0.003999999999999995
-0.011000000000000046
-0.06599999999999989
-0.007999999999999986
0.030000000000000016
0.03600000000000001
0.06200000000000001
0.04699999999999997
-0.011000000000000005
-0.04800000000000001
-0.069
0.0729999999999999
-0.11100000000000003
0.008000000000000014
-0.003999999999999993
0.07800000000000004
-0.006000000000000009
-0.006999999999999989
-0.016999999999999998
-0.08800000000000001
-0.06599999999999993
0.17300000000000015
-0.004000000000000002
-0.06799999999999995
-0.06199999999999996
-0.04599999999999999
0.03500000000000007
-0.04199999999999996
-0.07499999999999991
