-0.007
-0.082
-0.01600000000000004
0.02499999999999994
-0.13799999999999976
-0.023000000000000013
-0.011999999999999983
0.13300000000000006
-0.0749999999999999
-0.10700000000000001
0.09800000000000014
0.02699999999999999
-0.01000000000000002
-0.1460000000000001
-0.002000000000000013
0.2310000000000001
-0.16900000000000007
0.04999999999999999
0.02600000000000007
0.11000000000000004
-0.11400000000000006
0.009000000000000025
0.037999999999999964
0.036
0.098
-0.07999999999999982
0.023000000000000007
-0.11000000000000007
-0.14900000000000008
-0.030999999999999923
0.128
-0.031000000000000087
0.006999999999999999
-0.0029999999999999654
0.12300000000000005
-0.1099999999999999
0.03400000000000002
0.038000000000000096
0.02800000000000027
0.107
-0.04199999999999985
-0.15300000000000005
0.10800000000000001
-0.0450000000000001
0.014000000000000047
-0.13900000000000007
0.00999999999999993
0.01899999999999994
-0.14099999999999982
0.11700000000000008
-0.1419999999999998
0.057000000000000016
-0.004000000000000014
0.017000000000000008
0.1900000000000001
0.04700000000000005
-0.13200000000000003
-0.06200000000000002
-0.1740000000000001
-0.39200000000000024
-0.139
-0.045000000000000054
-0.026000000000000002
-0.06899999999999998
0.07000000000000019
0.020000000000000025
-0.05299999999999998
-0.084
-0.006999999999999947
0.03799999999999994
0.05000000000000006
0.12600000000000008
-0.20400000000000013
0.08000000000000011
0.11800000000000016
0.06700000000000006
0.20200000000000026
-0.021000000000000022
0.10500000000000012
-0.11300000000000006
0.058999999999999976
-0.01099999999999998
0.1440000000000006
0.04000000000000014
-0.126
-0.06099999999999981
0.15399999999999997
-0.15699999999999995
-0.04100000000000002
0.2060000000000001
0.006999999999999981
-0.05099999999999998
-0.13200000000000003
0.021999999999999974
0.003999999999999959
0.1890000000000001
-0.16900000000000007
-0.15399999999999994
-0.12300000000000005
0.14000000000000012
-0.2180000000000001
0.021999999999999985
0.2110000000000001
0.05900000000000006
0.058
0.05699999999999997
0.04200000000000015
0.026999999999999975
0.11000000000000007
0.14500000000000013
-0.003999999999999973
0.045999999999999965
-0.019999999999999955
-0.006999999999999924
-0.08500000000000002
0.013000000000000015
-0.10500000000000001
-0.01999999999999998
0.02100000000000002
-0.2540000000000001
-0.12300000000000003
-0.13100000000000006
0.033000000000000126
0.08400000000000007
-0.22300000000000011
-0.1440000000000001
0.1030000000000002
0.022000000000000106
0.0020000000000000295
-0.07000000000000013
-0.121
0.023999999999999966
0.018999999999999958
0.057999999999999975
0.003000000000000001
0.05499999999999998
0.13700000000000034
0.07400000000000004
-0.005000000000000051
0.129
0.07000000000000019
-0.029000000000000015
-0.0959999999999998
-0.11500000000000002
0.017000000000000036
0.1700000000000001
0.002000000000000014
0.01599999999999998
-0.05199999999999999
-0.07199999999999994
-0.1800000000000001
0.13200000000000006
-0.31800000000000017
0.1089999999999999
0.029999999999999947
0.031000000000000145
0.06600000000000014
-0.0389999999999998
-0.07500000000000008
-0.10799999999999998
0.05900000000000023
0.15900000000000017
-0.05699999999999985
-0.1620000000000001
-0.0019999999999999653
-0.029999999999999957
0.008000000000000196
-0.029999999999999943
-0.06899999999999992
