4.77799999999993
-0.1899999999973888
-0.03400000000036929
-0.02300000000116256
0.07900000000374911
0.007000000000708332
-0.036999999998718947
0.014999999999456129
0.19000000000432743
0.04400000000133926
-0.02099999999992775
-0.09200000000233463
-0.2199999999885962
-0.002000000000729984
-0.1250000000011092
0.049999999999514114
0.04699999999949663
0.10699999999718704
-0.44500000000000006
0.14600000000456537
0.031000000002539708
0.3190000000000475
-0.3299999999999921
0.026999999996587035
-0.11200000000229322
-0.13099999999805045
-0.1310000000022322
-0.08500000000015384
0.07599999999856086
-0.01899999999953992
0.004000000000198543
0.08999999999957123
0.11499999999961354
0.002000000000042343
0.15100000001052533
-0.35199999999999965
-0.13299999999930354
0.25200000000233097
-0.12800000000081027
0.20500000002386923
-0.35899999999999965
0.02799999999995875
-0.06599999999870206
