0.003
0.003
-0.008
0.006000000000000001
0.003
0.0
0.0029999999999999983
-0.004
-0.006
-0.001
0.003
0.003
8.673617379884035E-19
-0.001
-0.015999999999999997
0.007000000000000001
0.005
0.005
-0.003
-0.013000000000000001
0.008
0.0
0.008000000000000002
-0.002
-0.005
0.006
0.002
0.002
-0.003
0.010000000000000002
-0.005
-0.005
-0.006
-0.003000000000000002
-0.007000000000000001
-0.001
-0.02
-0.009000000000000001
0.001
-0.007
-0.019000000000000003
-0.005
0.004
0.003
0.029999999999999992
0.009
0.007999999999999995
0.004
0.021000000000000005
0.01
0.002000000000000001
-0.02900000000000001
-0.015000000000000003
-0.008
0.004
-0.001
0.001
0.0
0.007
-0.010000000000000002
-0.010000000000000009
0.002000000000000001
0.004
-0.007
-0.006000000000000002
-0.007000000000000001
0.004
0.006000000000000001
0.005
-0.003
-0.013000000000000005
0.009000000000000001
-0.007
0.001
-0.004
0.0
-0.011000000000000003
0.0069999999999999975
0.006999999999999997
0.003
-0.009000000000000001
0.01100000000000001
0.008
0.019000000000000003
-0.001
0.003
0.006
0.018000000000000002
0.005000000000000001
0.017
0.010000000000000002
-0.007000000000000001
-0.01800000000000001
0.001
-0.002
-0.002
-0.002
0.011000000000000003
-9.999999999999992E-4
-0.01
0.003
-0.002
0.010000000000000004
-0.008
-9.999999999999966E-4
0.006000000000000001
-0.005000000000000002
0.008000000000000002
0.011
-0.003000000000000001
0.005
-0.0019999999999999983
0.006000000000000002
0.002
0.002
-0.0010000000000000009
-0.012000000000000002
-0.018999999999999996
0.003
0.010000000000000002
0.017000000000000008
-0.005
-0.006
-0.014000000000000004
0.007
-0.006
-0.006
0.011000000000000001
-0.002000000000000001
-0.004
-0.010000000000000002
0.0
0.001
0.007000000000000001
-0.002000000000000001
0.001999999999999999
0.012
3.469446951953614E-18
0.012
-0.018000000000000002
-0.007
-0.016
-0.015
0.002
-0.003999999999999997
-0.004
0.003000000000000001
0.008
0.0
-0.001
0.005
0.010000000000000002
-0.004
0.003000000000000001
-0.009000000000000005
0.003
0.001
0.005
-0.008000000000000002
-0.008000000000000004
-0.003
0.002
-0.003
-0.008
0.005
-0.001
-0.009000000000000001
-0.009000000000000001
-0.020000000000000004
0.010999999999999998
-0.018000000000000002
-0.008
-0.001
-0.009999999999999995
-0.012000000000000004
-0.008
0.001
-0.013
0.021000000000000005
0.001
-0.002
0.010000000000000002
-0.003000000000000001
-0.003
0.008000000000000004
-0.003
0.002
0.001
0.004
0.003000000000000002
0.003
0.002
0.002
0.017
0.011000000000000005
0.009000000000000005
-0.021000000000000005
-0.007
-0.018000000000000002
-0.008
-0.011000000000000003
-0.01800000000000001
0.008000000000000004
-0.004
0.006
0.016000000000000007
-0.011000000000000003
-0.019000000000000003
0.008
0.015000000000000006
-0.007
0.008000000000000004
0.007
0.003
0.007
-0.007
-0.010000000000000002
0.004
-0.003
0.009000000000000001
-0.009
-0.004
0.001
0.007
0.003
0.019000000000000003
-0.011999999999999999
-0.015000000000000003
-0.017
0.001
0.004
0.001
0.003
8.673617379884035E-19
0.005000000000000001
-0.011000000000000001
0.008
0.004
-0.005
-0.009000000000000005
-0.007999999999999993
0.002999999999999999
0.011000000000000003
0.007000000000000002
0.0
0.004
0.02000000000000001
0.0
0.007
-0.005
-0.003
-0.009000000000000001
-0.007
-1.734723475976807E-18
0.008999999999999998
0.012999999999999998
0.005
-0.006
0.001
-0.009000000000000001
-0.011000000000000001
-0.008
-0.002
-0.013000000000000005
8.673617379884035E-19
-0.002
-0.008
-0.009999999999999997
0.004000000000000001
-0.004
-0.011000000000000003
0.007000000000000005
-0.004
-0.013000000000000005
0.013000000000000001
0.007
-0.002
0.009000000000000001
0.001
0.006
-0.008
-0.013000000000000006
-0.004999999999999999
-0.001
0.0
0.012
0.0030000000000000087
-0.006
0.005999999999999997
-0.008000000000000002
-0.008
-0.001
-0.016
-0.01
0.0070000000000000045
-0.006000000000000001
0.0
-0.014
0.002000000000000001
-0.001
-0.015000000000000006
0.015
0.017
-0.004
-0.001
0.014000000000000005
0.020000000000000004
-0.001
0.008
0.012
0.001
0.003
-0.001
0.003
0.008
0.010000000000000002
-0.005
0.003
-0.009000000000000001
-0.005
0.013999999999999997
-0.009000000000000001
-0.016
-0.024
-0.014
-0.017000000000000005
-0.015000000000000001
-0.005
-0.003
-0.017999999999999995
-0.003
0.001
-0.002
0.004000000000000001
-0.013999999999999997
0.007
0.004
0.002
-0.010999999999999994
-0.002
0.003
-0.003
0.001
-0.008999999999999998
0.004000000000000002
0.011000000000000006
-0.006
-0.003000000000000002
-0.015
0.009999999999999998
-0.002
0.0
-0.022000000000000006
-0.016
-0.031000000000000003
-0.023000000000000007
-0.03600000000000001
-0.02700000000000001
-0.02900000000000001
-0.012
-0.017
0.002999999999999999
-0.0020000000000000035
0.002
-0.016
-0.012000000000000004
-0.011999999999999997
0.003
0.012000000000000007
0.0
0.007999999999999997
-0.004
0.004
0.002
-0.007
0.005
-0.003
0.006000000000000001
0.008
-0.002
0.002
0.017
0.007000000000000001
-0.001999999999999999
-0.006
-0.007
-0.03800000000000002
-0.03200000000000001
-0.031000000000000007
-0.034000000000000016
-0.008
0.006
-0.013000000000000006
0.003
0.026000000000000002
0.02000000000000001
0.006
-0.004
-0.002
0.004
-0.001999999999999999
0.005
0.003000000000000001
0.0
-0.010000000000000002
-0.003999999999999999
-0.018000000000000002
-0.004
0.005
0.007
-0.007999999999999997
0.001
0.02600000000000001
0.002
0.016
0.011000000000000001
-0.009000000000000005
0.006
-0.018000000000000002
-0.010000000000000002
-0.005
0.0010000000000000018
0.01
-0.008
0.0029999999999999983
-0.010999999999999996
0.022000000000000013
0.004
-0.02000000000000001
0.001
0.0
0.003
0.003
0.013000000000000001
0.0
-0.001
-0.011
-0.020000000000000004
-0.013999999999999999
-0.013000000000000001
0.0010000000000000044
-0.017
0.011000000000000001
0.008000000000000004
0.004
0.015000000000000001
0.004
0.011000000000000001
0.021000000000000005
-0.004
-0.006
0.002
0.009000000000000001
-0.010000000000000002
-0.007
0.019999999999999997
0.010000000000000002
-0.003
0.01
0.02600000000000001
0.012000000000000004
-0.004
0.001
0.005
-9.999999999999966E-4
0.005
0.003
-0.013000000000000005
-0.017000000000000005
-0.011
-0.013000000000000001
0.012000000000000009
-0.011999999999999997
0.003
0.012000000000000004
0.004999999999999998
-0.005000000000000002
0.010000000000000005
0.008
-0.008
-9.999999999999992E-4
-0.003999999999999997
0.019000000000000003
0.017999999999999995
0.007000000000000001
0.018000000000000002
0.008
-0.002999999999999999
0.008000000000000009
0.02100000000000001
0.0
0.011000000000000008
-0.012000000000000005
0.0
-0.005
0.009999999999999998
-0.001
-0.001
-0.005
0.004
-0.0040000000000000036
-0.012000000000000004
0.008
-0.002
0.017000000000000008
0.02100000000000001
0.0040000000000000036
0.006
0.03400000000000001
0.002
-0.022999999999999993
-0.013999999999999999
0.004
0.007000000000000002
0.005
-0.008
0.0029999999999999966
0.0
-0.002999999999999993
0.023000000000000013
0.022000000000000013
0.008
-0.009000000000000001
0.009000000000000001
0.005000000000000001
0.009000000000000001
-0.010000000000000002
0.001
-0.002
-0.009000000000000001
0.0
0.006
0.003
0.014000000000000002
0.005
0.002
0.006
0.001
-0.006999999999999997
-0.011000000000000003
0.0
-0.011999999999999995
-9.999999999999974E-4
0.011000000000000003
0.017000000000000008
-0.004
-0.005
-0.010000000000000007
-0.018000000000000002
-0.008
0.011000000000000001
0.024000000000000007
0.0
0.002
0.004
0.0
0.003
-0.006999999999999999
-0.005
-0.003
-0.003000000000000002
-0.018000000000000013
0.003
-0.007
0.006000000000000001
0.005
-0.010000000000000004
0.004
-0.0070000000000000045
-0.020999999999999998
-0.020000000000000004
-0.017999999999999995
-0.005000000000000001
-0.030999999999999996
0.004
0.015000000000000003
0.005
0.013999999999999999
-0.01
-0.03800000000000002
0.008
0.001
0.015
0.012
0.006
0.001
0.004
0.004
0.004
-0.001
0.001
0.0
-0.013000000000000005
0.003
-0.003
0.02200000000000001
0.017000000000000015
0.017
0.017000000000000008
0.009000000000000001
-0.033000000000000015
-0.022000000000000013
-0.003
-0.021000000000000005
-0.015
0.0030000000000000035
-0.004
0.024000000000000007
-0.013000000000000005
-0.023
-0.018000000000000002
0.006
-0.005
0.015
0.004
-0.013
0.012000000000000002
0.013000000000000005
0.012
0.001
0.004
-0.004
0.010000000000000002
0.003
-0.008999999999999998
-0.004999999999999997
0.009
0.012000000000000004
0.023000000000000013
0.007000000000000001
0.010000000000000002
-0.004000000000000001
-0.013000000000000006
-0.017
-0.002
-0.008
0.006
0.015000000000000003
-0.0010000000000000018
-0.011
-0.009000000000000001
-0.017000000000000005
-0.005
0.002000000000000001
0.011999999999999997
-0.007
-0.014999999999999993
0.011000000000000001
-0.007000000000000002
0.013000000000000001
0.001
-0.005
-0.006
0.007000000000000001
-0.0059999999999999975
-0.01
-0.006000000000000001
-0.01
0.011000000000000001
0.017000000000000005
0.017000000000000005
0.014999999999999993
-0.015999999999999993
-0.011999999999999997
-0.016
0.010000000000000004
-0.007999999999999997
-0.020000000000000004
0.011999999999999995
-0.019999999999999993
0.0020000000000000026
-0.023
-0.018000000000000002
-0.004
0.014999999999999998
-0.009000000000000001
-0.002
0.012999999999999998
0.005
0.0010000000000000009
-0.001
0.001
-0.001
-0.005
-0.005
-0.003
-0.021000000000000008
-0.024000000000000007
-0.0020000000000000035
-0.004
0.026000000000000016
0.034000000000000016
0.001
-0.002
-0.016000000000000007
-0.015000000000000003
-0.002
0.003
0.006
-9.999999999999966E-4
-0.002
-0.007
-0.001
-0.016000000000000004
-0.013999999999999995
0.016
0.001
-0.01299999999999999
0.010000000000000005
0.01
-0.009000000000000001
-0.007
0.0010000000000000035
0.001
-0.007
0.003
-0.013
-0.005
-0.013000000000000001
-0.001
0.01
-0.012000000000000004
0.03000000000000001
0.005000000000000004
-0.001
0.002
-0.031000000000000007
0.003
0.009000000000000006
-0.014999999999999998
-0.002999999999999999
0.009000000000000001
-0.009000000000000003
0.0
-0.03
0.02800000000000001
0.012999999999999998
0.009999999999999998
-0.0019999999999999966
0.004000000000000001
-0.011000000000000003
0.002
0.004000000000000008
0.0
0.0
0.001
-0.012
0.004
-0.004000000000000002
-0.011
-0.003
-0.01
-0.004
0.001
0.004000000000000001
0.001
0.010000000000000002
-0.003000000000000002
-0.014000000000000007
0.003
-0.003
-0.024000000000000007
0.006000000000000002
-0.010999999999999992
-0.006999999999999995
0.001
0.006
0.02500000000000001
-0.008000000000000005
-0.005
-0.015999999999999997
-0.011000000000000003
-0.020000000000000004
-0.009000000000000001
-0.014000000000000002
-0.005
-0.001
-0.003
-0.014
-0.0010000000000000009
-0.012
-0.004
-0.011
-0.013999999999999999
0.003
0.022000000000000013
0.012
0.017
-0.033999999999999996
-0.007
-0.010000000000000002
-0.0070000000000000045
0.001
-0.002
0.008999999999999998
0.003
0.0030000000000000035
0.015000000000000001
1.734723475976807E-18
0.001
-0.005
0.013000000000000001
-0.002
-0.007000000000000002
0.007999999999999997
-0.013000000000000001
-0.001
-0.002
0.006
-0.003
0.010000000000000002
-0.005000000000000002
-0.007000000000000001
0.003
-0.001
0.017999999999999988
0.014
0.022000000000000013
0.014000000000000009
0.011000000000000006
-0.008999999999999998
0.002
9.999999999999992E-4
-0.015000000000000003
-0.001
-0.007
0.010000000000000005
0.012000000000000004
0.008
0.010000000000000002
-0.001
-0.021000000000000005
0.008
-0.026000000000000002
0.003
-0.003
-0.016000000000000004
-0.003
0.003
-0.005
-0.004999999999999999
0.020000000000000004
0.013
0.023
0.011
0.0040000000000000036
-0.008
0.006000000000000002
-0.007
0.022000000000000006
-0.021000000000000005
0.003000000000000001
0.006000000000000001
0.003
-0.006000000000000001
0.008999999999999998
0.009000000000000001
0.007
0.002
0.008
0.001
-0.005000000000000001
0.007
-0.011999999999999997
-0.010000000000000002
0.002
0.012
-0.004000000000000001
0.0
0.0
0.027999999999999997
0.013
0.010999999999999996
-0.007999999999999997
-0.002000000000000001
0.004
0.0029999999999999966
-0.008000000000000002
-0.004
0.013
0.016000000000000007
0.0029999999999999983
0.007999999999999997
0.011000000000000001
0.016999999999999998
0.013000000000000005
0.032999999999999995
-0.005
0.003999999999999999
0.0
9.999999999999966E-4
0.006
-0.014
-0.001
-0.009000000000000001
0.002
0.004000000000000001
0.014000000000000002
-0.006
-0.007
0.004
0.006
-0.003
-0.006000000000000001
-0.002
-0.012000000000000007
-0.004
-0.001
-0.011000000000000005
0.001
0.016
0.002
-0.02600000000000001
-0.007
-0.01100000000000001
0.004
-0.008
-0.001
-0.018000000000000002
-0.017
-0.014
0.014000000000000002
0.004000000000000001
0.001
-0.004000000000000001
0.001
0.002
0.009000000000000001
0.032000000000000015
-0.002
0.001
0.0
0.009000000000000001
0.004
0.014999999999999993
0.011999999999999997
-0.002999999999999999
0.018000000000000002
-0.002
-0.007999999999999998
0.005
-0.003
-0.022000000000000006
-0.013999999999999999
-0.007000000000000001
-0.002
0.015999999999999993
0.008999999999999998
-0.005
-0.015000000000000005
-0.012999999999999998
-0.001
-0.006
0.010000000000000002
-0.005000000000000001
0.007000000000000002
0.013000000000000005
0.008
-0.002
0.001
-0.001
-0.01
0.0
0.014000000000000002
0.014000000000000002
-0.004
-0.001
0.005
-0.007999999999999998
0.001
0.0059999999999999975
0.011000000000000003
0.013999999999999999
0.009000000000000005
-0.017
-0.019000000000000003
-0.022000000000000006
-0.007000000000000001
-0.02700000000000001
-0.004000000000000001
0.001
0.005
-0.016999999999999994
0.008999999999999998
0.001
-0.005000000000000002
-0.01399999999999999
0.019000000000000003
-0.003
-0.007
-0.002
-0.005
-0.011000000000000003
0.0
0.002
-0.005
-0.017
-0.009000000000000001
0.006000000000000002
0.011000000000000001
0.006
0.003
0.009000000000000001
0.001
-0.01899999999999999
-0.004000000000000001
-0.002
-0.012999999999999998
-0.027000000000000003
-0.010000000000000002
0.008000000000000002
-0.015000000000000003
-0.006
0.007000000000000001
-0.007000000000000004
0.014000000000000002
-0.01
-0.018000000000000002
-0.022
-0.004000000000000001
-0.011
-0.002
-0.005000000000000001
0.002
0.0
-0.010000000000000004
-0.009999999999999997
-0.004
-0.008999999999999998
-0.008
-0.005999999999999998
0.004
0.0
-0.002
0.014000000000000004
-0.005000000000000001
-0.011
-0.007
-0.001
-0.006
0.001
0.006
-0.002
-0.005
-0.002
0.002
-0.016
-0.021000000000000005
0.001
0.003
0.005
