-0.001
-0.18500000000000008
0.03499999999999994
-0.007000000000000005
0.025000000000000085
-0.07399999999999987
0.032
0.10200000000000009
-0.049999999999999954
-0.07799999999999987
0.03799999999999999
0.012000000000000012
-0.044
-0.05700000000000004
0.027999999999999976
0.14300000000000002
-0.15900000000000006
0.10200000000000009
0.010000000000000012
0.088
-0.09300000000000011
0.0059999999999999915
-0.034999999999999885
-0.006000000000000022
0.062000000000000124
-0.08699999999999988
0.005000000000000003
-0.09300000000000003
-0.07700000000000015
-0.025
0.057
-0.08000000000000002
-0.012999999999999965
0.037
0.11400000000000002
-0.11099999999999983
0.1390000000000001
0.0890000000000001
0.07600000000000037
-0.018999999999999986
-0.061999999999999986
-0.15200000000000008
0.07000000000000006
0.008000000000000073
0.02100000000000005
-0.14100000000000007
0.022999999999999937
0.028999999999999967
-0.1319999999999999
0.04900000000000001
-0.17400000000000002
0.11100000000000007
0.04299999999999963
-8.673617379884035E-19
0.20600000000000013
0.02300000000000006
-0.10400000000000004
0.019000000000000045
-0.167
-0.36200000000000015
-0.1650000000000001
-0.08499999999999994
0.06600000000000006
-0.03799999999999992
0.05499999999999997
0.05800000000000004
-0.09100000000000007
-0.035
0.009999999999999993
0.05699999999999983
0.07200000000000006
0.12300000000000008
-0.167
0.0310000000000001
0.12500000000000006
0.09400000000000003
0.08800000000000037
-0.0010000000000000356
0.06199999999999998
-0.04199999999999999
0.041999999999999996
-0.08399999999999991
0.1500000000000004
-0.06699999999999996
-0.153
0.002000000000000025
0.07800000000000004
-0.06599999999999998
-0.08399999999999991
0.1790000000000003
0.05200000000000002
0.01700000000000003
-0.09200000000000003
-0.01199999999999993
0.029000000000000012
0.07500000000000012
-0.11299999999999999
-0.18000000000000002
-0.04699999999999997
0.10600000000000032
-0.19600000000000012
0.03199999999999999
0.135
0.07200000000000006
0.023000000000000007
0.006999999999999999
-0.02599999999999994
0.08700000000000016
0.05099999999999992
0.13300000000000017
-3.469446951953614E-17
-0.010000000000000004
-0.02700000000000003
0.037999999999999944
-0.14000000000000007
0.03000000000000005
-0.12800000000000006
0.009000000000000008
-0.015
-0.15300000000000008
-0.10400000000000004
-0.09700000000000003
0.05500000000000012
0.11300000000000004
-0.2280000000000001
-0.10800000000000007
0.09000000000000008
0.09200000000000003
-0.011000000000000051
-0.028999999999999998
-0.10900000000000015
-0.004000000000000024
0.023000000000000048
0.01300000000000005
0.03100000000000001
0.02300000000000004
0.14800000000000027
0.1480000000000001
-0.03600000000000003
0.11400000000000005
0.06900000000000006
-0.02500000000000001
-0.11899999999999986
-0.04899999999999999
0.02299999999999995
0.061
0.02800000000000004
0.06100000000000003
-0.12300000000000003
-0.08799999999999991
-0.13400000000000004
0.12300000000000005
-0.26900000000000013
0.064
0.005999999999999955
0.02000000000000008
0.11400000000000013
-0.012000000000000018
-0.023000000000000045
-0.057999999999999885
0.09000000000000014
0.16800000000000015
0.024000000000000073
-0.20500000000000007
-0.031999999999999994
-0.016999999999999835
0.02
-0.009999999999999985
-0.07799999999999987
