-0.017000000000000008
-0.06399999999999997
-0.005999999999999999
-0.015000000000000027
-0.09099999999999993
-0.0030000000000000382
0.010000000000000031
0.08700000000000026
-0.09199999999999994
-0.10799999999999996
0.15000000000000008
-0.05199999999999993
0.007000000000000026
-0.03699999999999998
-0.040000000000000036
0.1470000000000001
-0.16100000000000012
0.07400000000000012
0.06800000000000009
0.10200000000000004
-0.07000000000000015
0.029999999999999957
0.044999999999999964
0.0190000000000001
0.018000000000000044
-0.07399999999999987
-0.06599999999999992
-0.099
-0.06200000000000013
-0.065
0.12800000000000025
-0.07000000000000006
0.013000000000000032
0.061999999999999986
0.08400000000000005
-0.08499999999999988
0.06200000000000011
0.03499999999999999
0.018000000000000148
0.010999999999999965
-0.10999999999999996
-0.15500000000000008
0.08499999999999996
-0.025
-0.009000000000000003
-0.1720000000000001
0.09500000000000008
0.041999999999999996
-0.1349999999999999
0.11200000000000007
-0.14199999999999996
0.12900000000000028
0.05299999999999996
0.04800000000000003
0.28600000000000014
0.08000000000000004
-0.13700000000000004
0.0020000000000000373
-0.1990000000000001
-0.3650000000000002
-0.10700000000000001
-0.05899999999999999
0.00500000000000008
-0.05099999999999975
0.09700000000000036
0.07200000000000006
-0.056000000000000036
-0.05799999999999986
-0.01
0.04099999999999989
0.10100000000000006
0.10200000000000004
-0.18700000000000008
-0.009999999999999964
0.16900000000000012
0.06700000000000009
0.15500000000000033
-0.01800000000000005
0.08300000000000006
-0.03800000000000005
0.05400000000000001
-0.11299999999999975
0.07599999999999996
1.0408340855860843E-17
-0.15600000000000006
-0.03199999999999999
0.11200000000000004
-0.09800000000000006
0.0019999999999999827
0.15800000000000008
0.08600000000000008
-0.09600000000000004
-0.13400000000000006
0.020999999999999977
0.032000000000000035
0.16300000000000012
-0.15900000000000006
-0.15999999999999998
-0.04199999999999999
0.09900000000000009
-0.20199999999999996
-0.06799999999999984
0.1990000000000001
0.04800000000000012
0.10199999999999997
-0.03700000000000002
-0.04599999999999987
0.07300000000000012
0.14600000000000013
0.09200000000000008
-0.12200000000000003
0.04099999999999987
0.09499999999999997
-0.05300000000000001
-0.06600000000000006
-0.013000000000000015
-0.15000000000000002
0.03600000000000006
0.012999999999999977
-0.2500000000000002
-0.06200000000000003
-0.15900000000000003
0.012000000000000049
0.06500000000000003
-0.2410000000000002
-0.118
0.09000000000000005
0.11600000000000008
-0.08200000000000002
-0.05099999999999999
-0.11100000000000002
0.016000000000000018
0.029999999999999975
0.02900000000000004
0.04899999999999994
-0.04999999999999994
0.1850000000000002
4.163336342344337E-17
0.016999999999999973
0.07999999999999996
0.020000000000000004
-0.041999999999999975
-0.09599999999999978
-0.05799999999999995
-0.032000000000000035
0.06699999999999992
0.04700000000000001
0.05499999999999996
-0.05999999999999998
-0.08499999999999977
-0.08800000000000005
0.09999999999999998
-0.2750000000000002
0.06900000000000006
0.023999999999999945
0.018000000000000044
0.15200000000000016
0.05200000000000002
0.002000000000000014
-0.1049999999999999
0.0770000000000001
0.14000000000000018
0.03600000000000002
-0.18000000000000005
0.015
-0.027999999999999935
0.03300000000000021
-0.03799999999999992
-0.04699999999999976
