0.7350000000000005
-0.17599999999996752
-0.13900000000001395
-0.13400000000002685
0.12300000000013683
-0.04199999999999413
-0.01899999999999069
0.17900000000014796
-0.024000000000000556
0.17200000000012508
-0.11099999999998063
-0.12499999999999761
-0.31399999999998673
0.16400000000007964
-0.062000000000005495
0.16200000000006343
0.07400000000000094
-0.006000000000020388
-0.4710000000000002
0.19199999999995992
-0.029999999999984935
0.2409999999999937
-0.18399999999992334
-0.035000000000019967
-0.06799999999999953
-0.053000000000000144
-0.025000000000004234
-0.14300000000005159
0.09700000000000268
-0.08400000000000565
-0.006999999999996707
0.012999999999988424
0.09700000000006379
-0.012999999999990648
0.12800000000012354
-0.28500000000000597
-0.07200000000000806
0.052000000000005306
-0.0560000000000098
0.10900000000018426
-0.32099999999999973
0.07100000000006748
-0.10299999999997987
